SIR MODEL PARAMETERS
beta : 22.5
gamma : 0.25
x0 : [0.75 0.25 0.  ]
num_hosts : 50
NUIV MODEL PARAMETERS
beta : [2.9233256e-03 8.3861325e-04 6.0065831e-05 1.2305402e-04 1.5800123e-04
 4.4368924e-05 2.0942228e-02 7.3591410e-04 3.9842760e-04 5.6732833e-02
 1.3923140e-04 6.4813794e-04 1.2477394e-03 8.9211517e-07 2.1553724e-05
 2.3698085e-03 4.5019356e-04 3.5700887e-02 7.5942785e-10 7.3631126e-03
 3.1900575e-07 3.0806686e-03 3.3310477e-03 4.9507450e-03 7.2227704e-04
 6.3138083e-05 1.3761973e-03 6.7373708e-02 1.1601655e-01 2.2179843e-03
 2.8850228e-04 2.9305087e-07 5.6495729e-08 1.6301743e-07 2.5997957e-04
 5.4765623e-03 8.2345115e-04 8.0979393e-05 3.0320512e-05 1.5979332e-03
 4.1987860e-05 2.0290697e-07 1.2612472e-04 3.7605936e-05 3.3651601e-04
 3.9469087e-05 1.4632763e-05 4.2701963e-02 4.4578555e-04 1.8563810e-04]
delta : [0.9199226  1.0440269  0.5194523  1.1954694  1.0383842  1.3826486
 1.4865574  1.3451569  1.1828727  1.1645708  0.85321516 1.1655238
 1.2121471  1.357083   1.4983858  1.1635915  1.0920364  0.97749865
 1.238918   0.98592144 0.54440653 0.85944456 0.75558424 1.0538998
 1.186298   1.2608159  0.9471124  1.1816776  1.1825359  1.0829393
 1.1638595  0.3812287  1.1221075  1.1700028  1.4355949  0.3830114
 1.3979099  1.1651274  0.35608158 1.1655655  1.1629479  0.81512636
 1.2431235  0.3578185  1.1835148  1.1125747  1.2909845  1.2615433
 1.3198645  0.8283401 ]
p : [3.6145261e-01 1.7428403e-01 1.3062929e+00 5.6303896e-02 2.6277477e-01
 8.8365078e-02 1.5896252e-04 2.0397749e-02 5.7753315e-03 1.7776801e-01
 2.9110685e-03 2.2754620e-01 2.0574359e-03 7.5364836e-02 5.5761244e-03
 2.8415635e-01 3.2629356e-02 7.4559702e-03 4.1860070e-02 2.8385910e-01
 1.6629539e+00 1.0789123e-02 9.8307610e-01 8.9301385e-02 5.9415153e-03
 8.5521359e-03 2.3149954e-02 9.2495337e-02 7.1394369e-02 2.0450076e-02
 1.3540040e-01 3.9120347e+00 2.6273381e-02 1.5574875e-01 8.6922385e-02
 2.5676522e-01 1.7606251e-02 2.4734159e-01 2.4795443e-01 2.0442390e-01
 2.8698334e-01 5.0132042e-03 2.3203725e-02 3.3570449e+00 1.4803466e-01
 2.9931691e-01 8.0393098e-02 4.0430795e-02 5.0297119e-02 1.7830832e-01]
c : [1.1383519e+00 1.6090589e+00 1.5240716e+00 1.3785820e+00 2.3133872e+00
 1.8021413e+00 7.3806179e-01 1.0735544e+00 1.7147511e+00 1.1669303e+00
 1.9624524e+00 2.4497442e+00 2.1833246e+00 1.0984156e+00 1.3268828e+00
 1.3270097e+00 1.7990739e+00 1.5214096e+00 1.5947553e+00 1.3579605e+00
 7.4197608e-01 1.5303371e+00 1.7189001e+00 1.1564242e+00 1.1967820e+00
 1.8803251e-01 1.1661980e+00 1.3643626e+00 1.0302840e+00 2.5025513e+00
 1.4884740e+00 6.9423899e-02 2.2317843e+00 1.5456499e+00 1.5116259e+00
 2.0871887e+00 1.3833677e+00 1.5340542e+00 1.0182809e-02 2.4481220e+00
 1.1236150e+00 2.3191106e+00 1.3963608e+00 2.1684695e-02 1.2579957e+00
 2.1706922e+00 9.4472134e-01 1.2940286e+00 7.6437317e-04 2.5813475e+00]
t : [[2.79751277e+00 9.47468355e-02 8.67262840e-01 1.62066352e-02
  2.87532527e-03 8.90503731e-03 2.12747101e-02 1.17438924e+00
  9.99308564e-03 5.49713150e-02 1.51137533e-02 2.29946449e-01
  6.27729446e-02 1.12422109e-02 9.77261886e-02 2.14435570e-02
  1.31670590e-02 3.67694460e-02 4.48496938e-01 2.88611855e-02
  6.88483059e-01 3.60284895e-02 3.93538892e-01 9.79729950e-01
  5.02448678e-01 5.24279404e+00 2.22559329e-02 4.17612940e-02
  7.03143049e-03 8.97337741e-04 4.80364114e-02 2.22954822e+00
  6.57598022e-03 1.27698006e-02 1.26269424e+00 3.30256253e-01
  5.96870445e-02 3.94579675e-03 9.18943787e+00 2.37425864e-01
  4.72798682e-04 7.02339932e-02 2.00273097e-02 6.75705820e-02
  6.12053834e-02 1.78525988e-02 1.29056835e+00 2.58904919e-02
  1.23247111e+00 7.21726567e-02]
 [1.92983180e-01 3.99544311e+00 1.49143016e+00 3.91118318e-01
  1.47916943e-01 2.70546854e-01 7.09855277e-03 1.08755434e+00
  6.39450252e-02 2.57551700e-01 3.25890094e-01 6.64244354e-01
  1.15651083e+00 2.55462855e-01 4.36297357e-02 1.13391634e-02
  1.54868737e-01 4.31766175e-02 9.61970687e-02 9.05499086e-02
  1.35117078e+00 2.03796662e-02 1.41926169e-01 4.95236553e-02
  4.43432391e-01 1.61766517e+00 7.53467917e-01 9.89437550e-02
  1.85815364e-01 1.32156849e+00 1.64692495e-02 1.33619416e+00
  2.12884450e-04 4.80855629e-03 9.52326119e-01 7.26863921e-01
  9.09201149e-03 1.06375881e-01 2.25325918e+00 4.43291277e-01
  6.21749982e-02 7.98035264e-01 2.74819523e-01 1.69142962e-01
  3.13634247e-01 4.99418527e-01 1.25281727e+00 2.32095599e-01
  3.32006872e-01 9.10398483e-01]
 [1.12960488e-03 4.78934385e-02 1.83937296e-01 1.65354103e-01
  1.70461804e-01 7.38384156e-03 5.76900601e-01 1.44576967e+00
  3.71626439e-03 3.47221285e-01 1.78455468e-02 9.28482190e-02
  1.05891883e+00 2.37994581e-01 4.89680059e-02 6.86291158e-02
  3.33549865e-02 2.13612705e-01 8.89459997e-02 1.94927126e-01
  1.26632595e+00 2.52410769e-02 9.48910415e-03 2.32939899e-01
  8.49634930e-02 1.32460487e+00 9.58017826e-01 1.96905971e-01
  4.87936437e-01 1.72791496e-01 4.57626842e-02 1.07668734e+00
  3.89593653e-04 2.24309799e-04 1.41562867e+00 7.05570698e-01
  9.45607852e-03 2.35018544e-02 3.95360923e+00 6.93352997e-01
  1.40665188e-01 7.35834956e-01 2.49990493e-01 4.78178523e-02
  3.52519900e-02 3.81561816e-01 1.60012579e+00 3.53263944e-01
  1.97371207e-02 1.48689285e-01]
 [1.22956559e-01 5.89429326e-02 1.50724113e+00 4.11733955e-01
  3.63761395e-01 4.39244956e-02 1.88330591e-01 1.04140866e+00
  1.02405369e+00 2.61036068e-01 8.05078894e-02 1.94601819e-01
  2.66650409e-01 3.32377821e-01 2.52020240e-01 8.94246325e-02
  4.39081192e-02 3.35715830e-01 2.41235480e-01 2.02824593e-01
  1.00299489e+00 4.36375253e-02 5.80410524e-05 1.11973993e-02
  1.90771937e-01 9.23672616e-01 1.15078080e+00 2.30505571e-01
  6.54874742e-02 5.57423115e-01 1.00130267e-01 8.10280740e-01
  6.44254386e-02 1.44074768e-01 9.65795577e-01 2.80375302e-01
  3.35221775e-02 2.14662820e-01 3.60196924e+00 1.07137394e+00
  1.17071807e-01 9.39894676e-01 2.35338643e-01 3.94146085e-01
  5.17456055e-01 8.00784290e-01 7.24744678e-01 2.36436144e-01
  3.53853256e-02 7.17856288e-01]
 [4.75680590e-01 2.03856416e-02 3.13320339e-01 1.97257683e-01
  5.15553045e+00 5.47451489e-02 1.36747763e-01 9.49648380e-01
  5.62457979e-01 2.58975313e-04 1.37203475e-02 2.92331483e-02
  2.95033205e-05 4.87462431e-02 1.66215792e-01 9.74068418e-03
  1.86493192e-02 3.30479480e-02 1.64396316e-01 6.46431670e-02
  1.22186375e+00 8.26860517e-02 1.21309906e-01 5.98761216e-02
  5.47696203e-02 3.86382103e+00 5.88555157e-01 4.28654663e-02
  1.51796952e-01 6.61856055e-01 1.26824781e-01 2.36336064e+00
  2.78497441e-03 1.13595650e-03 1.16582620e+00 9.81465913e-03
  1.49065536e-03 2.33712140e-02 7.31741810e+00 3.56890797e-03
  1.16360456e-01 1.79358795e-01 5.35491034e-02 1.41726315e-01
  7.45015219e-02 4.67969686e-01 1.19913316e+00 1.60870984e-01
  3.24788666e-03 1.38054162e-01]
 [2.31471881e-01 2.25511909e-01 5.94401777e-01 3.22071254e-01
  1.79468870e-01 3.47138166e+00 1.28480434e-01 1.02709937e+00
  5.49892187e-01 1.42921105e-01 2.11441759e-02 1.00956047e+00
  8.11823249e-01 3.20467740e-01 2.64562547e-01 9.88729522e-02
  1.44625977e-01 1.87258690e-03 1.94803774e-01 2.22598359e-01
  1.15497220e+00 2.07429901e-02 4.94908243e-02 1.46135330e-01
  2.15016499e-01 1.20209169e+00 7.43297219e-01 2.59820461e-01
  4.63429876e-02 1.01218331e+00 7.90254399e-02 2.19265267e-01
  7.21547604e-02 9.09425795e-01 8.86355937e-01 6.80974364e-01
  1.18377656e-01 1.06504560e-01 2.71065998e+00 1.19227600e+00
  2.33584389e-01 7.70081460e-01 2.73366243e-01 3.25952828e-01
  1.27728269e-01 5.65776348e-01 8.71136248e-01 9.48314518e-02
  8.50466639e-03 9.84181523e-01]
 [1.46738306e-01 1.86760023e-01 8.89669299e-01 1.09973609e-01
  1.96965188e-01 9.16752219e-02 3.17968249e+00 1.19045806e+00
  2.27144919e-02 2.18440458e-01 1.48524106e-01 1.10292828e+00
  9.10854816e-01 1.16726480e-01 3.26537371e-01 6.33726656e-01
  1.96784317e-01 4.22076523e-01 3.27142090e-01 2.78486609e-01
  9.03415263e-01 8.77962485e-02 1.04485862e-01 3.38557661e-01
  2.57287771e-01 1.56473446e+00 1.51655471e+00 3.12639236e-01
  2.71103501e-01 8.62152755e-01 9.62931886e-02 6.84869647e-01
  1.47299439e-01 3.42067450e-01 1.16999948e+00 2.11714860e-03
  1.69574082e-01 2.53807038e-01 3.22988319e+00 8.07589710e-01
  1.81358859e-01 8.92383337e-01 1.49996012e-01 3.66995482e-06
  2.64740139e-01 1.28240705e+00 1.03317046e+00 1.81267753e-01
  9.42037776e-02 9.05896187e-01]
 [2.65515447e-01 3.72065492e-02 2.90654004e-01 6.66407049e-01
  6.85919402e-03 3.17875780e-02 2.35152751e-01 1.47557765e-01
  1.66132599e-01 1.86581314e-01 3.66040185e-04 2.21834078e-01
  5.95565796e-01 4.62726086e-01 1.12358227e-01 1.98646943e-04
  1.26775563e-01 1.98233519e-02 1.13013561e-03 2.80462354e-01
  9.20184433e-01 1.85364056e-02 2.79244035e-04 1.96083918e-01
  5.99182665e-01 8.99252236e-01 1.09308434e+00 3.90267149e-02
  7.11687684e-01 1.03234422e+00 1.93060949e-01 1.17563701e+00
  2.00069979e-01 1.05382921e-02 1.11291468e+00 9.79622722e-01
  9.47230086e-02 2.37119384e-03 4.22890091e+00 4.65085834e-01
  3.97522748e-01 4.22590703e-01 5.43778688e-02 8.85658339e-02
  1.59212783e-01 1.11650407e+00 7.00757802e-01 4.13098246e-01
  3.91110703e-02 3.55299711e-01]
 [4.23276424e-02 3.87207721e-04 1.32045960e-02 5.47676310e-02
  5.54883400e-06 8.40943679e-03 7.20766978e-03 3.83149356e-01
  8.21255398e+00 1.66011695e-02 2.45692348e-03 1.39526902e-02
  7.68409530e-03 5.30951172e-02 2.74317499e-05 3.97801884e-02
  3.61411180e-03 1.92532670e-02 1.13403053e-06 2.88137700e-02
  3.99693966e-01 4.06820253e-02 1.81247592e-01 2.07112789e-01
  2.69941956e-01 1.58633888e-02 4.28291154e-04 3.16291451e-02
  1.00033935e-02 1.06636971e-01 2.34631039e-02 2.17675656e-01
  1.28833286e-03 5.64274842e-06 4.72170860e-01 1.25954837e-01
  9.91699547e-02 4.48218584e-02 8.16681385e+00 8.01894441e-02
  1.99089991e-03 1.41855612e-01 2.12781709e-02 1.66621152e-02
  2.24284399e-02 2.01469846e-02 7.45394975e-02 8.42900202e-02
  1.10359201e+01 1.55941576e-01]
 [5.49377382e-01 1.43922955e-01 5.59817433e-01 6.64570987e-01
  2.21868858e-01 5.41871530e-04 2.13098720e-01 9.17347550e-01
  2.70659123e-02 3.63537860e+00 3.17283049e-02 1.26873422e+00
  8.61626983e-01 1.79505736e-01 2.35003144e-01 2.11051013e-02
  5.69196157e-02 3.31607550e-01 5.94946183e-02 2.05314621e-01
  2.79781170e-06 8.37211264e-04 4.46227454e-02 3.46131653e-01
  3.72829795e-01 1.60418200e+00 1.22942328e+00 1.40410298e-02
  4.67255175e-01 1.31843615e+00 1.92388654e-01 1.08654261e+00
  1.24246538e-01 9.03768018e-02 1.02153814e+00 8.39301825e-01
  5.65262064e-02 4.66457039e-01 4.46371365e+00 7.57528305e-01
  1.80397227e-01 6.76319540e-01 1.50807351e-01 1.32786319e-01
  3.36918116e-01 4.83802438e-01 8.84213388e-01 1.04070261e-01
  9.01757032e-02 9.18775082e-01]
 [3.65511328e-01 5.14152050e-02 7.95041800e-01 1.19819771e-02
  4.01312625e-03 4.84358296e-02 8.88213962e-02 6.98855460e-01
  1.30627394e-01 8.44324604e-02 5.45024252e+00 1.92481577e-01
  4.36321832e-02 8.74440745e-03 3.30690382e-04 5.88561893e-02
  1.04216374e-01 7.50742108e-02 6.03493080e-02 1.16752937e-01
  2.17738032e-01 1.06736004e-01 9.32043418e-02 6.97792619e-02
  7.65179470e-02 4.38675594e+00 1.11249186e-01 1.15234643e-01
  4.62775957e-03 1.73126802e-01 8.96102041e-02 2.38990664e+00
  2.32027564e-02 1.34440258e-01 1.30040956e+00 9.36353952e-03
  8.04366916e-03 1.03868179e-01 7.58135271e+00 1.23955131e-01
  5.18013015e-02 2.20155761e-01 1.00945219e-01 7.86945224e-02
  1.96167473e-02 4.08109486e-01 3.11296374e-01 1.04122132e-01
  2.50389576e+00 8.35254967e-01]
 [2.23419398e-01 1.32110075e-03 9.72174466e-01 1.42715380e-01
  1.54332906e-01 4.93062027e-02 2.12387174e-01 7.16956317e-01
  1.12788916e+00 3.69476289e-01 2.08460111e-02 1.47218418e+00
  7.84862995e-01 4.31372672e-01 2.60789335e-01 3.03590014e-06
  1.71318978e-01 2.31854588e-01 1.98203385e-01 1.01667285e-01
  8.10378194e-01 8.19891226e-03 4.87288926e-03 9.92352888e-02
  3.27511966e-01 1.09606504e+00 7.38537371e-01 2.50272214e-01
  7.70703375e-01 3.27325612e-01 1.59664284e-02 1.07372367e+00
  1.20410949e-01 1.78850703e-02 7.22497106e-01 4.67684805e-01
  9.27544723e-04 1.43391276e-02 4.40129328e+00 8.97055149e-01
  8.26365489e-04 1.03097117e+00 2.44361092e-03 4.18586060e-02
  1.11855574e-01 9.20420364e-02 8.96349072e-01 2.79445350e-01
  1.11486884e-02 2.70648867e-01]
 [2.82288939e-01 3.60364141e-03 3.04841191e-01 2.19922632e-01
  2.32252866e-01 3.46683003e-02 2.51314521e-01 3.15598011e-01
  6.14492747e-04 1.74347878e-01 3.35106328e-02 4.53189582e-01
  1.22756314e+00 3.81673515e-01 1.66742757e-01 5.71100712e-02
  4.23560441e-02 1.68619037e-01 2.03213200e-01 1.18745416e-01
  8.77877831e-01 4.98163998e-02 1.82198435e-02 1.59233555e-01
  1.93837419e-01 7.71283627e-01 1.24953890e+00 1.44114733e-01
  2.66669005e-01 8.28926861e-01 1.06434308e-01 1.27342236e+00
  1.55992927e-02 1.42722040e-01 5.94104946e-01 3.93224418e-01
  6.47793640e-04 2.88148900e-03 4.24317646e+00 1.19163573e+00
  1.98506162e-01 3.79746594e-02 5.66000789e-02 2.17403382e-01
  3.82765085e-01 1.84562132e-01 8.86864960e-01 1.90195829e-01
  1.70081183e-01 6.43533289e-01]
 [2.15324000e-01 1.23720065e-01 8.12060773e-01 2.24491488e-02
  1.73964068e-01 2.37169769e-02 1.18196994e-01 1.35918856e+00
  3.73439431e-01 1.33735672e-01 1.15114339e-01 8.10697138e-01
  8.91427279e-01 3.31721187e+00 1.55481294e-01 6.08029403e-02
  1.03670754e-01 2.98883826e-01 1.02980591e-01 2.80376941e-01
  1.00206578e+00 1.02303505e-01 1.42562568e-01 2.61908114e-01
  4.82038677e-01 2.10427856e+00 1.12620008e+00 2.24525750e-01
  1.99744895e-01 6.20748997e-01 2.28181884e-01 1.18444335e+00
  6.91527650e-02 6.46283567e-01 9.71709549e-01 2.92282854e-03
  8.49738345e-02 3.93362008e-02 3.30098701e+00 4.02258158e-01
  3.06907773e-01 6.21065795e-01 1.04342856e-01 3.11858922e-01
  1.46146566e-01 4.35305573e-03 6.30658865e-01 1.58906013e-01
  7.69783139e-01 1.04804122e+00]
 [1.64370582e-01 1.33470982e-01 1.35782158e+00 6.60851831e-04
  3.36636961e-01 4.62810323e-02 2.24242315e-01 9.71198678e-01
  2.12628697e-03 2.32482210e-01 2.82245204e-02 9.55473185e-01
  6.94819272e-01 1.73207790e-01 3.87275219e+00 1.65219288e-02
  1.03716590e-01 1.09913766e-01 2.19856441e-01 2.49889627e-01
  2.58079290e-01 3.81478183e-02 2.04121452e-02 1.15252018e-01
  6.03439689e-01 1.57861519e+00 7.43205547e-01 4.31717448e-02
  5.82183659e-01 1.69199392e-01 1.30804881e-01 1.03770161e+00
  9.07444581e-02 1.18869446e-01 1.11544645e+00 2.54161358e-01
  1.11520678e-01 6.89991191e-02 5.54862404e+00 6.22422218e-01
  2.99766451e-01 3.88363353e-03 7.05815926e-02 2.25749165e-01
  3.47727507e-01 5.81315815e-01 8.39892328e-01 2.84816772e-01
  1.69832353e-02 7.27344036e-01]
 [1.32364586e-01 2.30867378e-02 1.56787622e+00 4.70379800e-01
  2.02339645e-02 3.62457693e-01 2.93073833e-01 1.46633124e+00
  4.77237219e-04 2.32906759e-01 1.00969553e-01 5.09501159e-01
  5.18882513e-01 1.07820168e-01 1.15386300e-01 3.39804578e+00
  2.06941575e-01 2.55024999e-01 2.53459066e-01 2.98278213e-01
  1.26178300e+00 1.50135986e-03 1.14456743e-01 3.62433434e-01
  2.06371799e-01 1.06042624e+00 4.86975819e-01 2.26142749e-01
  4.59101170e-01 1.19497120e+00 1.33450869e-02 1.27013671e+00
  2.59166569e-01 9.76670757e-02 1.15748942e+00 3.72551292e-01
  4.17370955e-03 2.16312125e-01 5.18773031e+00 4.59529698e-01
  3.41457874e-01 9.51703846e-01 1.54617190e-01 3.57749701e-01
  1.50804520e-01 7.51051307e-01 9.62256134e-01 2.03583062e-01
  2.57440489e-02 1.45552874e+00]
 [8.13867271e-01 4.10482660e-03 9.98024225e-01 1.52866822e-02
  3.41454335e-02 3.30273435e-02 1.58546900e-03 8.54842722e-01
  1.89833686e-01 4.91187647e-02 6.37470093e-03 1.72216981e-03
  3.57927667e-04 4.66466360e-02 8.92487243e-02 8.11191800e-04
  5.81108427e+00 1.52942659e-02 1.17337704e-02 9.30114090e-02
  9.32964325e-01 6.71456277e-04 1.83669582e-03 2.00380962e-02
  3.93009075e-04 4.64715433e+00 5.33847633e-05 3.92907895e-02
  5.12864441e-02 2.33737612e-03 6.08620681e-02 3.56377697e+00
  2.62379716e-03 2.25959755e-02 1.37202084e+00 1.28437221e-01
  1.39066076e-04 1.70774292e-02 1.09314690e+01 1.73524768e-05
  8.71757232e-03 1.16722402e-03 2.74092220e-02 1.08853590e+00
  2.63253171e-02 1.16421930e-01 5.88788986e-01 4.62295189e-02
  5.00858903e-01 3.80277723e-01]
 [7.33778059e-01 6.06573746e-02 8.19510043e-01 1.05083518e-01
  1.72248611e-03 1.25258759e-01 3.04907143e-01 1.01946700e+00
  4.27384488e-03 2.59499907e-01 2.90827407e-03 9.90935564e-01
  4.56518382e-01 7.88504374e-04 6.97582960e-02 9.77172032e-02
  1.69071481e-01 5.72509193e+00 9.18175280e-02 2.65363455e-01
  9.16324735e-01 8.61330554e-02 2.13122182e-02 1.27293840e-01
  1.57017633e-02 2.08050227e+00 1.79048646e-02 1.68368280e-01
  7.39658326e-02 1.13085282e+00 2.19893560e-01 1.47001195e+00
  3.20697501e-02 1.36453435e-01 1.24740911e+00 3.61578763e-01
  4.32990193e-02 6.03870898e-02 5.38314104e+00 2.55682737e-01
  2.58809894e-01 4.86170799e-01 1.24375463e-01 1.06769189e-01
  1.39919415e-01 9.55382645e-01 1.07197642e+00 2.00249687e-01
  2.68637389e-02 4.67958033e-01]
 [1.60954237e-01 5.50719239e-02 1.15453684e+00 4.03162688e-01
  1.22444697e-01 1.93574399e-01 1.17208570e-01 9.90474701e-01
  8.08015317e-02 1.83750704e-01 5.51875643e-02 7.65928179e-02
  6.65459454e-01 2.13172600e-01 1.50570214e-01 1.10093325e-01
  9.63841379e-02 1.78464010e-01 5.09588814e+00 1.51101276e-01
  1.07949948e+00 1.57542881e-02 7.44151399e-02 7.68937394e-02
  2.88162790e-02 3.12128210e+00 8.75288665e-01 2.06199944e-01
  2.48482600e-01 6.77646041e-01 1.20642088e-01 1.47461236e+00
  6.98144287e-02 5.03020048e-01 1.18752813e+00 5.28188348e-01
  4.54554558e-02 1.51533291e-01 8.94867039e+00 8.08552742e-01
  9.83198807e-02 4.55398053e-01 2.02028304e-01 4.52930987e-01
  1.65112942e-01 5.74219823e-01 1.30469871e+00 8.11942853e-03
  3.75953726e-02 6.06598318e-01]
 [1.46660641e-01 1.61182281e-04 3.47115576e-01 4.40028170e-03
  1.08968804e-03 1.40858325e-03 3.73515077e-02 7.52777159e-01
  2.56979227e-01 4.01134305e-02 1.05803274e-02 1.58767290e-02
  2.33768281e-02 2.84915417e-02 2.32149847e-02 2.07272987e-03
  2.62095500e-02 1.05418912e-04 1.27821229e-03 4.58348322e+00
  6.23411059e-01 3.82706486e-02 1.03748618e-02 1.34816719e-03
  1.69677705e-01 3.75425076e+00 5.28741367e-02 2.35005558e-01
  1.15759270e-02 1.04017714e-02 6.35340437e-02 3.04797673e+00
  5.23883197e-03 3.54436524e-02 8.91766846e-01 3.42001878e-02
  6.90171421e-02 1.33127913e-01 9.52933598e+00 1.13870704e-03
  3.14256437e-02 1.55126229e-01 2.86219139e-02 7.46212304e-02
  1.25689106e-03 2.83734538e-02 6.42808760e-03 3.45017761e-02
  1.91299570e+00 1.96111345e-04]
 [3.44510376e-01 1.30411178e-01 1.13006604e+00 4.86752719e-01
  3.87637526e-01 1.04023255e-01 2.32331544e-01 1.28428531e+00
  3.38086579e-03 1.55876040e-01 5.24816774e-02 3.97185206e-01
  1.13015342e+00 1.68314949e-01 2.95108080e-01 1.34845497e-03
  2.23776415e-01 9.06232446e-02 9.81874168e-02 3.94097567e-01
  9.81567144e-01 7.75382714e-03 2.81489617e-03 2.19582871e-01
  8.91422212e-01 1.28779209e+00 1.29373419e+00 1.00393191e-01
  7.27908671e-01 1.00277305e+00 2.26418257e-01 9.38171566e-01
  3.29908517e-06 5.02936393e-02 1.59267819e+00 5.52608252e-01
  8.78992453e-02 1.22531414e-01 4.38480663e+00 4.31372412e-02
  2.68990844e-01 8.09539437e-01 1.44551069e-01 3.61688375e-01
  3.99062783e-01 4.99740988e-01 1.45841265e+00 9.85870808e-02
  2.28464883e-03 2.62838572e-01]
 [1.72509864e-01 5.39511256e-03 1.27684128e+00 1.33735880e-01
  1.37442738e-01 1.62790646e-03 1.00968875e-01 5.90520918e-01
  4.62026754e-03 1.11386523e-01 1.03304610e-05 3.77185106e-01
  3.16959769e-01 1.64686695e-01 1.45917982e-01 2.61701713e-03
  9.69208702e-02 9.03767347e-02 4.78149578e-02 1.85967728e-01
  3.59141797e-01 3.61646986e+00 8.78779124e-03 5.77965453e-02
  8.11718181e-02 2.52869797e+00 8.59298706e-02 1.35118052e-01
  7.65764341e-03 2.43780211e-01 2.13313140e-02 2.08692861e+00
  1.13091338e-02 1.82251993e-03 5.69916904e-01 1.58182442e-01
  7.07489951e-03 2.01878008e-02 7.01639748e+00 2.07532987e-01
  1.54773369e-01 2.04595491e-01 1.68532923e-01 1.34357244e-01
  3.23904455e-02 4.37146008e-01 1.26056576e+00 1.11537226e-01
  1.31025510e-02 9.42837119e-01]
 [2.93137014e-01 1.16571169e-02 1.26578438e+00 7.98304677e-01
  1.68675050e-01 8.17913041e-02 4.70894612e-02 2.06117415e+00
  5.73511142e-03 7.90090859e-02 7.37567840e-04 1.22683875e-01
  1.04362948e-03 1.14859350e-01 2.52941120e-02 3.28846686e-02
  1.65386021e-01 1.05204023e-01 6.43332899e-02 4.25643772e-02
  2.51822257e+00 4.76699769e-02 5.60567617e+00 7.60952458e-02
  2.50604842e-02 3.50383043e+00 4.97497499e-01 3.57502773e-02
  3.16151557e-03 1.42738875e-02 1.42433763e-01 6.87528431e-01
  1.25868535e-02 4.01481599e-01 1.61281574e+00 7.24890158e-02
  1.11173354e-01 2.92804062e-01 9.92407620e-01 1.93591997e-01
  2.77448773e-01 5.32817781e-01 1.44777913e-02 1.93125069e+00
  5.58667874e-04 4.27565025e-03 3.32003546e+00 4.17899862e-02
  4.39312696e+00 6.77453220e-01]
 [5.80802202e-01 4.48230132e-02 1.08429790e+00 2.67379940e-01
  1.62261665e-01 1.21711846e-02 3.86862993e-01 1.15991902e+00
  1.42311037e-01 1.40498355e-01 1.17091648e-01 9.70676690e-02
  5.03687799e-01 1.21851437e-01 1.38811544e-01 6.57672286e-02
  3.99830267e-02 1.83523223e-01 1.28481448e-01 5.88602871e-02
  1.09373999e+00 3.25786695e-02 1.89091284e-02 4.06836748e+00
  2.83723325e-01 2.65418816e+00 6.31275058e-01 1.73916832e-01
  1.92992344e-01 1.03347635e+00 1.14254594e-01 1.30907905e+00
  1.02058174e-02 7.82113348e-05 1.44987726e+00 2.43553780e-02
  1.36388345e-02 6.68181255e-02 8.12222672e+00 4.34990644e-01
  2.83448637e-01 4.35053319e-01 2.39176210e-03 5.33428311e-01
  1.74452662e-01 3.05297107e-01 9.85080183e-01 2.16642588e-01
  6.73905388e-02 7.68016994e-01]
 [4.00794595e-01 5.06662531e-03 1.44933724e+00 7.55106146e-03
  7.67066553e-02 1.04455538e-01 2.42214128e-01 1.44969177e+00
  2.47998476e-01 1.08835384e-01 1.81247108e-02 1.74884006e-01
  5.00034094e-02 1.41604766e-01 1.26686394e-01 2.93228980e-02
  7.51592638e-03 2.25115091e-01 1.16634756e-01 8.26584771e-02
  8.78653049e-01 8.31127726e-03 3.80393229e-02 2.15523019e-01
  4.60592747e+00 1.60840487e+00 6.26639724e-01 1.19366191e-01
  8.11305270e-02 7.00073004e-01 1.33966118e-01 1.24839342e+00
  3.56893837e-02 8.62807930e-02 1.00468445e+00 1.51594862e-01
  8.08252767e-03 1.31549835e-01 5.73809910e+00 6.72214478e-02
  1.18196152e-01 9.66103494e-01 2.32526526e-01 2.54596293e-01
  1.08257823e-01 3.04877937e-01 1.28819823e+00 7.09799379e-02
  4.77713633e+00 9.10700083e-01]
 [3.19904089e-01 1.00260541e-01 2.73116291e-01 2.09348768e-01
  1.69832200e-01 1.58143230e-02 2.48428911e-01 1.15386498e+00
  4.35695511e-05 5.35874486e-01 3.71336006e-02 8.98540616e-02
  7.01429665e-01 4.91771907e-01 1.61386952e-01 1.14228809e-02
  2.58295208e-01 1.54941455e-01 4.82053868e-02 5.59067488e-01
  5.08642197e-03 9.20083299e-02 3.51516344e-02 4.99139547e-01
  3.17312956e-01 3.22216868e-01 1.52420235e+00 3.23548198e-01
  2.93605447e-01 1.68802261e-01 2.23932788e-02 1.24882686e+00
  2.05444434e-04 6.62125796e-02 1.91568482e+00 5.25865316e-01
  8.59119967e-02 3.97414088e-01 7.31563663e+00 2.33009949e-01
  5.91284156e-01 4.00203139e-01 1.66682497e-01 3.56152982e-01
  1.14770301e-01 1.90852672e-01 7.91787684e-01 5.72437465e-01
  5.30284882e-01 5.58075845e-01]
 [1.81925833e-01 1.32660657e-01 9.25357223e-01 2.37239860e-02
  2.72176892e-01 1.96349248e-02 3.58117014e-01 1.11352599e+00
  4.06670906e-02 3.11892420e-01 3.24944168e-01 6.49166822e-01
  3.23230982e-01 2.07786247e-01 1.51766941e-01 7.66681973e-03
  8.18168744e-03 1.25181839e-01 1.41724393e-01 1.08131796e-01
  1.02374077e+00 9.19089392e-02 2.00184524e-01 5.04678905e-01
  3.27987492e-01 1.30703557e+00 2.30530784e-01 1.84482545e-01
  1.16000295e+00 3.44664603e-01 2.37362266e-01 1.17242444e+00
  5.45875467e-02 1.84698582e-01 1.22912192e+00 1.51672736e-01
  1.04748666e-01 1.99488048e-02 3.27170658e+00 4.73952144e-01
  2.39610672e-01 1.26416659e+00 8.08205456e-02 2.76071757e-01
  4.55638707e-01 1.51423705e+00 8.33776116e-01 4.02014494e-01
  6.46015396e-03 3.94869149e-01]
 [2.54980147e-01 2.19428504e-04 8.21004093e-01 3.00479215e-02
  4.92997188e-03 2.12928047e-03 1.45708814e-01 8.32298875e-01
  5.68702340e-01 2.05337629e-01 6.00250736e-02 6.40618801e-02
  5.52127808e-02 5.40350564e-02 2.01697513e-01 7.63548240e-02
  3.59610692e-02 3.70800495e-03 3.49863023e-02 1.02490097e-01
  1.06426394e+00 5.54968454e-02 1.93435960e-02 1.00809313e-01
  1.42637372e-01 3.31631565e+00 5.95916033e-01 3.87895012e+00
  1.88287362e-01 1.03204660e-01 1.37690395e-01 1.64356697e+00
  3.21192481e-02 2.53883421e-01 1.55527294e+00 1.38721615e-02
  3.50270420e-02 3.49028483e-02 7.80094767e+00 1.15466289e-01
  1.63363144e-01 7.70122707e-02 1.42826727e-02 1.73108280e-02
  2.49604159e-03 7.24338770e-01 1.23141420e+00 1.59547091e-01
  9.53897715e-01 2.62921572e-01]
 [1.82045341e-01 4.06689849e-03 5.14569223e-01 8.54817808e-01
  1.21001981e-01 1.47157805e-02 2.61737823e-01 6.84884548e-01
  1.99253913e-02 1.25179380e-01 1.45085767e-01 2.24686518e-01
  8.59515190e-01 1.17199710e-02 2.26987958e-01 3.08936685e-02
  1.99628398e-01 1.10933907e-01 4.48874459e-02 1.04373313e-01
  1.49774581e-01 7.90674749e-05 1.06691429e-02 3.08280706e-01
  4.25286621e-01 1.11041903e+00 1.14658856e+00 2.08846048e-01
  3.10781670e+00 5.42068362e-01 2.48310864e-02 5.77256322e-01
  3.96632552e-02 7.13894814e-02 8.93338501e-01 8.42237711e-01
  9.88788009e-02 2.03970194e-01 2.61741233e+00 5.22444434e-02
  3.02322358e-01 1.10457860e-01 2.62825072e-01 2.69520998e-01
  3.53644729e-01 4.78118777e-01 8.07023406e-01 2.38476321e-01
  2.21337959e-01 8.20975482e-01]
 [4.41408157e-01 5.07805757e-02 8.59093845e-01 3.71857256e-01
  2.30008706e-01 5.18158590e-03 1.28793687e-01 1.35661757e+00
  8.02059546e-02 1.00732796e-01 1.51571096e-03 2.34297231e-01
  8.30242753e-01 3.71249646e-01 2.50162095e-01 2.90734955e-04
  1.19375475e-01 2.02622980e-01 8.35845247e-02 7.99811259e-02
  1.55249023e+00 7.15190992e-02 3.73834348e-03 9.67140794e-02
  5.81894182e-02 8.08334291e-01 8.90530825e-01 3.60735953e-02
  5.02832048e-02 1.29521227e+00 2.18797266e-01 1.74326921e+00
  1.26326000e-02 1.38387218e-01 1.42289877e+00 8.80488977e-02
  5.09575121e-02 5.33686243e-02 3.69270539e+00 2.76499949e-02
  2.50723541e-01 2.01315328e-01 2.30497509e-01 6.62666440e-01
  6.91955164e-02 3.93057102e-03 6.73664331e-01 1.66279614e-01
  4.68550771e-02 7.11277902e-01]
 [3.62715006e-01 1.27404809e-01 1.34577417e+00 4.20106351e-01
  8.90571531e-03 9.29987207e-02 2.18318179e-01 1.33760107e+00
  2.70261392e-02 1.50258675e-01 9.87401307e-02 6.89768553e-01
  5.49431980e-01 1.69726253e-01 1.07621215e-01 1.22739123e-02
  1.02102496e-01 1.11683577e-01 1.95728149e-03 6.14399128e-02
  7.99444020e-01 8.54435191e-02 1.07685633e-01 2.39914302e-02
  1.04132093e-01 2.51120615e+00 3.92745614e-01 1.57102257e-01
  3.80627625e-02 2.89795816e-01 4.48771000e+00 1.18146825e+00
  3.18174772e-02 2.56149650e-01 1.52509224e+00 2.19286380e-06
  4.63305303e-04 1.02880061e-01 3.31782913e+00 7.30471790e-01
  1.91291288e-01 8.28252554e-01 1.87055454e-01 2.76419133e-01
  2.51683265e-01 1.30450174e-01 9.62694347e-01 1.42239735e-01
  4.14305782e+00 7.29478836e-01]
 [1.04116778e-04 1.11926487e-02 1.24397564e+00 1.59126110e-02
  1.17181860e-01 4.76258853e-03 9.69385356e-02 2.40354466e+00
  1.14924751e-01 2.36983165e-01 2.93941740e-02 8.87072366e-03
  2.87318584e-02 1.32572547e-01 3.07625651e-01 1.66158795e-01
  3.55143070e-01 1.38065457e-01 2.11990491e-01 2.83518523e-01
  7.12952716e-03 2.02485502e-01 1.17308309e-03 1.42005667e-01
  4.91061985e-01 1.55214930e+00 1.56502557e+00 3.22964430e-01
  1.18150704e-01 5.35930991e-02 2.50683308e-01 3.19003367e+00
  6.96552888e-05 1.24968365e-01 1.72695470e+00 1.23623395e-05
  4.36158925e-02 1.36011422e-01 6.21879768e+00 2.86772829e-02
  1.96136892e-01 1.91146433e-02 5.80785394e-01 1.19156599e+00
  7.75483608e-01 6.84057875e-03 3.71386814e+00 4.57176119e-01
  1.19478178e+00 1.42279178e-01]
 [5.49631178e-01 1.04818337e-01 9.79279995e-01 1.07415393e-02
  9.56675038e-02 1.46038324e-01 1.74401313e-01 9.58040774e-01
  4.45685834e-02 1.88281700e-01 1.08579040e-01 3.96657467e-01
  3.13530445e-01 1.90535441e-01 8.47692601e-03 8.89356360e-02
  9.43191051e-02 1.51704371e-01 7.27602690e-02 5.84315732e-02
  8.52629364e-01 9.90235014e-04 7.69080408e-03 1.84767529e-01
  1.54093161e-01 2.22706509e+00 7.78139591e-01 1.72998607e-01
  2.62900800e-01 1.01475346e+00 2.35436529e-01 1.13305664e+00
  4.09813547e+00 7.45692328e-02 1.21267629e+00 9.57756117e-03
  5.74331731e-03 2.44080052e-02 6.27152634e+00 4.13807333e-02
  1.77338704e-01 9.35083270e-01 9.34827887e-03 1.32802874e-01
  1.80335581e-01 4.28999513e-01 1.13671863e+00 1.19305447e-01
  7.91909397e-02 5.11069000e-01]
 [2.26933330e-01 7.42529612e-03 6.51010633e-01 2.40554754e-02
  5.51812500e-02 1.17196916e-02 1.24067499e-03 1.01967406e+00
  6.66390881e-02 1.07905142e-01 2.11309548e-03 2.40574345e-01
  2.57901192e-01 5.54213300e-02 7.16813654e-02 9.32123791e-03
  5.17892428e-02 4.05026264e-02 6.68419600e-02 5.22827879e-02
  6.33954883e-01 3.38950157e-02 4.71924292e-03 3.65132950e-02
  1.28167823e-01 4.19819975e+00 2.52747256e-02 3.89368460e-02
  7.79278427e-02 3.03942088e-05 7.39641069e-03 2.67113447e+00
  6.75231963e-02 6.02732658e+00 8.91831279e-01 2.04398006e-01
  1.35566923e-03 1.27188116e-02 9.84078598e+00 7.19300136e-02
  6.59514889e-02 5.28679192e-02 6.67075589e-02 1.10097066e-01
  2.93214805e-02 2.41045997e-01 3.59935224e-01 6.57918528e-02
  8.29473305e+00 7.20114350e-01]
 [3.34389031e-01 4.28550839e-02 5.18889129e-01 4.18737203e-01
  2.60203660e-01 1.25869578e-02 1.74722522e-01 1.02412438e+00
  7.98288286e-02 1.57095134e-01 2.01080646e-02 3.58286738e-01
  7.28283748e-02 1.59406111e-01 2.20613986e-01 6.20061569e-02
  3.93680446e-02 1.47001147e-01 9.20783877e-02 2.18848675e-01
  8.66272271e-01 1.85049977e-02 7.22590694e-03 1.06993109e-01
  1.31771907e-01 3.84477019e-01 8.69129539e-01 1.25223935e-01
  2.08141044e-01 9.44062788e-03 1.20610498e-01 1.36989927e+00
  5.17455908e-03 1.75305569e-04 2.88449973e-01 2.38066807e-01
  8.01671855e-03 3.43783684e-02 5.80097675e+00 6.29976869e-01
  2.98103064e-01 4.21453780e-03 1.43018216e-01 7.55424276e-02
  2.72234231e-01 1.20086879e-01 1.13399661e+00 1.80921212e-01
  1.21034577e-01 1.02715588e+00]
 [2.29536772e-01 6.82293847e-02 8.74066293e-01 3.10001016e-01
  4.20482695e-01 1.18617052e-07 3.01217228e-01 1.17607057e+00
  1.08675361e-01 3.42644155e-01 2.56170779e-02 7.22157300e-01
  8.20025027e-01 6.64735853e-04 1.90014064e-01 1.87496588e-01
  1.60648629e-01 2.39083156e-01 9.50564891e-02 1.35192513e-01
  5.63799322e-01 3.27533856e-03 7.56895840e-02 1.61800891e-01
  2.54795372e-01 9.23158050e-01 1.14966154e+00 1.98249266e-01
  2.39492521e-01 8.49073350e-01 1.14711365e-02 1.22946954e+00
  1.16334679e-02 1.82873800e-01 1.02665401e+00 2.32004762e+00
  7.66614228e-02 2.44257003e-02 4.93773365e+00 9.42210734e-01
  1.67381391e-01 3.47112834e-01 3.27986419e-01 4.56813306e-01
  2.28900999e-01 3.89190435e-01 1.21270442e+00 2.18664318e-01
  6.30520061e-02 4.08357859e-01]
 [5.48483670e-01 3.86670493e-02 8.69433999e-01 1.81030168e-03
  9.24800932e-02 9.56166629e-03 2.17119157e-01 1.35411501e+00
  2.98826545e-01 2.12265745e-01 1.18422649e-05 1.04738677e+00
  1.27547622e+00 2.33605877e-01 1.56719044e-01 4.98159928e-03
  1.62429154e-01 1.94780752e-02 1.00737296e-01 1.09008536e-01
  1.28525627e+00 1.71261638e-01 1.21881939e-01 1.81085259e-01
  1.41954139e-01 1.60664856e+00 4.35324937e-01 6.23934194e-02
  4.92262878e-02 9.63906705e-01 1.26122177e-01 9.08300579e-01
  1.32877931e-01 1.65999252e-02 8.36077929e-01 1.18517363e+00
  1.87910378e+00 7.32659250e-02 2.97363782e+00 1.21943033e+00
  3.75462979e-01 1.08866179e+00 2.34421596e-01 2.02506423e-01
  6.34815991e-01 1.44189501e+00 1.57791519e+00 1.18338548e-01
  1.59762800e-01 4.55500960e-01]
 [3.71516913e-01 9.63791981e-02 1.01821363e+00 9.75776240e-02
  1.73252076e-01 1.28661335e-01 1.67739749e-01 1.36523139e+00
  2.20773980e-01 1.89808961e-02 3.48911844e-02 3.30344826e-01
  2.18879595e-05 2.30093956e-01 1.65741861e-01 8.61590654e-02
  1.84308305e-01 1.91710874e-01 1.47683486e-01 1.63482875e-01
  3.79784018e-01 1.93816558e-01 9.98502672e-02 2.27208659e-01
  8.13706964e-02 2.02527308e+00 7.01893628e-01 2.00769871e-01
  2.12585996e-03 3.21058005e-01 5.98783158e-02 8.58157098e-01
  8.04098099e-02 5.19731641e-01 1.49459302e+00 3.37383419e-04
  4.38396558e-02 3.42197752e+00 3.36665344e+00 3.93970944e-02
  2.09675044e-01 2.93738812e-01 2.21567631e-01 4.07717854e-01
  1.12488173e-01 1.49399087e-01 1.17235708e+00 9.86784324e-02
  2.71026206e+00 7.82824874e-01]
 [1.95696867e+00 1.53783429e-02 1.16409457e+00 1.35632312e+00
  5.06540000e-01 9.10114869e-03 5.63800812e+00 1.45819640e+00
  7.20761493e-02 1.40310991e+00 7.61452320e-05 4.05938238e-01
  2.60781616e-01 2.78280616e+00 4.73564446e-01 2.78706420e-02
  1.26473784e-01 2.90304214e-01 5.13198614e-01 3.67487669e-01
  2.27776244e-01 9.71281081e-02 7.66866095e-03 3.84401035e+00
  2.24772125e-01 1.65057611e+00 3.04898906e+00 9.77863595e-02
  2.43031636e-01 9.21093896e-02 3.20782252e-02 6.23847842e-02
  5.99724567e-03 1.49449548e-02 1.19588542e+00 3.19230646e-01
  1.67583057e-03 1.56577432e+00 5.68423688e-01 2.04906359e-01
  6.91220462e-01 5.44308662e-01 2.31497377e-01 8.10485423e-01
  4.03862089e-01 5.69721013e-02 2.90050435e+00 1.56436408e+00
  1.22718178e-02 5.15890250e-04]
 [2.98906118e-01 1.02023303e-03 6.71004534e-01 5.13868146e-02
  1.51225299e-01 1.14972666e-02 1.19111054e-01 7.85871685e-01
  2.15821294e-03 1.28731355e-01 3.39525267e-02 5.55522382e-01
  2.58188605e-01 3.19253355e-01 6.11629775e-06 7.26297090e-04
  1.02115446e-03 1.23622134e-01 1.07356675e-01 1.67249367e-01
  2.46855408e-01 6.67861430e-03 1.98307298e-02 1.26987934e-01
  9.79053155e-02 1.49406409e+00 8.87458980e-01 6.57980815e-02
  9.17738751e-02 2.29771078e-01 8.36485550e-02 7.08000720e-01
  9.97055769e-02 8.35848227e-03 1.18665409e+00 1.37865525e-02
  3.99686508e-02 5.25071693e-04 4.75740767e+00 1.35035324e+00
  2.79381454e-01 2.54597038e-01 1.90754384e-01 9.07457173e-02
  1.76349297e-01 7.79482603e-01 7.70718455e-01 4.00838673e-01
  2.89135147e-02 1.36754692e-01]
 [3.58429104e-01 6.48940280e-02 1.17176723e+00 5.06413162e-01
  2.46481446e-04 8.45138803e-02 8.75853598e-02 1.41568339e+00
  3.52303274e-02 1.50168344e-01 8.78089964e-02 4.81899418e-02
  9.39148009e-01 2.63485988e-03 2.82496423e-01 1.55138060e-01
  1.61505565e-01 3.34372222e-01 2.26886421e-01 2.57363051e-01
  7.58371353e-01 1.27436250e-01 1.56583682e-01 3.51111382e-01
  1.86653882e-01 2.11703348e+00 1.08563101e+00 2.88855284e-01
  3.83603066e-01 5.11673033e-01 2.29677722e-01 2.73201793e-01
  3.41677442e-02 2.19887525e-01 1.31052184e+00 4.72844914e-02
  1.89638421e-01 1.55415401e-01 5.40538120e+00 7.32040644e-01
  3.45629048e+00 5.86553156e-01 8.79799128e-02 5.32254279e-02
  3.90924484e-01 1.03763700e+00 1.49425054e+00 2.72803336e-01
  8.37298572e-01 8.00541401e-01]
 [3.56640607e-01 4.43109907e-02 1.28278291e+00 5.16848825e-02
  3.48153412e-01 7.80270398e-02 2.44778857e-01 1.24538457e+00
  6.07929984e-03 1.58487990e-01 8.82981122e-02 4.89793152e-01
  9.15280640e-01 3.37101579e-01 1.14737876e-01 2.29294435e-03
  1.47043660e-01 1.53378367e-01 1.09525628e-01 4.90615424e-03
  6.62908316e-01 6.30296813e-03 4.98745665e-02 1.13248691e-01
  1.96323037e-01 1.03926778e+00 6.45344257e-01 1.76737860e-01
  6.33882508e-02 4.43152547e-01 2.24700645e-01 1.41378760e+00
  5.60515421e-03 3.70875094e-03 3.22214782e-01 5.58977462e-02
  1.83368847e-02 9.35836288e-04 4.37626362e+00 4.87038791e-01
  2.13958308e-01 7.56128252e-01 2.48931512e-01 2.13315815e-01
  2.31326774e-01 1.27588367e+00 1.53849685e+00 1.66698188e-01
  3.48348194e-03 2.24739581e-01]
 [4.15460944e-01 9.70380905e-04 9.64688182e-01 2.02423558e-01
  1.08849201e-02 3.25488150e-02 2.10679006e-02 1.14055109e+00
  7.36051425e-02 9.87870153e-04 1.88059304e-02 2.46803486e-03
  1.20083534e-03 7.45896101e-02 6.04904704e-02 1.42664045e-01
  4.32009883e-02 1.25794008e-01 7.82595854e-03 1.13028556e-01
  3.15115154e-01 3.94231611e-04 2.36643222e-03 1.64129250e-02
  1.48046603e-02 4.35714912e+00 1.02222383e-01 7.64956251e-02
  1.12690993e-01 1.97019473e-01 6.59655109e-02 2.90556526e+00
  1.65509935e-02 7.81993046e-02 1.06734419e+00 2.53558815e-01
  9.19638108e-03 3.50011289e-02 8.37690449e+00 8.48287791e-02
  5.20663857e-02 3.92956257e-01 5.00306702e+00 4.46293026e-01
  5.93834147e-02 2.60290802e-02 2.01483473e-01 3.78742516e-02
  1.16342366e-01 3.95446092e-01]
 [1.52045047e+00 9.50412229e-02 6.91859052e-02 2.37236828e-01
  1.45340785e-01 1.89505180e-03 5.64810514e-01 2.42159534e+00
  9.37456358e-03 2.73163527e-01 1.49960622e-01 4.26809071e-03
  2.01944239e-03 3.15436631e-01 3.73052508e-01 3.17285419e-01
  1.26072586e-01 1.44537941e-01 1.20488019e-03 2.36592561e-01
  1.58649772e-01 9.62359160e-02 1.25088587e-01 6.70856893e-01
  4.86282021e-01 3.95774531e+00 1.84728503e+00 5.93226671e-01
  6.06547952e-01 1.31812589e-02 2.34257281e-02 4.81780142e-01
  2.47032358e-03 1.09375393e+00 4.31578130e-01 2.81403214e-03
  3.55244465e-02 8.75690281e-02 7.88992929e+00 7.01480284e-02
  1.94440171e-01 1.70592144e-02 4.86839679e-04 8.14474761e-01
  3.28487635e-01 4.53955457e-02 1.33680150e-01 8.32881555e-02
  2.33295441e+00 6.64507039e-03]
 [1.24094620e-01 2.47126422e-03 1.14649460e-01 9.96614471e-02
  5.04655987e-02 8.84527899e-03 6.28058165e-02 1.03605366e+00
  4.39326931e-03 8.69616717e-02 5.08908555e-03 5.17539270e-02
  3.04657943e-03 2.43202802e-02 4.76098359e-02 1.18003709e-05
  4.23566736e-02 1.63063649e-02 1.47942947e-02 4.17191610e-02
  8.77965391e-01 4.94500855e-03 4.04669018e-03 2.48453958e-04
  2.52506793e-01 1.05791104e+00 3.94334108e-01 7.50834271e-02
  3.48034017e-02 2.27003060e-02 2.07514204e-02 1.19784474e+00
  6.44876447e-04 8.06707307e-04 1.43078074e-01 6.39676824e-02
  1.78628470e-04 1.34938303e-02 8.51504803e+00 1.93879306e-02
  6.43469319e-02 9.35803056e-02 5.20839952e-02 1.02278515e-04
  6.40958643e+00 9.41276327e-02 8.76082063e-01 5.42067848e-02
  2.00543189e+00 8.52177793e-04]
 [2.54795142e-03 7.88779557e-02 9.60844517e-01 2.69462973e-01
  1.91692054e-01 9.78234932e-02 3.94836843e-01 1.24669027e+00
  8.78962696e-01 1.03488438e-01 1.21420711e-01 3.20843458e-01
  9.21511412e-01 1.52313828e-01 3.17311697e-02 1.45583689e-01
  1.13478132e-01 9.72778872e-02 2.69153644e-03 1.09236203e-01
  1.22721767e+00 4.71845567e-02 6.87219948e-02 3.28151375e-01
  2.08582759e-01 1.08468664e+00 1.35657117e-01 1.25655040e-01
  3.31001401e-01 5.50965011e-01 1.75448254e-01 4.93301421e-01
  8.31437204e-03 3.45841914e-01 3.60835075e-01 5.29167503e-02
  2.02877253e-01 1.65419742e-01 4.17205572e+00 8.20365965e-01
  3.16300303e-01 4.00784016e-01 1.56574011e-01 1.43595740e-01
  2.57336617e-01 5.33851504e-01 1.43523240e+00 2.27194965e-01
  1.61119588e-02 4.64219064e-01]
 [1.48159876e-01 8.25310647e-02 1.10073400e+00 2.23337948e-01
  5.66490591e-01 1.22331515e-01 2.67152756e-01 1.44808578e+00
  8.57028216e-02 1.70254603e-01 7.50583112e-02 1.02652335e+00
  9.59598660e-01 5.98349869e-01 7.85300955e-02 1.41175255e-01
  1.39664873e-01 2.85314322e-01 2.77971804e-01 4.49543536e-01
  1.07296932e+00 2.66968999e-02 1.73829228e-01 1.02361701e-01
  1.52040094e-01 1.68807197e+00 1.04424858e+00 2.94438422e-01
  2.00416818e-01 9.40112889e-01 2.63594091e-02 7.63133228e-01
  4.24946919e-02 4.79592942e-02 9.75598454e-01 3.03702891e-01
  6.62545338e-02 7.06209708e-03 3.98777938e+00 9.02552664e-01
  7.42284715e-01 7.10648000e-01 2.88845539e-01 4.27193940e-01
  1.06314249e-01 4.48627055e-01 2.23627850e-01 9.95555371e-02
  3.53239357e-01 5.28041244e-01]
 [2.89000332e-01 6.61496189e-04 7.96827897e-02 2.49622971e-01
  7.44146295e-04 9.45439271e-04 1.45679131e-01 7.59413064e-01
  5.61876781e-02 6.98969439e-02 9.57066019e-04 4.34550835e-04
  4.66111787e-02 1.86390609e-01 1.98817641e-01 1.06134497e-01
  3.15398313e-02 1.20118685e-01 4.93441485e-02 1.02879874e-01
  8.24928284e-01 1.23225093e-01 1.71248578e-02 1.55857727e-01
  1.63186803e-01 2.22573209e+00 9.07822132e-01 1.62927195e-01
  1.75138742e-01 6.53628409e-02 8.40026885e-02 1.54027998e+00
  2.15193238e-02 1.23305642e-03 1.05055726e+00 5.66901639e-03
  5.00850864e-02 2.87761446e-02 7.56356335e+00 1.21251285e-01
  1.97950050e-01 3.41300666e-01 7.53512532e-02 4.42700565e-01
  1.30992323e-01 3.93200040e-01 9.89225864e-01 3.92677832e+00
  2.77041364e-03 7.16246426e-01]
 [1.13829747e-02 4.58825991e-04 7.46770442e-01 6.89051300e-02
  2.67739315e-02 7.25372694e-04 8.78533870e-02 1.64959204e+00
  1.02946339e-02 8.49856660e-02 2.51685464e-07 1.46508403e-02
  3.26602794e-02 2.52390560e-02 1.14976667e-01 5.78293384e-06
  2.94803418e-02 3.76823172e-02 7.21176388e-03 5.40653840e-02
  5.02884127e-02 1.19823136e-03 8.83750734e-04 9.07975808e-02
  6.40541986e-02 7.56677866e-01 7.26464272e-01 6.56341538e-02
  6.48603588e-02 4.63955197e-03 6.51221548e-04 1.07940957e-01
  8.06125347e-04 1.21938456e-02 1.35100245e+00 1.39540294e-02
  6.62800763e-03 1.65753216e-02 8.48701191e+00 3.94313029e-05
  1.47543922e-01 1.46137143e-04 6.92201173e-03 3.23506564e-01
  7.43942633e-02 6.03367528e-03 1.66117442e+00 1.00223877e-01
  4.11248356e-01 6.30759075e-03]
 [3.45254481e-01 1.09482788e-01 2.87132204e-01 4.43707198e-01
  3.53980422e-01 1.54533675e-02 1.24559805e-01 1.04808247e+00
  3.41953963e-01 1.94966316e-01 5.75206466e-02 4.03389484e-01
  1.24066579e+00 2.27229550e-01 1.47194922e-01 1.34534568e-01
  6.50417209e-02 3.37859601e-01 2.01718003e-01 2.66007036e-01
  7.24065900e-01 1.11623511e-01 6.51145168e-03 5.88930957e-03
  2.76706487e-01 1.51625443e+00 5.78118682e-01 8.01616609e-02
  2.15369418e-01 7.48739421e-01 2.24056542e-01 8.18943262e-01
  5.87796606e-02 1.06260650e-01 9.71847773e-01 5.86320639e-01
  8.23601056e-03 1.89225703e-01 2.80765224e+00 1.41667330e+00
  4.09369394e-02 2.80223638e-01 1.49186611e-01 3.43855500e-01
  3.02906126e-01 9.66363251e-01 8.43779564e-01 3.37518930e-01
  1.58077837e-05 2.01502740e-01]]
x0 : [6.78949207e-02 3.87093693e-01 9.74040985e-01 8.80042933e-07
 1.81556165e-01 3.25786382e-01 1.40561923e-01 1.78401126e-06
 5.18646129e-06 1.74145734e+00 2.89900303e-01 1.77281181e-04
 6.69141039e-02 3.49796079e-02 2.13235226e-02 1.13194948e-03
 2.98129348e-03 1.28381640e-01 1.17456816e-01 4.95845394e-04
 1.25396863e-01 1.39720917e-01 9.35074128e-03 1.11130625e-03
 1.06754802e-01 2.71781441e-03 2.88111158e-03 1.24617793e-06
 1.64721742e-01 3.61099131e-02 4.63330418e-01 8.63295835e-09
 1.20879538e-01 2.27347985e-01 8.44497204e-01 1.31638488e-04
 1.84602463e+00 6.93575275e-05 7.12536834e-03 8.72121518e-07
 1.12394817e-01 7.42528960e-02 6.15805835e-02 7.29674014e-07
 3.34404230e+00 2.26210081e-03 3.93633433e-02 1.25059451e-04
 1.09506520e-02 5.03457971e-02 3.16708843e-04 6.74020612e-06
 6.85113817e-02 2.74601221e-01 1.23702958e-01 9.93874437e-07
 2.14135200e-02 1.10851107e-02 3.46535183e-02 2.95705104e-04
 1.42839849e-02 1.54970419e-02 6.35753423e-02 1.01012050e-03
 7.67160906e-04 1.54142012e-03 2.86228117e-02 1.18202611e-03
 3.77282104e-03 6.76837936e-03 1.70389727e-01 1.72791060e-05
 2.02137642e-04 1.16705015e-01 2.00515166e-01 1.64374484e-07
 8.16340034e-04 4.54443812e-01 2.56335735e-02 2.07560675e-04
 9.23634693e-02 2.58210540e+00 1.04197785e-01 9.29417845e-04
 1.89512312e-01 2.14175321e-03 1.13587894e-01 1.97476402e-04
 4.30162922e-02 1.52406812e+00 2.27307916e-01 1.76324602e-06
 5.95338345e-02 1.52320033e-02 2.74214238e-01 1.97571069e-07
 1.96862698e-01 3.10243014e-02 2.84039617e-01 5.68996313e-07
 4.60253982e-03 2.28730701e-02 4.75147915e+00 6.10511284e-04
 4.16105315e-02 3.25862155e-03 7.37406835e-02 6.20154722e-04
 1.45014450e-02 1.99248075e-01 2.18275934e-01 1.09236453e-06
 3.17959003e-02 9.94259892e-08 1.10368952e-02 1.08036527e-03
 3.82189117e-02 1.14427805e-01 5.43050410e-04 1.92689004e-06
 7.42172450e-03 2.96646953e-01 1.76833972e-01 1.15427588e-06
 1.70757572e-04 4.80436707e+00 2.81542635e+00 3.34771212e-05
 3.99873964e-03 2.86746711e-01 1.81916550e-01 1.04246810e-05
 1.60095870e-01 1.49205578e-02 1.32577449e-01 2.43520204e-04
 2.23998144e-01 8.84456784e-02 2.08637459e-04 2.06189521e-04
 6.31971780e-05 1.73134422e+00 4.69237380e-02 1.86014295e-04
 4.39698361e-02 2.62903683e-02 2.23158047e-01 1.02893508e-03
 2.49995023e-01 4.16459627e-02 5.97062528e-01 9.69612520e-05
 1.29805470e+00 2.37935781e-01 4.93578005e+00 4.50872903e-08
 3.83022353e-02 1.89710222e-02 2.49192654e-03 1.36553737e-07
 8.10112506e-02 5.79330586e-02 5.44402748e-04 3.31517913e-06
 2.05806340e-03 6.96899444e-02 7.51501918e-02 1.69020154e-06
 4.78943111e-03 3.24048817e-01 5.70848119e-03 1.37465133e-06
 8.11175257e-03 4.24823046e+00 6.58911467e-01 2.04851021e-04
 1.87992603e-01 1.80257931e-01 1.03787221e-01 8.52311263e-04
 3.90032619e-01 4.98496974e-03 2.03950301e-01 1.66513943e-04
 5.29444702e-02 1.81762241e-02 2.44016767e-01 3.48304748e-05
 6.20373874e-04 8.27448815e-02 8.88578780e-03 7.80764734e-04
 5.79824031e-04 5.36121070e-01 5.17656946e+00 2.83065378e-06
 3.43915485e-02 2.31951363e-02 6.62713170e-01 2.12256418e-04]
nUIV_to_SIR : {'slope': array([9.132366], dtype=float32), 'threshold': array([0.3986785], dtype=float32)}
