SIR MODEL PARAMETERS
beta : 67.5
gamma : 0.75
x0 : [0.99 0.01 0.  ]
num_hosts : 50
NUIV MODEL PARAMETERS
beta : [6.6308904e-01 2.1362994e-04 3.8751627e-03 7.2992128e-01 5.4932112e-05
 2.4221613e-01 3.4787729e-07 3.4041655e-05 3.2338433e-02 1.0356564e-02
 1.8550230e-04 4.9167437e-07 1.5437285e-05 5.2655546e-06 4.2829702e-06
 1.6687701e-04 7.0222224e-05 1.6444301e-03 4.9133040e-03 1.2412017e-02
 9.4805889e-02 3.7196420e-02 4.3190921e-06 2.4009662e-06 2.7534552e-04
 7.2639537e-01 2.1359393e-01 1.6094018e-06 1.6609143e-02 7.2810608e-01
 1.1722855e-02 6.3463352e-07 2.2142176e-05 1.0194698e-05 3.0961289e-04
 1.0317379e-01 8.4972174e-07 7.3253158e-03 2.7117943e-03 1.1330639e-03
 1.1926870e-01 2.9703400e-01 1.5196102e-05 5.4812682e-04 1.8626226e-05
 4.0446807e-06 4.3430173e-06 1.9993168e-01 1.4174052e-01 2.3926501e-04]
delta : [2.6134941e-01 1.1408743e+00 7.7467091e-02 2.7081510e-01 2.0870266e+00
 6.3380635e-01 2.4132931e+00 1.8382089e+00 2.4216447e+00 2.8815249e-01
 1.0399813e-01 1.5597790e-01 2.8076920e-01 2.3300140e+00 3.9374284e-03
 1.8188249e+00 2.0115688e+00 1.4090376e+00 8.9665830e-02 1.9950490e-01
 4.6071172e-01 2.0684624e+00 1.9535378e+00 2.3494659e-02 1.6910415e+00
 2.8963989e-01 1.9588071e+00 1.0353445e+00 1.7230418e+00 4.7581609e-02
 1.4271888e+00 1.2035625e+00 1.2012976e+00 1.1887115e-01 4.6257749e-02
 5.8980333e-03 1.6758398e+00 1.8073074e+00 2.7929790e+00 2.3710743e-01
 1.2186501e+00 3.9016894e-01 1.4649261e+00 1.4923970e+00 2.0675685e+00
 1.3604756e-03 2.2274866e+00 1.7214568e+00 2.7055073e+00 1.5903490e+00]
p : [4.52499539e-01 1.99946344e-01 1.00991881e+00 5.09130597e-01
 2.00717211e-01 4.96055558e-03 5.41414544e-02 9.06604305e-02
 5.42834750e-04 2.57243186e-01 5.29836953e-01 1.94148272e-01
 1.16124421e-01 1.84727281e-01 4.10690337e-01 8.82502124e-02
 3.50204781e-02 1.92240059e-01 2.34625578e-01 1.62380695e-01
 4.34675254e-02 1.06323011e-01 9.80884768e-03 4.48724955e-01
 2.00027242e-01 3.54398072e-01 2.12571817e-04 1.42667249e-01
 1.62523359e-01 1.49829233e+00 2.00129643e-01 1.72404110e-01
 1.00935616e-01 9.38257948e-02 5.38240552e-01 5.55661857e-01
 1.69069648e-01 3.10238171e-02 1.47224084e-01 4.90584105e-01
 2.00005561e-01 1.37495589e+00 1.99871615e-01 2.00529069e-01
 7.27621838e-02 6.46126986e-01 4.13317932e-04 1.00889869e-01
 5.27789034e-02 1.28910124e-01]
c : [4.7748401e-03 2.4002132e+00 1.3550363e+00 5.8234416e-02 2.3998649e+00
 2.3344934e+00 2.3985872e+00 2.4020288e+00 2.3994298e+00 1.9386357e+00
 2.4022326e+00 2.4031408e+00 2.3984163e+00 2.3982530e+00 2.4006999e+00
 2.4013474e+00 2.3975701e+00 2.3998191e+00 2.3994524e+00 2.4028225e+00
 2.4022293e+00 2.3998220e+00 2.3999605e+00 2.3999174e+00 2.3993781e+00
 2.1094230e-01 2.3985031e+00 2.3990099e+00 2.3998749e+00 7.3217722e-03
 2.3996475e+00 2.3987765e+00 2.3988869e+00 2.3992729e+00 1.4350703e+00
 2.0861311e+00 2.4033444e+00 2.4000995e+00 2.3992116e+00 2.2931969e+00
 2.3996999e+00 9.7084492e-02 2.3991370e+00 2.3993785e+00 2.4021363e+00
 1.6488193e-03 2.4029994e+00 2.4089150e+00 2.3443232e+00 2.3981605e+00]
t : [[2.17919305e-01 1.16032556e-04 5.51541924e-01 4.93357509e-01
  2.48392493e-01 6.37083886e-10 3.27050388e-01 2.39809841e-01
  2.04649910e-01 1.35038968e-03 8.76991999e-06 5.38779772e-04
  9.21715051e-02 5.43608367e-01 1.40002236e-01 9.76283196e-03
  4.80287634e-02 9.22684371e-01 1.20419078e-01 1.92459163e-04
  1.32684791e-05 5.85944916e-04 5.87451570e-02 8.07082355e-02
  5.55384815e-01 2.04407597e+00 1.94346619e+00 5.79553954e-02
  1.71614904e-02 6.77666545e-01 3.09540960e-03 3.55219381e-04
  2.44389281e-01 7.05168247e-02 4.55653667e-01 3.58531404e+00
  3.92812975e-02 1.64957873e-05 3.91544588e-03 2.10214421e-05
  3.49664921e-03 4.35343409e+00 2.05581814e-01 9.30638271e-05
  6.68434322e-01 7.72270778e-06 5.96215129e-02 6.99813440e-02
  9.13872361e-01 1.49828106e-01]
 [2.69361234e+00 3.20021957e-01 2.65196919e+00 2.46768028e-01
  8.16642307e-03 3.37004066e-02 1.31527615e+00 4.17017072e-01
  9.35983419e-01 1.51461959e+00 2.21455600e-02 6.04848623e-01
  3.22133861e-02 1.04499960e+00 5.58425009e-01 6.50702357e-01
  1.69143686e-03 1.92275047e+00 4.12756145e-01 4.82265651e-03
  1.09656537e+00 8.28083575e-01 2.09061813e+00 1.41009676e+00
  9.98783827e-01 7.50054300e-01 1.89997458e+00 7.32639194e-01
  1.44365275e+00 2.70792842e-03 6.00664854e-01 2.98088342e-01
  1.65013599e+00 6.82750285e-01 1.19035423e+00 3.76887918e-01
  1.96345840e-02 8.90779853e-01 1.07586193e+00 3.20817739e-01
  4.79224116e-01 1.55553281e+00 1.31551969e+00 1.66292059e+00
  1.06462264e+00 6.59097254e-01 4.68644053e-02 4.20997776e-02
  1.37412739e+00 7.29739308e-01]
 [5.00156975e+00 1.02417044e-01 5.42469800e-01 6.39725089e-01
  3.69175784e-02 2.94971347e-01 7.15079382e-02 1.70065433e-01
  2.29792193e-01 1.01248062e+00 2.85705030e-01 3.41747962e-02
  1.24915607e-01 1.97691121e-03 2.46723816e-01 3.44305225e-02
  1.22913569e-01 7.60683596e-01 3.08085582e-03 3.26806214e-03
  5.06889760e-01 1.12397112e-01 7.49779463e-01 2.35543609e-01
  2.26318777e-01 1.36109459e+00 1.90419829e+00 2.40273088e-01
  5.49516343e-02 8.15452039e-02 3.60961676e-01 6.61658763e-04
  6.00960076e-01 5.91307104e-01 5.28409902e-04 1.07911406e-02
  2.68135276e-02 8.84198174e-02 1.42509580e-01 3.86952536e-07
  2.10487202e-01 1.56174493e+00 6.60145804e-02 6.87096000e-01
  7.57846892e-01 4.99638259e-01 8.49443004e-02 1.96066335e-01
  1.08192205e+00 7.19363093e-02]
 [4.18086481e+00 6.03251196e-02 6.75224364e-01 3.81499119e-02
  3.61655392e-02 5.12458272e-02 1.18110798e-01 4.27015603e-01
  5.68245292e-01 2.12227687e-01 7.33537972e-02 1.21190166e-02
  1.40209317e+00 5.58336712e-02 5.43374956e-01 2.73019057e-02
  1.21989492e-02 4.65429544e-01 1.10105038e-01 2.03341537e-04
  5.92351675e-01 9.83525161e-03 1.38190791e-01 1.21969348e-02
  7.49219596e-01 2.54778671e+00 1.00104618e+00 7.22673372e-04
  7.28735700e-02 1.38136256e+00 4.43213493e-01 2.72987847e-04
  2.38995269e-01 6.20617032e-01 3.43207806e-01 3.62533401e-03
  1.41654462e-02 4.68132682e-02 3.44654657e-02 3.35574259e-05
  3.86544973e-01 2.19634366e+00 3.35648894e-01 1.37716278e-01
  9.89295077e-03 1.10439695e-02 9.27800685e-02 1.91111118e-01
  1.11168659e+00 3.63980919e-01]
 [4.26038861e-01 6.45217836e-01 1.20972228e+00 1.24081641e-01
  3.34204221e+00 9.45639983e-03 1.04736626e+00 6.81732714e-01
  3.51026893e-01 8.19150627e-01 3.29356551e-01 3.16617250e-01
  6.76018834e-01 7.75224149e-01 6.12833083e-01 3.95597905e-01
  2.66720224e-02 5.96349359e-01 1.02025914e+00 1.65978205e+00
  7.03943074e-01 1.82516539e+00 1.02689707e+00 8.26655149e-01
  8.23125362e-01 2.89562404e-01 1.11359894e+00 5.85190952e-01
  1.19798255e+00 2.50623316e-01 7.63192773e-01 5.30732691e-01
  7.95868337e-01 4.42033291e-01 6.62966549e-01 5.19475222e-01
  1.34064304e-02 5.55155933e-01 3.59827667e-01 1.11640477e+00
  1.08252668e+00 3.91508251e-01 9.04317975e-01 5.92635989e-01
  6.54934585e-01 1.80054784e+00 4.78046611e-02 7.58544058e-02
  5.42053878e-01 2.03966528e-01]
 [1.41432607e+00 1.01009977e+00 3.90045643e+00 2.85168529e-01
  2.70420879e-01 3.32843041e+00 8.37203324e-01 6.47606194e-01
  3.77168208e-01 6.84817791e-01 8.62272605e-02 4.65068609e-01
  1.24595717e-01 2.58008182e-01 5.61412990e-01 4.55210626e-01
  1.79513451e-02 1.22344661e+00 1.17657304e+00 2.54207943e-02
  1.11046875e+00 4.60722856e-03 1.22312438e+00 2.97263116e-01
  1.30471647e+00 7.50441790e-01 1.42840552e+00 1.00581610e+00
  2.08402425e-01 7.99539872e-03 4.09958035e-01 1.26041561e-01
  1.25727546e+00 1.03130412e+00 8.40094328e-01 2.74577755e-02
  3.41901958e-01 1.02513123e+00 2.00858787e-01 1.49995625e-01
  3.91808450e-01 6.65606707e-02 1.15339231e+00 9.91902828e-01
  9.63442087e-01 3.12277395e-02 3.60071771e-02 5.30523658e-02
  7.51563489e-01 2.71983862e-01]
 [2.44266248e+00 2.08149955e-01 1.18057072e+00 6.62714601e-01
  4.31815349e-02 8.06638077e-02 8.57572615e-01 5.28824151e-01
  1.44218266e-01 1.02009201e+00 6.40122220e-02 6.18759453e-01
  1.21995139e+00 3.66117924e-01 1.42416075e-01 5.57811499e-01
  1.13227107e-01 8.46185863e-01 1.18187380e+00 3.82472426e-01
  7.64256597e-01 7.34165132e-01 1.18726909e+00 7.43658235e-03
  8.67561340e-01 5.42982817e-01 1.03420067e+00 2.20588161e-04
  1.73557222e-01 1.49562806e-01 4.03598882e-02 9.82927978e-02
  6.14267409e-01 2.15601534e-01 4.82858896e-01 1.74361304e-03
  4.73133534e-01 5.21388769e-01 7.66262650e-01 1.69515479e+00
  3.19529176e-01 6.29000783e-01 1.95233226e-01 4.76979047e-01
  1.04940999e+00 2.16232562e+00 3.77513319e-01 1.69082992e-02
  6.48130596e-01 3.79957817e-02]
 [2.58548355e+00 8.18267643e-01 3.84520435e+00 5.16093802e-03
  2.60399491e-01 8.89799371e-02 1.21228731e+00 3.74992371e-01
  1.06802511e+00 8.97062182e-01 1.37658685e-01 1.07357860e+00
  1.43387879e-03 1.28834105e+00 6.05567634e-01 4.42638583e-02
  1.89747974e-01 1.58802211e+00 1.19809997e+00 1.53992519e-01
  1.16743720e+00 6.94479328e-04 1.94023311e+00 3.40194777e-02
  1.55811346e+00 4.63125318e-01 2.22188377e+00 3.52183908e-01
  3.59816581e-01 1.08066387e-02 8.22724581e-01 2.08071262e-01
  1.86890662e+00 1.04340839e+00 1.41379869e+00 1.56720042e+00
  1.24262929e-01 8.67514372e-01 1.51217997e-01 1.45492340e-02
  5.26799023e-01 4.61661756e-01 1.18431640e+00 1.88404500e+00
  1.02303338e+00 9.09253396e-03 2.00656399e-01 8.55529979e-02
  1.13721240e+00 7.28142187e-02]
 [3.50844836e+00 1.51948899e-01 1.37492018e-02 2.12581944e+00
  1.46830544e-01 1.14813581e-01 3.43474820e-02 8.84691981e-05
  1.23382509e+00 9.11294580e-01 5.33906445e-02 2.97743850e-03
  5.71118928e-02 6.56289682e-02 1.67132378e-01 1.85559224e-02
  1.36344045e-01 1.02026381e-01 2.31609568e-02 4.78117764e-02
  2.25649565e-01 3.66550945e-02 8.95429134e-01 3.56775112e-02
  1.80330388e-02 1.15775204e+00 3.29755968e-03 4.92635339e-01
  8.17070063e-03 4.54175025e-02 1.20388735e-02 5.86945266e-02
  4.13473219e-01 3.99014831e-01 1.15791798e-01 1.43539403e-02
  1.07197613e-01 3.42901766e-01 8.81181136e-02 3.31386179e-02
  4.41990705e-05 7.37048984e-01 4.20046272e-03 1.38654616e-02
  8.25908244e-01 5.00602722e-02 6.97651729e-02 1.70333445e-01
  6.62082970e-01 2.72818834e-01]
 [3.46951580e+00 3.06876391e-01 1.52212965e+00 6.77493930e-01
  1.14080265e-01 1.24847321e-02 7.74696887e-01 8.84492993e-01
  8.26562047e-01 4.94022727e-01 1.99283590e-03 8.94513130e-02
  1.20178640e+00 3.40852171e-01 2.91064292e-01 5.89899838e-01
  2.56743044e-01 5.48132718e-01 1.85204923e+00 9.72035110e-01
  4.15981980e-03 2.54253447e-01 1.12211967e+00 2.86602855e-01
  8.00313592e-01 5.70476532e-01 1.17395473e+00 7.12937832e-01
  3.22451144e-02 8.26566741e-02 5.90780377e-01 9.25660655e-02
  5.89728542e-02 1.03463662e+00 1.03088450e+00 2.24563200e-03
  3.19706202e-01 5.40511489e-01 4.11216259e-01 5.61953001e-02
  3.69214952e-01 1.01507819e+00 5.81959546e-01 7.48208404e-01
  5.14115021e-02 3.52667421e-02 1.59244522e-01 2.53322065e-01
  7.44502544e-01 5.19748867e-01]
 [2.87988687e+00 4.55272645e-01 2.59221983e+00 1.42953601e-02
  3.58466715e-01 1.09081985e-02 9.66430783e-01 5.28321803e-01
  7.68194616e-01 1.20645118e+00 2.38875675e+00 9.16056693e-01
  4.49605316e-01 8.26137722e-01 3.81020635e-01 8.84081006e-01
  4.73259240e-02 1.18101013e+00 2.77939141e-02 1.22599967e-01
  4.21320386e-02 1.79619774e-01 2.57071042e+00 9.58281904e-02
  8.26114655e-01 9.05890226e-01 1.45956945e+00 1.14652753e+00
  7.83277512e-01 3.03655653e-03 4.11140591e-01 3.97635438e-02
  6.51754022e-01 1.18217194e+00 6.04263604e-01 4.99490872e-02
  3.15346830e-02 2.00025499e-01 1.44932091e+00 9.70272422e-02
  6.37092412e-01 8.19106698e-01 9.09431279e-01 1.14837813e+00
  8.17222655e-01 2.46268630e+00 1.91195995e-01 8.73338878e-01
  1.31363106e+00 7.15366602e-02]
 [1.86253417e+00 8.87315869e-01 1.25540185e+00 1.14062393e+00
  2.63774723e-01 4.34839800e-02 9.91452217e-01 4.42965597e-01
  4.87417310e-01 4.89824682e-01 2.13521775e-02 4.77596134e-01
  1.10021666e-01 3.34362030e-01 1.17381811e-02 3.90060604e-01
  1.34456739e-01 9.52378452e-01 1.22842304e-02 1.85745090e-01
  3.06376040e-01 2.14963816e-02 7.55163014e-01 5.07831633e-01
  1.03478527e+00 9.29737210e-01 8.61653626e-01 4.92105931e-01
  1.68965589e-02 2.25519580e-05 2.09052220e-01 2.43587077e-01
  9.72345889e-01 8.34310770e-01 9.21456814e-01 9.59204495e-01
  9.79265943e-02 8.41351077e-02 2.74304934e-02 1.62903652e-01
  7.42801070e-01 1.30313003e+00 8.08025360e-01 7.70578980e-02
  4.59389657e-01 1.19489953e-02 2.00475201e-01 1.29265919e-01
  7.52508402e-01 2.21760869e-02]
 [4.14323807e+00 4.23032269e-02 1.04968190e+00 9.93749499e-01
  3.54061536e-02 2.67146915e-01 1.09559763e-02 5.79175502e-02
  1.03228455e-02 5.80564916e-01 2.02350169e-02 7.90147603e-01
  3.30116367e+00 3.13275576e-01 2.13089004e-01 3.55269462e-01
  2.07424387e-01 8.16952407e-01 2.80465279e-02 7.61873182e-03
  3.48476559e-01 3.94566432e-02 6.08883262e-01 2.64940321e-01
  1.38369232e-01 7.82462418e-01 9.20007765e-01 1.53034016e-01
  1.52081512e-02 4.48608875e-01 8.66513431e-01 6.74642771e-02
  8.33172858e-01 4.38277155e-01 2.25748256e-01 6.74713552e-02
  9.36787352e-02 6.69590056e-01 1.41480297e-01 1.34759611e-02
  2.12419801e-03 1.38958800e+00 9.34273824e-02 4.33495902e-02
  1.11389363e+00 9.18369710e-01 2.05342576e-01 3.32036048e-01
  6.04321301e-01 3.34242225e-01]
 [2.70759130e+00 2.32180133e-02 8.66216242e-01 1.09859931e+00
  7.41849542e-02 4.33855444e-01 7.13943779e-01 5.87980822e-03
  6.18198454e-01 1.75737124e-03 1.35463864e-01 3.00006211e-01
  9.40855682e-01 6.19313657e-01 4.13943648e-01 1.09449424e-01
  4.59306985e-01 1.05460107e+00 1.07429162e-01 4.43232991e-02
  4.38734919e-01 1.27122523e-02 1.19277573e+00 9.08978164e-01
  7.16445684e-01 3.43606114e-01 1.46793020e+00 4.96281385e-01
  1.08712897e-01 2.23437175e-02 4.40335482e-01 1.51529402e-01
  7.65916631e-02 3.83138210e-02 1.59753695e-01 5.41310348e-02
  4.45258133e-02 8.86653960e-01 3.11311215e-01 5.38114756e-02
  2.97206250e-04 6.94048405e-01 1.17756046e-01 7.57294357e-01
  7.24782646e-01 4.14651394e-01 2.65052795e-01 3.89934555e-02
  4.16308761e-01 1.61485836e-01]
 [3.10900044e+00 9.53491852e-02 2.16000390e+00 3.75667587e-02
  3.73213775e-02 9.00474284e-03 1.11692202e+00 8.37858558e-01
  2.81466156e-01 1.09482241e+00 2.82888450e-02 7.59343147e-01
  3.32570672e+00 2.77604073e-01 9.26932573e-01 7.48095363e-02
  5.18988408e-02 1.33649457e+00 2.24000001e+00 1.47895187e-01
  7.81114101e-01 1.97068155e+00 1.75916851e+00 4.74483185e-02
  9.77569580e-01 8.00137639e-01 1.53973973e+00 3.36315691e-01
  2.42963180e-01 1.30846873e-01 2.03002542e-01 1.09378167e-03
  9.28914249e-01 4.77923840e-01 7.54938960e-01 3.13531980e-03
  7.35329568e-01 8.71626318e-01 4.88626003e-01 2.50159670e-03
  5.44795953e-02 3.55738789e-01 9.90731478e-01 1.22770000e+00
  9.10674930e-01 3.13592172e+00 1.67124659e-01 5.07263876e-02
  9.66016054e-01 1.38102984e-02]
 [3.67025900e+00 4.61307049e-01 3.54023600e+00 5.60963094e-01
  1.78297430e-01 8.94919813e-01 6.30893111e-01 4.36245680e-01
  8.60502422e-01 8.99128556e-01 2.58748420e-02 6.52679980e-01
  6.39119893e-02 6.80871189e-01 4.20220703e-01 2.82383680e+00
  8.05370510e-02 1.92031443e+00 3.19328129e-01 1.85205743e-01
  5.36294505e-02 3.48744914e-03 1.53510082e+00 3.87724815e-03
  3.60088080e-01 8.51380229e-01 2.44545388e+00 1.05803207e-01
  2.52995998e-01 8.61874938e-01 3.56631070e-01 4.47202623e-02
  1.25751778e-01 7.22701475e-02 6.38926744e-01 6.79718629e-02
  5.82541704e-01 5.50945103e-01 4.87830371e-01 7.12254941e-02
  6.70962874e-03 9.06154692e-01 9.36652482e-01 6.39460742e-01
  6.56706035e-01 2.41348878e-01 2.26881340e-01 4.51788694e-01
  9.99095500e-01 1.03802048e-01]
 [1.55365467e+00 1.19397533e+00 1.73769307e+00 1.05226052e+00
  3.37190390e-01 3.49204451e-01 9.39383328e-01 1.02610719e+00
  9.63737965e-01 6.42941296e-01 2.32641414e-01 4.61705655e-01
  3.56590092e-01 1.21973634e+00 9.07629728e-01 4.76654887e-01
  3.19233108e+00 1.05651152e+00 1.77059650e-01 1.95159480e-01
  9.85695958e-01 5.83404340e-02 9.36633885e-01 1.30573049e-01
  1.05576730e+00 2.83218294e-01 1.71143687e+00 6.10644937e-01
  3.49254608e-01 2.97621470e-02 1.16341865e+00 4.94389385e-01
  9.49628092e-03 1.07242918e+00 8.36719632e-01 2.77929574e-01
  1.64871141e-02 5.94750285e-01 4.01783317e-01 4.33609009e-01
  3.27549338e-01 4.17970955e-01 5.25101304e-01 6.61646366e-01
  1.14475679e+00 3.41980994e-01 2.75749713e-01 7.97629505e-02
  7.52738774e-01 1.32606523e-02]
 [3.47665834e+00 4.31563258e-01 1.50722969e+00 1.53917503e+00
  3.77213396e-02 1.23365901e-01 4.27903906e-02 1.37586251e-01
  1.16320327e-01 1.30027759e+00 5.07837683e-07 2.85963029e-01
  8.35304335e-03 6.04493022e-01 3.93576734e-02 9.90407467e-02
  1.18322903e-02 4.58218426e-01 2.11708888e-04 8.46212432e-02
  4.94656384e-01 3.97235826e-02 1.13001025e+00 1.44074887e-01
  6.11185849e-01 9.77883756e-01 1.57454538e+00 4.75862890e-01
  9.11975801e-02 3.83539081e-01 1.97231188e-01 6.33246526e-02
  6.61281943e-01 6.66014373e-01 4.19510841e-01 1.19094597e-02
  1.91358581e-01 3.45376521e-01 2.73817420e-01 8.27721506e-03
  1.07915485e-02 1.08390534e+00 1.95510089e-01 1.47553131e-01
  1.07005584e+00 5.94310015e-02 7.44892731e-02 5.60292378e-02
  1.17463040e+00 7.36267939e-02]
 [3.68606257e+00 7.02841938e-01 1.27240741e+00 8.28005373e-01
  3.02258521e-01 2.00251013e-01 2.92796195e-01 3.95381445e-04
  6.27224028e-01 9.65161383e-01 5.52627780e-02 6.78069353e-01
  1.28345445e-01 3.32878722e-06 5.18551350e-01 1.87731553e-02
  1.67068809e-01 1.36460352e+00 3.40880251e+00 1.58658266e-01
  4.51020509e-01 2.65102442e-02 1.24607956e+00 1.49948131e-02
  2.40966212e-03 8.97883534e-01 3.50287151e+00 2.76911613e-02
  2.13587619e-02 3.03753419e-03 2.49136072e-02 6.39399141e-02
  7.36526608e-01 3.16144270e-03 5.70203364e-01 5.98980226e-02
  3.03653419e-01 5.83775516e-04 2.64269114e-01 1.87977955e-01
  2.15777848e-02 1.09822619e+00 8.14303935e-01 9.54498827e-01
  1.12111819e+00 4.63799350e-02 9.11535993e-02 1.35285079e-01
  1.11100125e+00 2.67357677e-01]
 [1.90355551e+00 4.91411746e-01 1.44342625e+00 1.06660701e-01
  5.73989637e-02 2.92786658e-01 1.17148829e+00 7.36793518e-01
  7.51165986e-01 7.76114345e-01 1.58038527e-01 4.39876974e-01
  2.08086300e+00 7.08305001e-01 7.89256096e-01 8.61800909e-01
  1.51971728e-01 1.09367514e+00 5.64210415e-01 1.01703978e+00
  9.62253213e-01 5.62199116e-01 1.14368796e+00 1.51163886e-05
  9.89999890e-01 2.76031643e-02 1.14776909e+00 6.56577110e-01
  7.91139483e-01 5.17397299e-02 7.23674297e-01 1.53939986e+00
  9.95264053e-01 8.32870603e-01 9.96487975e-01 2.85709323e-03
  3.73066127e-01 7.22755432e-01 2.28343263e-01 1.97189916e-02
  1.13923371e-01 4.41193253e-01 7.89726913e-01 9.61071193e-01
  8.13425422e-01 1.25085771e+00 1.42125160e-01 4.46292153e-03
  1.20125306e+00 2.06311345e-01]
 [2.95123053e+00 4.00496483e-01 6.69564545e-01 1.34248376e+00
  6.52314126e-02 1.56164065e-01 6.16749167e-01 1.43222913e-01
  2.64020860e-01 2.04167664e-01 1.66459155e-04 6.77183926e-01
  1.72516936e-03 6.96777880e-01 6.58795595e-01 1.27904966e-01
  2.83146620e-01 5.05009890e-01 1.16188657e-02 1.03209160e-01
  9.18767750e-01 5.53913191e-02 8.93768430e-01 3.89090809e-03
  5.26428163e-01 5.37056744e-01 8.23543668e-01 2.54186802e-02
  2.23649777e-02 1.30645120e+00 2.38697305e-01 2.31939790e-04
  8.08804452e-01 5.57271898e-01 2.10945442e-01 5.63120935e-03
  3.46902996e-01 1.07802730e-02 7.15434849e-02 6.38875505e-03
  7.30223348e-03 1.25434101e+00 8.75279605e-01 9.18718755e-01
  9.11603928e-01 1.24694489e-01 4.94937114e-02 2.25551054e-02
  5.69257498e-01 2.95160681e-01]
 [1.45498264e+00 5.82645476e-01 1.17328727e+00 3.48234236e-01
  1.40784532e-01 2.82681823e-01 1.02929616e+00 7.64383495e-01
  7.81593621e-01 4.65364993e-01 1.78392023e-01 5.86216569e-01
  2.06116271e+00 1.07089674e+00 5.58477044e-01 8.20164621e-01
  2.32273117e-01 1.32626224e+00 2.27263618e+00 6.49220109e-01
  4.97057915e-01 3.01175809e-04 1.33794308e+00 1.80470794e-02
  6.98816836e-01 3.90204966e-01 6.92489445e-01 2.86527544e-01
  3.69529903e-01 7.24605983e-04 4.99245584e-01 3.57939273e-01
  8.19067538e-01 1.09671390e+00 1.07001638e+00 1.72452275e-02
  2.86546797e-01 6.61074460e-01 6.66446447e-01 2.06968021e+00
  6.81637645e-01 9.95589018e-01 4.81086820e-01 8.26460540e-01
  7.87778616e-01 6.55174792e-01 1.91955924e-01 1.85503252e-02
  7.95580328e-01 2.68274188e-01]
 [4.68499088e+00 1.52531691e-04 1.74302208e+00 1.12265086e+00
  8.22693855e-02 3.75925869e-01 7.35599875e-01 3.26073132e-02
  5.20636439e-01 1.11808586e+00 3.50765400e-02 2.68031210e-01
  3.34366299e-02 4.03131962e-01 1.70296818e-01 2.17688859e-01
  1.09277815e-01 1.30650842e+00 8.90999734e-02 1.03500500e-01
  7.52762472e-03 2.10199808e-03 2.20876351e-01 2.89697438e-01
  4.56841201e-01 1.34237683e+00 1.30760276e+00 1.68838531e-01
  1.66123845e-02 3.02061021e-01 5.22383511e-01 7.83223137e-02
  4.89856958e-01 5.04877508e-01 2.02938765e-02 1.49311079e-02
  9.03153494e-02 3.51774186e-01 2.57328227e-02 7.15452060e-02
  8.55017677e-02 1.49132442e+00 4.22755003e-01 9.40540612e-01
  5.98663688e-01 1.03000142e-01 4.85439301e-02 2.21876949e-01
  8.32906961e-01 3.81237939e-02]
 [2.55164504e+00 5.01444697e-01 2.06523371e+00 7.35412002e-01
  1.73137203e-01 1.72481775e-01 4.87612665e-01 4.77594823e-01
  7.38586843e-01 1.33420169e+00 4.78456050e-01 5.64447641e-01
  9.68543351e-01 1.07107937e+00 1.04355776e+00 6.63904548e-01
  1.85024381e-01 1.50000834e+00 2.30831876e-02 7.78889563e-03
  8.21661711e-01 1.48100913e-01 1.13101685e+00 2.82610416e+00
  7.29617238e-01 6.18961155e-01 1.88066280e+00 1.02764761e+00
  2.51248002e-01 2.12379649e-01 6.27030432e-01 1.27609313e-01
  1.35723329e+00 1.02389085e+00 1.14134848e+00 5.90019524e-02
  2.38536745e-02 4.16370124e-01 2.32905410e-02 9.39605460e-02
  4.07257080e-01 8.37343931e-01 3.66732597e-01 8.98630440e-01
  8.17972362e-01 1.48664165e+00 2.09624723e-01 2.37438068e-01
  1.04183674e+00 6.75662160e-02]
 [3.72399116e+00 6.31253421e-01 1.32972324e+00 1.15795523e-01
  2.68019587e-02 7.19845900e-03 2.00623184e-01 3.26822877e-01
  2.77626753e-01 8.74442697e-01 7.09541380e-01 1.42461523e-01
  3.56154405e-02 1.68169722e-01 2.06827104e-01 2.98542947e-01
  5.33590674e-01 9.56571519e-01 1.59910356e-03 2.63719424e-03
  6.48854673e-01 3.79559165e-03 1.28794551e+00 1.92678675e-01
  8.38866591e-01 1.17143178e+00 1.28813541e+00 1.94851443e-01
  4.43993419e-01 5.03495932e-01 2.53781140e-01 4.83958498e-02
  6.16321504e-01 4.31484208e-02 5.92993259e-01 1.38578296e+00
  6.95718974e-02 3.70529026e-01 3.07413071e-01 8.27345764e-04
  2.59113760e-04 1.20100427e+00 1.34374909e-02 1.15527257e-01
  8.47924948e-01 3.28276366e-01 9.10672769e-02 1.19526207e-01
  1.20976090e+00 4.94359769e-02]
 [4.11147118e+00 1.12539914e-03 1.53334606e+00 2.06122160e+00
  2.35349745e-01 1.66271597e-01 2.84032077e-01 6.17775679e-01
  8.84803534e-02 3.55381936e-01 2.37335712e-02 3.83797213e-02
  5.11062026e-01 6.40790284e-01 2.00701505e-01 2.75307894e-01
  3.62806767e-01 9.10582006e-01 1.45075070e-02 2.38733148e-04
  3.07533354e-01 1.41834375e-03 9.54877257e-01 5.69153056e-02
  3.64658862e-01 3.66202393e-03 1.62682772e+00 3.32083672e-01
  6.32501487e-03 9.34542343e-03 1.79779887e-01 4.45490293e-02
  1.15299091e-01 2.49017719e-02 1.02755576e-02 7.87792727e-02
  7.06685558e-02 4.91417130e-04 2.53287971e-01 1.20245248e-01
  1.76771536e-01 2.07601786e+00 1.29880160e-01 4.88824934e-01
  1.02603889e+00 3.49827521e-02 3.61507013e-02 1.15401590e+00
  1.21241987e+00 5.11186756e-02]
 [4.12026215e+00 4.67627496e-01 3.99859637e-01 1.35068214e+00
  3.51570211e-02 2.69146208e-02 9.36416537e-02 4.22615975e-01
  4.56357807e-01 3.82227540e-01 4.27586660e-02 1.63729521e-04
  9.65662114e-03 2.45434821e-01 1.68921888e-01 8.83596689e-02
  1.33947790e-01 1.09455121e+00 4.66422923e-02 1.59009099e-02
  1.81978941e-02 8.88483599e-02 1.07225275e+00 7.61406645e-02
  4.25557882e-01 1.26529157e+00 3.59953910e-01 1.57203153e-03
  6.91772159e-03 9.14633334e-01 4.94917154e-01 7.40049705e-02
  7.81161562e-02 5.13787329e-01 4.93862450e-01 4.60450128e-02
  1.81427330e-01 8.66851062e-02 5.28480392e-03 4.15023533e-04
  2.31748214e-03 1.10235751e+00 5.73358536e-01 1.40772119e-01
  3.09738904e-01 1.34043485e-01 3.16763297e-02 1.87725067e-01
  7.00039044e-02 1.66661888e-01]
 [3.50560069e+00 9.21969175e-01 1.23046958e+00 2.53291870e-03
  1.26853019e-01 6.47217184e-02 1.27246630e+00 7.43650377e-01
  6.90877676e-01 8.48126948e-01 1.42868423e+00 4.64856774e-01
  7.57772267e-01 1.09832370e+00 8.17326844e-01 1.77354321e-01
  3.90634798e-02 2.57184839e+00 1.20078130e-02 1.01854742e+00
  9.33501065e-01 1.12913752e+00 4.13971567e+00 2.31373742e-01
  1.49180079e+00 4.27456081e-01 2.93819880e+00 1.62753999e-01
  5.49370408e-01 4.60020415e-02 3.34638194e-03 5.54243401e-02
  1.50698650e+00 9.07515824e-01 1.53582931e+00 2.90644336e+00
  3.88137341e-01 1.20708001e+00 2.32259393e-01 3.86915267e-01
  1.39919743e-01 9.35064137e-01 6.15164936e-01 1.45667613e+00
  8.54948223e-01 2.63137324e-03 2.99176335e-01 2.61688650e-01
  1.33227086e+00 3.93831789e-01]
 [1.91983473e+00 6.40590191e-01 3.45883989e+00 4.03511012e-03
  8.84986222e-01 2.67838478e+00 1.71461320e+00 7.57541299e-01
  5.12973368e-01 1.05609465e+00 1.62532374e-01 5.66374242e-01
  2.62706578e-02 1.55745888e+00 8.66802514e-01 1.37573576e+00
  8.66696425e-03 2.60981202e+00 3.32586393e-02 2.04475355e+00
  1.39920580e+00 1.65034849e-02 2.54374027e+00 1.68720465e-02
  1.73968899e+00 3.52069944e-01 1.86630917e+00 1.15807438e+00
  5.33079922e-01 5.17343618e-02 8.79900634e-01 2.24197268e-01
  2.29274678e+00 1.09372222e+00 2.04209828e+00 1.50595885e-02
  1.29027891e+00 9.59787488e-01 6.67675495e-01 1.86130498e-02
  5.13642967e-01 9.50448439e-02 9.66100633e-01 6.71177983e-01
  1.38338089e+00 1.45924962e-04 1.51370466e-02 1.67774394e-01
  1.11049867e+00 3.22214037e-01]
 [3.39562511e+00 4.84253280e-04 2.34835401e-01 2.98820114e+00
  2.35792641e-02 3.09534278e-02 2.36100163e-02 3.52362753e-03
  6.82289675e-02 4.27760882e-03 4.29712348e-02 2.27120146e-03
  1.38933793e-01 5.37407845e-02 2.01892763e-01 1.10560678e-01
  2.99255759e-01 7.34980628e-02 6.29615784e-03 2.75004983e-01
  6.78413287e-02 6.79182187e-02 1.92967832e-01 7.47967362e-02
  4.05837558e-02 2.10919499e+00 3.16638768e-01 3.27511698e-01
  1.70768395e-01 2.09740713e-01 1.12077706e-02 3.48233819e-01
  6.84452197e-03 3.39270942e-03 3.35179567e-01 5.00658154e-03
  1.62178446e-02 8.53043124e-02 6.10008836e-02 4.11356887e-04
  8.58612359e-02 2.57562965e-01 2.75631547e-01 7.79931620e-02
  1.62105251e-03 5.91767244e-02 1.75020441e-01 1.23184547e-01
  3.74238878e-01 1.93377603e-02]
 [3.26832509e+00 6.63782060e-01 1.21424425e+00 1.29352021e+00
  1.02538556e-01 1.06464453e-01 8.87881696e-01 5.61587453e-01
  2.16177523e-01 1.33505142e+00 7.57300794e-01 2.42115870e-01
  1.14757800e-02 3.95740062e-01 2.20145240e-01 4.29064542e-01
  1.34442553e-01 9.31250274e-01 3.51819657e-02 3.90603644e-04
  7.41675854e-01 2.93271746e-02 1.05518532e+00 1.35056116e-03
  1.90318540e-01 2.68612709e-03 1.21185970e+00 8.58699739e-01
  5.82037633e-03 1.58876125e-02 7.61979520e-01 4.79871407e-02
  5.79016209e-01 1.42850578e-02 7.82078207e-01 3.57164353e-01
  2.71845251e-01 2.76072562e-01 3.86617839e-01 3.50231856e-01
  2.66649246e-01 1.22564304e+00 5.61808467e-01 3.20665151e-01
  5.08446574e-01 8.04781199e-01 6.52600825e-02 4.43813875e-02
  8.24344695e-01 8.42787549e-02]
 [8.29678535e-01 1.07046330e+00 4.88280916e+00 2.86024604e-02
  1.02691138e+00 1.05027765e-01 2.11562395e+00 1.46559370e+00
  1.28647292e+00 1.04244184e+00 8.78219068e-01 1.42845225e+00
  1.68924145e-02 1.28955340e+00 1.58372104e+00 9.49102581e-01
  7.06119835e-02 1.87462795e+00 1.07221591e+00 8.79936107e-03
  1.23314667e+00 2.46061943e-02 2.09130716e+00 6.84003592e-01
  2.14575291e+00 6.34666830e-02 1.39236128e+00 1.25733984e+00
  2.73487544e+00 9.00810957e-03 1.49659610e+00 2.31171536e+00
  2.97351980e+00 1.41474605e+00 2.27348518e+00 2.23590642e-01
  3.18501711e-01 1.68456352e+00 6.71676025e-02 1.24443891e-02
  1.38120818e+00 1.69736847e-01 1.45899224e+00 1.53441703e+00
  6.20021284e-01 1.11990452e+00 1.76136523e-01 6.93604201e-02
  4.91040200e-01 9.76623818e-02]
 [3.39570665e+00 1.03958225e+00 1.66038787e+00 1.16918102e-01
  8.62237997e-03 1.04942713e-02 5.66239357e-01 7.32879877e-01
  5.26500463e-01 1.02119112e+00 3.74595588e-03 1.65647447e-01
  1.52318788e+00 1.12419212e+00 3.11322331e-01 3.82511348e-01
  2.38822013e-01 1.11940324e+00 1.83501625e+00 2.46553756e-02
  4.90718633e-01 1.05242920e+00 1.99609900e+00 1.75470662e+00
  9.69242573e-01 6.76195621e-01 1.27921259e+00 2.45244175e-01
  2.21460134e-01 7.96567127e-02 2.81647325e-01 1.57551825e-01
  4.07788336e-01 1.09892321e+00 1.25636101e+00 3.17091823e+00
  6.00370653e-02 6.36685133e-01 1.10995328e+00 4.30824697e-01
  7.26042449e-01 7.95095026e-01 6.57445788e-01 1.16498101e+00
  8.78849268e-01 3.00128770e+00 1.26581490e-01 8.45472589e-02
  4.41536576e-01 1.73772369e-02]
 [3.21469069e+00 2.66628385e-01 1.23194683e+00 6.00192547e-01
  2.42094807e-02 1.95308447e-01 5.69136381e-01 4.36029166e-01
  5.90668082e-01 8.20185423e-01 2.80952841e-01 3.09837490e-01
  5.71941435e-02 4.42342371e-01 1.04670711e-02 2.97181625e-02
  9.71278623e-02 1.13021457e+00 2.09076330e-01 3.68588744e-03
  4.20835972e-01 4.80271876e-02 1.05006123e+00 1.16366498e-01
  8.48181486e-01 6.72841609e-01 1.29686630e+00 3.40817243e-01
  7.68627673e-02 1.04124476e-04 4.70104831e-04 7.96065852e-02
  1.14713335e+00 1.24888289e+00 7.85835981e-01 5.64048231e-01
  1.22188561e-01 7.36938238e-01 4.09032464e-01 2.91177839e-01
  4.59439121e-03 1.40498388e+00 4.54977504e-04 7.69858241e-01
  7.39220440e-01 4.92051065e-01 1.11707546e-01 8.01461190e-02
  1.15069509e+00 2.37703219e-01]
 [1.96491432e+00 5.95094621e-01 1.58764684e+00 1.32647061e+00
  2.82945689e-02 1.15637127e-02 3.14100027e-01 6.02642238e-01
  3.57664436e-01 9.59263563e-01 5.25596216e-02 2.73097248e-04
  9.56011057e-01 6.05813861e-01 5.09941459e-01 2.18966588e-01
  1.22356698e-01 1.61764884e+00 2.41506502e-01 7.97938645e-01
  6.66154087e-01 1.11795157e-01 1.21338034e+00 2.59159282e-02
  7.61031657e-02 8.92421067e-01 1.55526197e+00 1.93798453e-01
  8.51735651e-01 1.90528080e-01 4.92947595e-03 4.14250702e-01
  2.82341003e-01 2.63668150e-01 6.45221710e-01 2.51904968e-02
  6.09520562e-02 4.03520346e-01 1.17246127e+00 7.18840480e-01
  3.53046745e-01 3.71240199e-01 7.59081185e-01 1.64782241e-01
  1.01269484e+00 2.42655945e+00 1.34943426e-01 4.19227295e-02
  9.05589998e-01 6.11830456e-03]
 [2.00180936e+00 1.03262985e+00 3.84392762e+00 3.25365737e-02
  1.65297166e-01 2.35152021e-01 1.88186383e+00 1.02235293e+00
  1.10938942e+00 1.33216512e+00 6.57456279e-01 8.66709709e-01
  9.33467805e-01 1.42303503e+00 6.56683564e-01 7.13420689e-01
  2.10306551e-02 2.41781497e+00 2.84760028e-01 1.21917081e+00
  1.16241527e+00 1.26825333e-01 4.53214216e+00 2.42983922e-03
  1.97802126e+00 1.82185031e-05 2.37723184e+00 7.85499930e-01
  1.19462729e+00 2.06928998e-02 8.24936509e-01 9.14154574e-02
  2.13057923e+00 9.87272024e-01 1.66452408e+00 2.01468134e+00
  1.60629258e-01 9.60176706e-01 4.46219116e-01 2.50083048e-07
  6.32121623e-01 1.68142542e-01 1.10764837e+00 2.14836121e+00
  1.24079645e+00 3.64185691e+00 1.67539954e-01 5.62949032e-02
  1.73872840e+00 1.90623049e-02]
 [9.95569170e-01 1.20213306e+00 1.06365585e+00 2.52660178e-02
  1.67810872e-01 8.42372421e-03 9.79612410e-01 8.82307231e-01
  6.22276545e-01 6.50049329e-01 3.75398469e+00 1.08147120e+00
  1.48459554e+00 7.46230006e-01 8.70260060e-01 7.28153527e-01
  3.21947187e-01 9.31648791e-01 1.84428585e+00 3.76676060e-02
  6.49301469e-01 4.62083054e+00 9.79978323e-01 1.99455861e-02
  1.04971659e+00 6.94458261e-02 1.07659483e+00 7.63161123e-01
  1.27519596e+00 7.70939514e-03 2.22934425e-01 1.55335987e+00
  9.48651433e-01 8.97086084e-01 8.84983420e-01 1.35723827e-02
  2.57778978e+00 1.15474844e+00 1.22061014e+00 2.16388628e-02
  1.06091619e+00 1.62276313e-01 7.35946834e-01 7.81303227e-01
  9.28602815e-01 3.41076922e+00 1.96012601e-01 6.05734661e-02
  1.11689448e+00 2.11608857e-01]
 [2.42130542e+00 2.19404176e-01 2.21154904e+00 4.87578055e-03
  1.26428921e-02 5.40977642e-02 1.04618514e+00 8.60229611e-01
  4.00063187e-01 9.52837229e-01 2.31165113e-03 6.82458401e-01
  2.33021855e+00 8.78211796e-01 7.62033820e-01 8.39009821e-01
  6.03628159e-02 1.11143422e+00 2.87634969e+00 1.38003492e+00
  9.63502944e-01 1.95978093e+00 1.35403335e+00 2.71660376e+00
  1.05451274e+00 4.48640406e-01 7.66949952e-01 1.00060499e+00
  1.45977402e+00 3.40003967e-02 6.26959562e-01 1.02699423e+00
  1.10635018e+00 6.48713052e-01 7.81421363e-01 7.02111423e-03
  7.26047218e-01 2.94060558e-01 2.72659957e-01 7.78000832e-01
  2.45212987e-01 7.46403217e-01 9.32907343e-01 4.91950393e-01
  5.06976545e-01 6.57186794e+00 1.97730478e-05 3.38770030e-03
  4.77703094e-01 1.21026909e+00]
 [1.83563256e+00 7.86877871e-01 1.25094628e+00 4.67984527e-01
  7.93061107e-02 1.90212205e-01 9.28042531e-01 2.02710390e-01
  5.20000815e-01 9.88326609e-01 2.20011659e-02 7.66388416e-01
  1.60793102e+00 5.29313862e-01 6.05128825e-01 9.55044448e-01
  2.55574673e-01 9.96205389e-01 7.04672486e-02 3.81722450e-02
  4.13390130e-01 1.65698621e-02 1.04356766e+00 1.02979563e-01
  2.24479750e-01 5.49194515e-01 1.16766882e+00 3.78719300e-01
  2.11745590e-01 1.16693065e-01 5.95411802e-06 4.24262524e-01
  7.79117167e-01 6.02448225e-01 1.25997615e+00 4.18640882e-01
  1.54376492e-01 6.39815032e-01 2.52790022e+00 2.97514170e-01
  4.26961929e-01 4.53201622e-01 5.59662342e-01 6.31643355e-01
  1.09923708e+00 2.37322164e+00 2.36683458e-01 5.80456741e-02
  6.85365796e-01 8.76440555e-02]
 [2.47410011e+00 7.54474699e-01 3.75184441e+00 2.61479765e-01
  9.28860009e-02 1.58936119e+00 7.41698742e-01 3.00173610e-01
  3.92743975e-01 1.56930137e+00 4.19493526e-01 6.64849579e-01
  3.06268811e-01 2.85615951e-01 3.57737154e-01 5.81784606e-01
  1.13659114e-01 2.75594258e+00 2.37127274e-01 1.01561320e+00
  5.45954347e-01 7.07598962e-03 2.74937391e+00 6.85761273e-01
  1.62864769e+00 2.16527492e-01 3.77416825e+00 9.04912531e-01
  1.16219826e-01 1.54291443e-03 7.98761368e-01 1.22595474e-01
  8.55120063e-01 6.46166027e-01 1.06625569e+00 4.13878821e-02
  5.78415915e-02 3.94109674e-02 1.62812734e+00 1.28042662e+00
  4.42746162e-01 6.37330413e-01 1.16705322e+00 1.34495199e+00
  1.77771521e+00 2.92136669e+00 2.86937580e-02 1.94118232e-01
  1.87321377e+00 1.57568157e+00]
 [2.92254305e+00 2.78568361e-02 2.51681638e+00 1.91468135e-01
  3.40377837e-02 1.97031006e-01 3.85774556e-03 2.46447101e-01
  3.30857188e-01 1.16471899e+00 2.45882776e-02 5.12760937e-01
  1.83923572e-01 4.15611416e-01 1.35081574e-01 2.32541785e-01
  5.67272544e-01 1.09272885e+00 1.51064303e-02 3.79147567e-02
  9.97350737e-03 5.45986369e-02 1.63652337e+00 1.38271165e+00
  4.81567770e-01 9.79204118e-01 1.53951454e+00 7.32393682e-01
  4.26329114e-02 1.71244651e-01 4.46767300e-01 2.03387558e-01
  1.05589056e+00 4.99321401e-01 8.43552828e-01 2.77010465e+00
  3.00260959e-03 1.04145631e-01 2.06441320e-02 2.00444018e-03
  1.57227254e+00 6.72716558e-01 3.29687476e-01 1.23149323e+00
  1.05155873e+00 6.01701885e-02 3.01236451e-01 2.31162876e-01
  9.82907653e-01 4.75870460e-01]
 [4.47088337e+00 2.05247596e-01 3.64697963e-01 1.57991588e+00
  6.01655431e-02 5.29620275e-02 2.94919196e-03 1.95889473e-01
  1.33430615e-01 6.48991942e-01 2.22161189e-02 2.16053170e-03
  2.45492123e-02 1.10340146e-02 3.26966606e-02 7.07376574e-04
  5.73996268e-02 5.96256144e-02 1.15677370e-02 1.34838894e-02
  1.62119064e-02 1.35613168e-02 1.92112356e-01 4.99609634e-02
  1.83702946e-01 1.49407804e+00 1.26124287e+00 8.21399596e-03
  6.10282645e-02 3.38083873e-06 2.25075893e-02 5.37494123e-02
  6.19662367e-02 1.29708648e-01 3.36923972e-02 6.37576357e-02
  3.82890105e-02 3.16820166e-04 1.85674557e-03 7.86686875e-03
  3.48113403e-02 4.98187728e-04 2.37720594e-01 4.03481126e-01
  9.61476788e-02 2.01456770e-02 3.60399112e-03 1.27245143e-01
  2.38188654e-01 5.44863306e-02]
 [3.42891908e+00 4.23616827e-01 2.18116593e+00 1.56679973e-01
  1.45806462e-01 2.81015277e-01 7.64793694e-01 5.80828071e-01
  5.58300316e-01 1.05519903e+00 1.20944750e+00 2.83454478e-01
  6.76328607e-04 4.03521776e-01 4.86249924e-01 4.60291713e-01
  3.02827805e-01 1.40393531e+00 1.14011741e-03 3.65678132e-01
  9.27076787e-02 1.05093606e-01 1.25736070e+00 4.89796803e-04
  4.62001795e-03 5.22220612e-01 1.62839663e+00 3.77842933e-01
  4.81587127e-02 1.74814731e-01 6.74459785e-02 3.28545421e-02
  3.12937707e-01 9.06218708e-01 2.65374109e-02 3.04738450e+00
  9.80901532e-03 8.84828687e-01 1.19092666e-01 8.14225823e-02
  2.55045235e-01 1.08106041e+00 4.55697834e-01 8.35111737e-01
  9.66642082e-01 2.76574516e-03 4.40319516e-02 4.20837626e-02
  8.22363794e-01 5.35334766e-01]
 [3.73086429e+00 1.59703031e-01 1.26873720e+00 8.88656735e-01
  1.42291471e-01 2.53332198e-01 3.53999175e-02 4.30451602e-01
  3.68659794e-01 2.24190354e-01 2.94881267e-03 3.80925477e-01
  1.22815311e-01 2.75747955e-01 3.16245943e-01 3.82898049e-03
  1.37746455e-02 3.81646771e-03 8.35692617e-08 2.24531237e-02
  3.50673241e-03 1.87832545e-02 7.20891833e-01 1.19223297e-01
  4.38295364e-01 1.56380737e+00 1.30354130e+00 3.47274035e-01
  1.62121207e-01 2.83896387e-01 4.27526142e-03 6.64771860e-03
  5.20186961e-01 5.75355828e-01 2.38601685e-01 2.43773088e-01
  1.97436400e-02 1.51198134e-01 1.39874695e-02 4.12186645e-02
  2.18597567e-03 1.86648381e+00 1.72597229e-01 6.71496391e-01
  9.69607353e-01 8.61418545e-02 1.31486192e-01 7.30859581e-04
  1.06174803e+00 8.43227953e-02]
 [2.90263939e+00 4.85117659e-02 8.79063550e-03 5.45227230e-01
  4.44257796e-01 3.18070382e-01 4.13607098e-02 8.66024435e-01
  3.32658499e-01 1.70828772e+00 6.49405718e-01 6.16686754e-02
  4.44883198e-01 3.22346330e-01 1.34486765e-01 1.20721743e-01
  1.48870915e-01 5.61856449e-01 2.35224038e-01 4.35459375e-01
  4.26411331e-01 2.68624067e-01 6.75800383e-01 7.24523425e-01
  1.53554589e-01 1.39281487e+00 1.60246933e+00 2.99234748e-01
  1.06956944e-01 7.56049380e-02 1.08415261e-01 2.92150974e-02
  2.95952946e-01 1.60828292e-01 6.94640517e-01 4.48341179e+00
  8.59357417e-02 4.55437392e-01 6.64484203e-01 3.63731682e-01
  1.99520320e-01 1.16215718e+00 1.79399788e-01 1.28898442e-01
  3.02607626e-01 8.64777088e-01 5.54058433e-01 5.24995327e-01
  1.43985903e+00 2.88768709e-01]
 [2.73691106e+00 2.44158402e-01 3.39510131e+00 1.29528776e-01
  6.60766065e-02 1.02679290e-01 1.44220364e+00 8.54096591e-01
  1.40908033e-01 1.09752655e+00 7.02470716e-04 8.55747319e-04
  8.13909769e-01 6.70475841e-01 6.26097471e-02 5.07862773e-03
  1.25363544e-01 3.08379745e+00 6.34583295e-04 4.64043096e-02
  1.09932315e+00 1.31468490e-01 2.64835596e+00 1.54723123e-01
  1.10043156e+00 3.03005546e-01 6.51153231e+00 4.67750520e-01
  9.71880779e-02 2.03133076e-01 8.96621346e-02 2.55404711e-01
  1.03847873e+00 8.33773196e-01 3.35940272e-01 9.16160047e-02
  4.82207358e-01 9.93094742e-01 9.79379773e-01 2.09016213e-03
  4.46750432e-01 3.25494766e-01 1.10957682e+00 6.05522454e-01
  1.29906976e+00 1.98578641e-01 6.72688410e-02 3.68429869e-02
  2.11110878e+00 7.34777391e-01]
 [1.05768001e+00 1.14879274e+00 3.00636554e+00 9.55341756e-01
  2.75881261e-01 3.08721811e-01 8.71951997e-01 9.51014102e-01
  4.21697825e-01 5.67375660e-01 3.65294158e-01 5.52306533e-01
  2.07197964e-02 6.26832306e-01 3.00906390e-01 6.29604816e-01
  2.98466295e-01 9.23328817e-01 6.04998827e-01 5.05443931e-01
  1.12342572e+00 2.72037983e-02 1.11428940e+00 1.12544172e-01
  1.07994962e+00 4.94094968e-01 2.95796943e+00 8.70804191e-01
  1.89605787e-01 1.06434621e-01 6.32193744e-01 4.20965910e-01
  1.17313397e+00 6.99168742e-01 1.05614483e+00 9.37463716e-02
  2.19878867e-01 6.67421758e-01 6.49906844e-02 4.45381775e-02
  2.35362440e-01 1.41555995e-01 1.09032166e+00 1.11248517e+00
  6.01779997e-01 3.23549747e-01 4.65851688e+00 8.90087262e-02
  1.15710366e+00 2.48958662e-01]
 [2.23187208e+00 9.68334854e-01 3.37013975e-02 7.08420873e-01
  3.07064503e-01 2.66062915e-01 1.14083737e-02 1.02135885e+00
  8.36927533e-01 1.26909494e+00 5.70468530e-02 8.33935499e-01
  9.29672718e-02 6.73087060e-01 9.83434856e-01 3.37370872e-01
  1.05590478e-01 1.80223417e+00 9.29271132e-02 3.71630996e-01
  8.61081958e-01 8.61653313e-02 1.38019884e+00 2.25781761e-02
  4.46499467e-01 1.13371563e+00 4.63701630e+00 2.69518673e-01
  1.90113306e-01 8.96114185e-02 1.02305996e+00 3.07403594e-01
  6.05500758e-01 3.45794827e-01 6.06641591e-01 4.06368315e-01
  1.73777826e-02 9.99279499e-01 4.76089946e-04 9.32653248e-02
  7.45776269e-05 7.91569278e-02 8.51692080e-01 8.76522720e-01
  1.30893004e+00 7.77216494e-01 2.48373836e-01 4.54355049e+00
  9.04288173e-01 2.82023489e-01]
 [3.55335116e+00 2.51341034e-02 9.97431204e-03 1.72581387e+00
  8.69565159e-02 3.07554841e-01 3.10503811e-01 3.61203700e-02
  2.05421641e-01 9.91257071e-01 4.44283523e-02 5.35775092e-04
  7.97095448e-02 1.56539723e-01 1.19335512e-02 3.96115407e-02
  8.00102670e-03 1.00894606e+00 1.28024828e-03 4.21464406e-02
  3.31660271e-01 4.12420509e-03 1.15584886e+00 7.19689429e-02
  2.94264674e-01 1.78726876e+00 1.48205042e+00 9.50901494e-07
  2.53134351e-02 2.43685871e-01 3.15288119e-02 4.44865152e-02
  1.74015760e-02 8.11757445e-02 6.10289015e-02 9.73996520e-02
  3.24700996e-02 1.50557950e-01 4.75175083e-02 1.93395205e-02
  5.42793460e-02 9.61724222e-01 2.03334298e-02 1.11078814e-01
  7.93651879e-01 4.38083149e-02 5.24564795e-02 1.41116634e-01
  1.05017924e+00 3.18597741e-02]
 [8.36072803e-01 7.83426702e-01 1.67727780e+00 7.73518085e-01
  2.87634760e-01 1.63611338e-01 1.38894641e+00 1.18380356e+00
  9.10755932e-01 1.24291539e+00 2.26933384e+00 9.00638759e-01
  1.72393382e-01 6.57774270e-01 5.24867415e-01 1.03499949e+00
  8.29019919e-02 1.23258495e+00 1.69008318e-02 4.03391290e-03
  8.25695693e-01 1.09688668e-02 1.07873642e+00 2.41329595e-02
  1.27256751e+00 2.00861245e-01 1.19174552e+00 9.62081194e-01
  4.19155322e-02 2.07251847e-01 4.32922900e-01 5.94236553e-02
  1.11223400e+00 9.78898168e-01 1.27174914e+00 1.14026643e-01
  1.00419484e-01 6.25826895e-01 1.58142596e-01 1.66623318e+00
  5.50274432e-01 4.21164077e-05 5.69760144e-01 9.26608264e-01
  1.18936396e+00 2.22006989e+00 7.78186619e-02 2.08212379e-02
  4.35527265e-01 3.10601783e+00]]
x0 : [2.20698833e+00 4.75659827e-03 7.38566145e-02 2.49717191e-01
 3.49203765e-04 1.96637222e-04 9.75049287e-03 6.00440912e-02
 7.92763676e-05 2.25474977e+00 3.79554071e-02 1.98290031e-03
 6.39882758e-02 1.19499222e-03 2.07217950e-02 1.55364901e-01
 2.26114262e-05 9.97411273e-03 2.99904376e-01 1.57387927e-03
 8.49520694e-03 8.98204446e-02 1.11120136e-03 1.32791206e-01
 5.02699278e-02 2.44906172e-03 1.96358626e-04 2.19711676e-01
 4.28670347e-02 8.26960728e-02 1.00890480e-01 5.58330752e-02
 4.13198068e-05 7.35679641e-02 3.84370424e-02 1.41772989e-03
 2.04113163e-02 1.30825175e-03 1.03908178e-06 2.43948042e-01
 2.17961315e-02 7.66165508e-03 2.04714671e-01 6.20782450e-02
 3.35055578e-04 1.06081564e-03 4.07433457e-04 1.29843131e-04
 1.47089325e-02 1.15993631e-03 8.16686358e-03 1.44506678e-01
 9.20912498e-05 2.70624575e-03 3.40409093e-02 6.04042597e-02
 1.28424683e-04 3.91966961e-02 5.86003880e-04 2.04473231e-02
 4.02243435e-03 1.76337138e-02 3.28777219e-06 6.13881014e-02
 4.17956981e-05 2.86521390e-02 2.31982991e-01 2.28827987e-02
 2.72987001e-02 1.32325497e-02 3.59188877e-02 3.23699380e-04
 8.51267762e-03 1.36035238e-03 3.64703374e-05 3.03713822e+00
 2.06961087e-03 6.42621744e-05 5.80438495e-01 1.71515727e-04
 3.09373543e-04 9.18243900e-02 4.23610118e-06 1.31135404e-01
 4.40647937e-02 2.19525932e-03 3.95349897e-02 1.38064480e+00
 6.16581142e-02 1.56691089e-01 1.73526973e-01 7.24246609e-04
 4.02202240e-05 2.13014940e-03 2.18965451e-05 3.91468406e-02
 3.16116512e-01 2.00535171e-02 1.61478370e-02 4.79057848e-01
 2.37428471e-02 1.12773079e-04 3.21117133e-01 1.97686744e-03
 4.03622631e-03 1.65479109e-01 1.36324959e-02 9.81162339e-02
 2.18067020e-02 2.42021299e-04 1.16245123e-02 2.56558329e-01
 1.21973478e-03 5.59102185e-02 1.50980568e-02 7.90700316e-03
 1.39582613e-02 1.18702529e-02 6.45239791e-03 3.84140350e-02
 5.03205601e-03 1.72939719e-04 2.23203519e-04 2.79431748e+00
 3.28080525e-04 2.08170641e-05 2.70467609e-01 3.47014284e-04
 2.93417424e-02 6.66241407e-01 8.77238926e-05 1.81093092e-05
 2.03307301e-01 2.32599297e-04 7.46328682e-02 3.64661007e-03
 2.76648067e-03 1.63017288e-01 1.04669053e-02 5.70167729e-04
 7.56931957e-03 1.22117400e-01 8.36322666e-04 3.28553729e-02
 8.28876684e-04 7.89243076e-03 4.81203585e-07 1.41566366e-01
 1.47221772e-05 3.78478505e-02]
nUIV_to_SIR : {'slope': array([10.313944], dtype=float32), 'threshold': array([0.44437745], dtype=float32)}
