beta: [1.8222580e+00 4.6503363e+00 5.1189238e-01 5.1512189e+00 1.2567558e+00
 8.7160841e-03 4.8960280e+00 2.4688861e-01 6.9333976e-03 9.2638092e+00
 2.2874744e+00 5.2018847e+00 1.1796214e-02 5.5738306e+00 2.8884947e+00
 2.0924907e+00 1.5632023e+00 5.4221421e-01 2.1584220e+00 1.5218036e-01
 2.7656767e-01 5.7107222e-01 6.1783957e-01 3.2992566e-01 1.0204902e+00
 4.8043618e+00 4.1600308e+00 1.2619734e-02 3.2650864e+00 1.3617732e-01
 4.6137061e+00 1.4653790e+00 2.7586474e+00 3.9756584e+00 4.2605681e+00
 2.2024535e-02 1.4910237e+00 4.5023246e+00 6.6650575e-01 5.8891080e-02
 3.0408423e+00 2.1841009e-01 3.2046623e+00 7.3675495e-01 4.4761219e+00
 3.1347230e-01 7.8139573e-01 1.0254157e+00 5.1431483e-01 8.9326859e-01]
delta: [0.93272495 0.06986693 2.030117   0.06519263 1.2846606  0.06347236
 0.05276309 0.05484331 0.05332388 1.1638392  4.0838227  0.05652096
 0.65934616 0.50548923 1.0306947  0.05464039 0.09283155 0.05383471
 0.05704983 0.64582115 0.05294404 0.06310757 1.0694621  0.60192305
 0.611055   0.05999016 0.06112291 0.6420952  0.48386878 0.40371734
 1.1789881  0.15668972 0.88639194 0.89556116 0.3173546  0.42503655
 0.05896703 0.05373166 0.38907206 0.39795867 0.05420953 0.0741818
 0.05339133 1.1748179  0.05304009 0.52356637 0.05454131 1.0086505
 0.05286379 2.4251134 ]
p: [2.03258872e-01 1.28846526e+00 3.98736335e-02 7.85200894e-01
 5.67054376e-02 2.33356860e-02 1.44775361e-01 2.86797970e-03
 4.43016067e-02 1.31908849e-01 4.59274389e-02 6.10750802e-02
 4.46747020e-02 3.28088412e-03 4.01698470e-01 2.03821241e-06
 3.43015701e-01 3.09115829e-04 6.34243265e-02 1.92624070e-02
 7.39847636e-03 1.66117832e-01 6.72888383e-03 6.78699114e-04
 2.88660708e-03 3.51031357e-03 1.22587189e-05 7.43373763e-03
 2.20017154e-02 1.86726123e-01 1.25195634e+00 4.12841178e-02
 3.56880436e-03 3.65922712e-02 7.47035891e-02 2.85329986e-02
 5.02305865e-01 5.64803195e-04 2.65323102e-01 8.16689581e-02
 8.51870179e-02 2.74338245e-01 1.39676720e-01 5.87467849e-01
 2.21893970e-07 3.47032733e-02 1.54425293e-01 5.72744310e-01
 1.02836594e-01 3.10449600e-02]
c: [0.0895546  2.294583   0.00284391 1.8602705  0.01328932 1.70118
 0.83006924 2.8154926  1.9361465  1.5761242  0.09514593 2.7212043
 1.0600445  1.6201445  2.3220341  1.9497008  0.1623212  1.032808
 0.95887196 1.4168155  2.2292612  0.28423122 0.34973502 1.0346636
 0.73464936 1.8183408  0.35416883 1.9207717  0.86118484 0.05789433
 1.9461297  0.92718834 0.7676406  1.1626939  1.3941402  0.4534029
 0.62201375 1.788755   0.07791094 1.732561   2.2842715  0.2755937
 1.0909463  1.031658   1.2528226  0.64122915 0.77778345 0.07874307
 1.1519965  0.1936214 ]
T0: [3.175084114074707, 0.4233826994895935, 0.5994669795036316, 0.1470799595117569, 1.5264207124710083, 0.10324901342391968, 0.9336180090904236, 0.9674551486968994, 0.08272530138492584, 0.1076061800122261, 0.022128283977508545, 0.2586216330528259, 0.5712865591049194, 0.028390465304255486, 0.7059556841850281, 2.111366033554077, 0.13630546629428864, 0.007028290536254644, 0.9711800217628479, 0.08478269726037979, 0.10452231764793396, 1.16909658908844, 0.4457603991031647, 0.12701104581356049, 0.017358534038066864, 0.876644492149353, 0.9984791278839111, 0.013607248663902283, 0.11833932995796204, 0.2706577777862549, 0.588591992855072, 1.8121922016143799, 0.7475435733795166, 0.6744101643562317, 0.8222723603248596, 0.08305723965167999, 0.17394356429576874, 0.00913737341761589, 0.030264025554060936, 0.07592591643333435, 1.9210631847381592, 0.0835503414273262, 0.17104612290859222, 0.052581027150154114, 0.244573175907135, 0.3210670053958893, 1.154963731765747, 1.2556462287902832, 1.135797381401062, 0.02050519734621048]
T1: [0.7222866415977478, 3.537205934524536, 0.9509482979774475, 0.044478800147771835, 0.007406947202980518, 0.08587438613176346, 0.9830803275108337, 0.5709044933319092, 0.054977595806121826, 0.04592422395944595, 0.009109482169151306, 0.6564469933509827, 0.9493647217750549, 0.07438147068023682, 0.6996722221374512, 1.0535972118377686, 6.263135583139956e-05, 0.7707679867744446, 0.4615211486816406, 0.010810933075845242, 0.3322347402572632, 0.003719017840921879, 0.14183641970157623, 0.0010370442178100348, 0.3047322928905487, 1.0435155630111694, 0.5909554362297058, 0.06052606180310249, 1.0269243717193604, 0.9272744059562683, 0.3028964102268219, 0.15970107913017273, 0.952933132648468, 0.64306640625, 0.599092423915863, 0.5530965328216553, 0.026411613449454308, 0.4852916896343231, 0.20718301832675934, 0.4688148498535156, 0.8836411237716675, 0.03549404814839363, 0.10242326557636261, 0.04941124469041824, 1.6782480478286743, 0.7642927169799805, 1.3982529640197754, 1.3086985349655151, 0.9118273258209229, 0.10113371908664703]
T2: [0.0443863607943058, 0.048789944499731064, 4.521730899810791, 0.4272775650024414, 2.352717161178589, 0.000914836535230279, 0.9879880547523499, 0.19095616042613983, 0.11380939185619354, 0.004780717194080353, 0.04888197407126427, 0.00517322076484561, 0.08833640813827515, 0.0008840074297040701, 0.04004677012562752, 1.6597341299057007, 0.14754462242126465, 0.14550350606441498, 0.0006308298325166106, 0.07378735393285751, 0.313339501619339, 0.9739004969596863, 0.5777789354324341, 0.02194874919950962, 0.8341907858848572, 0.065481998026371, 0.023330841213464737, 0.04559056833386421, 0.051257580518722534, 1.7529621124267578, 0.01099188718944788, 0.15430141985416412, 0.15277674794197083, 0.8541739583015442, 0.03228329122066498, 0.05302933603525162, 0.26332780718803406, 0.2711679935455322, 0.21777819097042084, 0.13155661523342133, 2.605618953704834, 0.07153111696243286, 0.22827112674713135, 0.01832045055925846, 0.12067949771881104, 0.09740430116653442, 3.431368350982666, 2.645534038543701, 0.10972607880830765, 9.711150778457522e-05]
T3: [0.3883069157600403, 1.0746537446975708, 0.1943986713886261, 2.5959014892578125, 0.025836581364274025, 0.08844475448131561, 1.1261504888534546, 0.9836176037788391, 0.05429713800549507, 0.4984388053417206, 0.047989483922719955, 0.8118535876274109, 2.7738709449768066, 1.604668140411377, 1.355495572090149, 0.8293094038963318, 0.0177468229085207, 2.0608577728271484, 0.5289344191551208, 0.15896683931350708, 1.9764314889907837, 7.46010773582384e-05, 0.21324950456619263, 0.06670449674129486, 0.021532028913497925, 1.0740480422973633, 1.5785208940505981, 0.6134539246559143, 2.441678285598755, 0.5175549387931824, 0.06520788371562958, 0.041109174489974976, 1.1147024631500244, 1.2139203548431396, 1.0137041807174683, 1.0321294069290161, 0.02794540673494339, 1.7130069732666016, 0.12107377499341965, 0.9607181549072266, 1.1952370405197144, 0.023875528946518898, 0.12037384510040283, 0.675765872001648, 7.862269878387451, 0.48341894149780273, 0.21259786188602448, 0.46529340744018555, 1.441975474357605, 0.0436965711414814]
T4: [0.9167367219924927, 0.9218167066574097, 1.5740350484848022, 0.3159984052181244, 3.477293014526367, 0.09781838953495026, 1.3310858011245728, 0.8220176696777344, 0.33452996611595154, 0.09646261483430862, 0.00021931109949946404, 0.9469730257987976, 1.1868125200271606, 0.12912920117378235, 0.6165971755981445, 1.1074343919754028, 0.007096785120666027, 0.10343395173549652, 0.5149581432342529, 0.006419959012418985, 0.2893621623516083, 0.6724907755851746, 0.03259758651256561, 0.10179384052753448, 0.11367000639438629, 1.003507137298584, 1.125213623046875, 0.37864184379577637, 0.825846791267395, 0.647596538066864, 0.14281508326530457, 0.7989446520805359, 0.8455885648727417, 1.1052533388137817, 0.4924444258213043, 0.1272507756948471, 0.012764024548232555, 0.41160231828689575, 0.3474749028682709, 0.819205105304718, 1.394943118095398, 0.09637969732284546, 0.10827280580997467, 0.1384829580783844, 0.5841537714004517, 0.5027973055839539, 2.088132619857788, 1.0696368217468262, 1.0785713195800781, 0.001009218511171639]
T5: [0.12567375600337982, 1.048925757408142, 0.43580785393714905, 0.2946723699569702, 0.24188217520713806, 3.457298517227173, 0.6526560187339783, 0.6953532695770264, 0.282321572303772, 0.3381417691707611, 0.10233193635940552, 0.5618435144424438, 0.13413041830062866, 0.344051331281662, 0.6112204194068909, 0.7170076966285706, 0.011627290397882462, 0.059351690113544464, 0.3247983455657959, 0.03511785343289375, 0.0202143806964159, 0.01130483765155077, 0.26163285970687866, 0.2301303893327713, 0.0121440589427948, 0.9679080247879028, 0.9702441692352295, 0.04049747809767723, 0.10457801073789597, 1.0608010292053223, 0.24545450508594513, 0.08945561200380325, 0.9314270615577698, 1.037872076034546, 0.6995664238929749, 0.9309202432632446, 0.2832948565483093, 0.04087138921022415, 0.1479814499616623, 0.6549051403999329, 0.6992778778076172, 0.3121941387653351, 0.016644224524497986, 0.06462027877569199, 0.06771249324083328, 1.0028330087661743, 1.1931495666503906, 0.36437854170799255, 0.12763798236846924, 0.24697941541671753]
T6: [0.08475473523139954, 0.18287917971611023, 1.399286793457577e-05, 0.2529716193675995, 0.03690667077898979, 0.21768124401569366, 4.271750450134277, 0.6786168217658997, 0.05517859756946564, 0.14788129925727844, 0.001978926360607147, 0.6450926065444946, 0.15591296553611755, 0.2203230857849121, 0.450155109167099, 1.0199978351593018, 0.03864409029483795, 0.06098584085702896, 0.02294282428920269, 0.09787124395370483, 0.24656547605991364, 4.912759777653264e-06, 0.010444022715091705, 0.03435192629694939, 0.07034249603748322, 0.4228250980377197, 0.162819504737854, 0.03283008933067322, 0.04215187206864357, 1.0055210590362549, 0.3767053484916687, 0.24700649082660675, 0.49165594577789307, 0.44621115922927856, 0.2832920253276825, 0.7958444952964783, 1.5865306854248047, 0.04904816299676895, 0.12808950245380402, 0.47292035818099976, 0.8266520500183105, 0.12055964022874832, 0.2530236542224884, 0.15920674800872803, 0.05761454626917839, 0.44730642437934875, 1.8836663961410522, 2.224971055984497, 0.09888264536857605, 0.01129453256726265]
T7: [0.007851746864616871, 1.2120139598846436, 0.9924980998039246, 1.1087692975997925, 0.9870797991752625, 0.2357712686061859, 1.3760902881622314, 3.823176622390747, 0.020717501640319824, 0.09341638535261154, 0.0018706966657191515, 1.9314030408859253, 1.9893203973770142, 0.007082907948642969, 0.6323488354682922, 1.2949672937393188, 0.10705915093421936, 0.06336278468370438, 0.01477757841348648, 0.0884365662932396, 0.8011496663093567, 2.0067229343112558e-05, 0.06741069257259369, 0.07712333649396896, 0.04014100506901741, 1.6547095775604248, 0.5096327662467957, 0.050016582012176514, 1.0743739604949951, 0.8795405030250549, 0.08166565001010895, 0.14473098516464233, 0.6996175646781921, 1.12374746799469, 0.24822287261486053, 0.08340981602668762, 0.1436503529548645, 1.1870681047439575, 0.06678979843854904, 0.6412917375564575, 1.2313284873962402, 0.046183016151189804, 0.05772358179092407, 0.00038811261765658855, 0.13025569915771484, 0.9857905507087708, 0.6223219633102417, 0.8362329602241516, 1.3650609254837036, 0.0005872981855645776]
T8: [0.07111983001232147, 1.747991681098938, 1.4431712627410889, 0.032506104558706284, 0.04358050972223282, 0.24965190887451172, 4.133470058441162, 0.8306114077568054, 3.0055525302886963, 0.06289041042327881, 0.033352792263031006, 1.6935964822769165, 0.2309168130159378, 0.219032421708107, 1.711631178855896, 1.7421833276748657, 0.32321682572364807, 0.5969007015228271, 0.4089193344116211, 0.15102559328079224, 0.1457344889640808, 0.003007355146110058, 0.026099465787410736, 0.051932621747255325, 0.29527920484542847, 0.4644707143306732, 3.5531201362609863, 0.02734559215605259, 0.30912280082702637, 1.1028095483779907, 0.3122372329235077, 0.05481661111116409, 1.72516930103302, 1.2998801469802856, 0.9152897596359253, 1.16948401927948, 0.34945324063301086, 0.05537104979157448, 0.06643620133399963, 0.0022663248237222433, 0.9361968040466309, 0.0015534046106040478, 0.29722949862480164, 0.38400933146476746, 0.03968394175171852, 0.996020495891571, 0.6949939727783203, 0.31910988688468933, 0.04354555159807205, 0.08191121369600296]
T9: [0.05445998162031174, 0.46150949597358704, 1.1193790435791016, 0.012869872152805328, 0.055891960859298706, 0.09647192060947418, 0.8521386981010437, 1.1303080320358276, 0.039504047483205795, 2.750764846801758, 0.00933643989264965, 0.17748497426509857, 0.04099339246749878, 0.19160877168178558, 0.6492694020271301, 1.187989354133606, 0.14138555526733398, 0.1397465020418167, 1.307572841644287, 0.0005645382916554809, 0.10928823798894882, 0.00012689520372077823, 0.10585044324398041, 0.1551830917596817, 0.1718244105577469, 0.8360759019851685, 0.5708170533180237, 0.011753104627132416, 0.7023290991783142, 0.7572422027587891, 0.06855554133653641, 0.1371709406375885, 0.029331982135772705, 1.1577014923095703, 0.9065220355987549, 0.7701133489608765, 0.5328234434127808, 0.1541321873664856, 0.005280893761664629, 0.18297208845615387, 1.0079175233840942, 0.13015075027942657, 0.16097578406333923, 0.19135510921478271, 0.030803369358181953, 0.1186443418264389, 1.561294436454773, 1.2533382177352905, 0.6845162510871887, 0.5434235334396362]
T10: [0.1755620688199997, 0.7332112789154053, 0.591180145740509, 0.15665607154369354, 0.3493945896625519, 0.10547448694705963, 1.0536853075027466, 0.7179122567176819, 0.07272262126207352, 0.12399815768003464, 3.5347657203674316, 1.2988762855529785, 1.026586890220642, 0.06447779387235641, 0.6891340017318726, 1.0695648193359375, 0.04127902537584305, 0.061740174889564514, 1.573225736618042, 0.10266582667827606, 0.04991067573428154, 0.08153297752141953, 0.7971542477607727, 0.11049768328666687, 0.3134111762046814, 1.3035916090011597, 1.2715786695480347, 0.003365932498127222, 0.019254758954048157, 1.0830177068710327, 0.19356225430965424, 0.0953475832939148, 0.5747866034507751, 1.2775102853775024, 0.3783535361289978, 0.8214972615242004, 0.04611269012093544, 0.04984099417924881, 0.3804935812950134, 0.7182556986808777, 0.9090715050697327, 0.18500395119190216, 0.08197156339883804, 0.08871910721063614, 0.10401821881532669, 0.48798590898513794, 0.6949801445007324, 0.522747278213501, 1.3806618452072144, 0.020976023748517036]
T11: [0.21412880718708038, 1.425624966621399, 1.2470065355300903, 0.17669737339019775, 0.2524612545967102, 0.1702783703804016, 1.4680085182189941, 0.8102244138717651, 0.16092267632484436, 0.26403898000717163, 0.05178914964199066, 2.949435234069824, 1.1775727272033691, 0.2585957646369934, 0.7390392422676086, 0.09047006070613861, 0.1288057267665863, 0.12513333559036255, 0.03637542948126793, 0.18930180370807648, 0.24780189990997314, 1.1840901374816895, 0.271755576133728, 0.25980740785598755, 0.041598618030548096, 1.4097270965576172, 1.1223891973495483, 0.032272689044475555, 0.27429547905921936, 0.19242949783802032, 0.25686007738113403, 0.23330838978290558, 1.1327708959579468, 1.09847092628479, 0.9643405079841614, 0.11335111409425735, 0.15417426824569702, 0.3067357540130615, 5.631052317767171e-07, 0.6140203475952148, 1.326636791229248, 0.08560789376497269, 0.08336759358644485, 0.04122304543852806, 0.3084181845188141, 1.10788094997406, 0.7665055990219116, 0.5547070503234863, 0.013161541894078255, 1.5794463157653809]
T12: [0.4165913760662079, 0.06959551572799683, 1.11056649684906, 0.2572595775127411, 0.02484958805143833, 0.23547059297561646, 0.046661101281642914, 0.22677648067474365, 0.06777544319629669, 0.18107059597969055, 0.013005850836634636, 0.9965247511863708, 3.8497915267944336, 0.19318005442619324, 0.9039637446403503, 1.0337592363357544, 0.4849660396575928, 9.737505024531856e-05, 1.0130478143692017, 0.007114453241229057, 0.01686602644622326, 0.44350552558898926, 0.09070237725973129, 0.29454270005226135, 0.4957951009273529, 0.6465840339660645, 0.5118604302406311, 0.045993316918611526, 1.3757503032684326, 0.7903990149497986, 0.012791221961379051, 0.11181638389825821, 0.9110463857650757, 0.6903265118598938, 0.24866048991680145, 0.7379958629608154, 0.13161949813365936, 0.0070268455892801285, 0.0934552475810051, 0.7059623003005981, 0.9284897446632385, 0.08054553717374802, 0.07992357015609741, 0.0004265414900146425, 0.003158433362841606, 0.392975389957428, 1.1211187839508057, 1.5484732389450073, 0.37384480237960815, 1.5980933904647827]
T13: [0.06732799857854843, 0.017708780243992805, 0.06676147133111954, 0.12122833728790283, 0.01454584114253521, 0.008066187612712383, 0.7707005739212036, 0.009337450377643108, 0.09578682482242584, 0.011286255903542042, 0.00025135077885352075, 0.10958252847194672, 0.3034869134426117, 3.2826437950134277, 0.5475977063179016, 1.7361829280853271, 0.6641772985458374, 0.15355627238750458, 0.6668293476104736, 5.814124961034395e-05, 0.030914148315787315, 0.08342098444700241, 0.12317977100610733, 0.06182285025715828, 0.08406770974397659, 0.11820559948682785, 0.7762576937675476, 0.14353182911872864, 1.03834068775177, 1.1519583463668823, 0.1326681226491928, 0.040454231202602386, 0.0695723369717598, 0.1901496797800064, 0.0037888495717197657, 0.39465200901031494, 0.02086087130010128, 0.08128239214420319, 0.1490820199251175, 0.31911200284957886, 1.212890863418579, 0.34363245964050293, 0.017913950607180595, 0.08183085173368454, 0.46240171790122986, 0.0010899398475885391, 2.069129467010498, 2.3015506267547607, 0.13907983899116516, 0.0259382426738739]
T14: [0.06960100680589676, 0.46523502469062805, 0.8114306330680847, 0.14100530743598938, 0.05786096677184105, 0.07219523936510086, 1.1567285060882568, 1.1740857362747192, 0.21531543135643005, 0.0666622668504715, 0.12811879813671112, 1.1095629930496216, 1.199560284614563, 0.22656601667404175, 3.5171101093292236, 0.66524338722229, 0.0057020182721316814, 0.11868926882743835, 1.357440710067749, 0.18548698723316193, 0.2101297527551651, 0.031220313161611557, 0.23714472353458405, 0.09981947392225266, 0.21853916347026825, 1.1757642030715942, 1.1499297618865967, 0.1961876004934311, 0.4711490571498871, 0.8440823554992676, 0.2639358937740326, 0.017184864729642868, 0.7767015099525452, 0.701118528842926, 0.5643601417541504, 0.9847404956817627, 0.4828404188156128, 0.1766425520181656, 0.10226652771234512, 0.6622856259346008, 0.6689020395278931, 0.12536028027534485, 0.10498019307851791, 0.18715085089206696, 0.028286073356866837, 0.7422224283218384, 0.7107324004173279, 1.1347686052322388, 0.8074631690979004, 0.37655889987945557]
T15: [0.052386876195669174, 1.1052833795547485, 1.6719022989273071, 3.0394887924194336, 0.5243090391159058, 0.0432000532746315, 1.3376541137695312, 0.8580484390258789, 0.023421475663781166, 0.8349059224128723, 0.02496897429227829, 2.2060301303863525, 1.0412797927856445, 0.18279796838760376, 0.8929178714752197, 3.5990865230560303, 0.09517689794301987, 0.48155510425567627, 0.11095482856035233, 0.14186859130859375, 0.017226599156856537, 0.7069767117500305, 0.039485909044742584, 0.01914529874920845, 0.3310505151748657, 1.7112840414047241, 0.8538091778755188, 0.42321857810020447, 1.1010642051696777, 0.5398999452590942, 0.4231480062007904, 0.29051411151885986, 1.7409250736236572, 1.0570621490478516, 0.7783137559890747, 0.7245442271232605, 1.360973834991455, 1.3429771661758423, 0.38420602679252625, 0.6541852951049805, 0.779589056968689, 0.6596603393554688, 0.06207805871963501, 0.11998867988586426, 9.432153092348017e-06, 0.6246703863143921, 0.3263895809650421, 0.4748988449573517, 1.034960389137268, 0.002527403412386775]
T16: [2.663379430770874, 1.6975523233413696, 5.086845874786377, 0.0403275340795517, 4.55416202545166, 3.194791861460544e-05, 1.4614043235778809, 0.9604222178459167, 0.024106180295348167, 5.963479995727539, 9.15951604838483e-05, 3.5159125328063965, 0.0007257791003212333, 0.015126299113035202, 0.030196115374565125, 1.8471653461456299, 3.1593306064605713, 0.33306145668029785, 0.056910108774900436, 0.00047368681407533586, 0.014904621057212353, 0.17274409532546997, 0.0007069619023241103, 0.02823035791516304, 0.07284434884786606, 2.6523003578186035, 0.09885410219430923, 0.010630778037011623, 0.9743435978889465, 1.125975251197815, 0.014101061038672924, 0.2219378799200058, 0.8887882828712463, 1.7776234149932861, 7.193734199972823e-05, 0.059535447508096695, 6.127486994955689e-05, 3.3950120723602595e-06, 0.03839888423681259, 0.0002623348846100271, 1.3775935173034668, 0.05140700936317444, 0.5358368158340454, 0.0017508928431198, 0.011189218610525131, 0.006057937163859606, 0.0020142332650721073, 1.0055227279663086, 0.19541774690151215, 0.20446327328681946]
T17: [0.18474367260932922, 1.2765015363693237, 0.2769085764884949, 0.06483732908964157, 0.04638674110174179, 0.5054888129234314, 1.3337088823318481, 0.8859508037567139, 0.28375646471977234, 0.032659322023391724, 0.00456202169880271, 1.3052984476089478, 1.6436161994934082, 0.04194055497646332, 1.2730120420455933, 1.1020855903625488, 0.019846897572278976, 4.305813312530518, 1.2473936080932617, 0.10242488980293274, 0.29253870248794556, 0.002965298481285572, 0.17530904710292816, 0.14937832951545715, 0.07212304323911667, 1.2974400520324707, 1.292009711265564, 0.08226677030324936, 0.7839846611022949, 0.6848261952400208, 0.17683717608451843, 0.429865300655365, 1.1166020631790161, 1.4338244199752808, 0.9487285614013672, 1.0519928932189941, 0.2542673349380493, 0.00560420798137784, 0.2034069448709488, 0.9899930953979492, 0.8783267736434937, 0.1395139992237091, 0.27894577383995056, 0.26644498109817505, 0.12423935532569885, 1.0457191467285156, 0.4377017021179199, 1.0441527366638184, 1.8392577171325684, 2.013747325690929e-05]
T18: [0.17977328598499298, 0.44084426760673523, 0.04257720336318016, 0.2073919177055359, 1.2305364608764648, 0.5060016512870789, 0.11030840873718262, 0.020742453634738922, 0.09197299182415009, 0.15212054550647736, 0.06317809224128723, 0.27661076188087463, 0.01521564181894064, 0.0004572085745166987, 1.1381791830062866, 0.045154720544815063, 0.14093250036239624, 0.3168432116508484, 4.041917324066162, 0.1346989870071411, 0.3130091428756714, 0.02782323583960533, 0.0044287508353590965, 0.030204402282834053, 0.3644941747188568, 0.1513001024723053, 0.18113189935684204, 1.1346011206114781e-06, 0.06618354469537735, 0.999687671661377, 0.3967370390892029, 0.06627774983644485, 0.5923617482185364, 0.08656979352235794, 0.4653952419757843, 0.8247453570365906, 1.223239779472351, 0.00026277409051544964, 0.15950240194797516, 0.0026192220393568277, 0.5933473706245422, 0.19655372202396393, 0.11835560947656631, 0.08498340845108032, 0.042484100908041, 1.0145868062973022, 1.972692608833313, 1.9835973978042603, 0.020632654428482056, 0.2238912433385849]
T19: [0.03882814198732376, 0.214474156498909, 0.8990947604179382, 0.07706460356712341, 0.03121769055724144, 0.2601393163204193, 1.0453591346740723, 0.6937389969825745, 0.11727840453386307, 0.09930715709924698, 0.08770256489515305, 0.25410932302474976, 0.9013678431510925, 0.15930229425430298, 0.9040018320083618, 0.9795339703559875, 0.06582197546958923, 0.3522023558616638, 1.2017385959625244, 3.563145637512207, 0.22644904255867004, 0.21649561822414398, 0.13434642553329468, 0.01947527937591076, 0.2517159581184387, 0.3896830081939697, 0.7776613235473633, 0.08032045513391495, 2.000143527984619, 0.9637592434883118, 0.13069716095924377, 0.35869258642196655, 0.3509758412837982, 0.7264836430549622, 0.09669411927461624, 0.884156346321106, 0.5148524045944214, 0.0417792871594429, 0.22677507996559143, 0.6781463027000427, 0.5747085213661194, 0.19261445105075836, 0.18342390656471252, 0.19086705148220062, 0.07978356629610062, 0.5571407079696655, 1.514501690864563, 1.2668038606643677, 1.1439701318740845, 1.1718465089797974]
T20: [0.012188070453703403, 0.7307060360908508, 0.5977223515510559, 0.0734223946928978, 0.06323643773794174, 0.177051842212677, 0.9407186508178711, 0.5427090525627136, 0.17722198367118835, 0.31854966282844543, 0.01558961346745491, 1.114867925643921, 1.1725192070007324, 0.04156630113720894, 1.164078712463379, 0.6941924095153809, 0.2655918002128601, 0.49698513746261597, 1.1995187997817993, 0.2203623354434967, 3.4467203617095947, 0.08663511276245117, 0.08125431835651398, 0.014437536709010601, 0.10351001471281052, 0.5190328359603882, 0.6759616732597351, 0.3370967209339142, 0.9189633131027222, 0.36912572383880615, 0.15502168238162994, 0.28620684146881104, 1.0743495225906372, 0.8947306871414185, 0.5495938062667847, 1.0888627767562866, 0.3217162489891052, 0.4025120735168457, 0.024948343634605408, 0.9022486805915833, 0.5028484463691711, 0.03263504058122635, 0.011774144135415554, 0.021839359775185585, 1.0155367851257324, 0.8087786436080933, 0.40621688961982727, 1.034724473953247, 0.6985417008399963, 0.2553030848503113]
T21: [1.319140076637268, 0.00011474554048618302, 0.21496252715587616, 0.13545091450214386, 0.23268350958824158, 0.014724074862897396, 0.10484404861927032, 0.15709424018859863, 0.17884951829910278, 0.17344658076763153, 0.01976129412651062, 0.004958078730851412, 0.1947304904460907, 0.1222730204463005, 0.10820307582616806, 0.13283251225948334, 0.4187890589237213, 0.2906439006328583, 0.06864838302135468, 0.0022185349371284246, 0.11063138395547867, 4.093740463256836, 0.05802379176020622, 0.09174332767724991, 0.3816978335380554, 0.0006141999620012939, 0.07194731384515762, 0.4112805426120758, 0.05632885545492172, 1.9692232608795166, 0.3909631073474884, 0.0456024706363678, 8.869547309586778e-05, 0.49414321780204773, 0.060039687901735306, 0.37109413743019104, 2.1265037059783936, 0.03308714181184769, 0.0008651121752336621, 0.35209405422210693, 0.5433838367462158, 0.12753073871135712, 1.6744039612603956e-06, 0.16191373765468597, 0.170099675655365, 0.11125222593545914, 2.233394145965576, 2.9924941062927246, 0.0021467776969075203, 0.16998465359210968]
T22: [0.03291480615735054, 0.6163203120231628, 1.1570539474487305, 0.05570533499121666, 0.08615028113126755, 0.002062886254861951, 1.2707147598266602, 0.5196875333786011, 0.06086436286568642, 0.026019103825092316, 0.05617479979991913, 0.8865615725517273, 0.9238855242729187, 0.11384476721286774, 0.8329699039459229, 1.1949654817581177, 0.10921128839254379, 1.127707839012146, 0.511279284954071, 0.17092157900333405, 0.2994585335254669, 0.7000412940979004, 3.6299829483032227, 0.252962201833725, 0.13082240521907806, 1.1640408039093018, 0.6394624710083008, 0.2586600184440613, 0.3360014855861664, 0.5815942883491516, 0.038100164383649826, 0.17851495742797852, 0.8732190132141113, 0.986720860004425, 0.39907708764076233, 0.8550813794136047, 0.1187666729092598, 0.4572552740573883, 0.010262573137879372, 0.6566129326820374, 0.9398298263549805, 0.18555337190628052, 0.13607485592365265, 0.04101230204105377, 0.4569942057132721, 0.7855092287063599, 1.1311097145080566, 0.5813361406326294, 0.8157488703727722, 1.058805227279663]
T23: [0.23364531993865967, 0.6878979206085205, 0.794858455657959, 0.017559830099344254, 0.24382533133029938, 0.2506123483181, 0.6093773245811462, 0.6610456109046936, 0.10068684816360474, 0.031311072409152985, 0.010506178252398968, 0.7452546954154968, 0.5455365777015686, 0.025956440716981888, 1.1320805549621582, 1.2290418148040771, 0.1797914355993271, 0.6124558448791504, 1.1012074947357178, 0.013925173319876194, 0.7874075174331665, 0.4059746265411377, 0.025011098012328148, 3.356055498123169, 1.2023886442184448, 0.7524006366729736, 0.6003226041793823, 0.03503840044140816, 0.0029786969535052776, 0.5263346433639526, 0.14314375817775726, 0.4376830756664276, 1.193436622619629, 1.0908982753753662, 0.8755996227264404, 0.7720693349838257, 0.019737975671887398, 0.2070281058549881, 0.013021295890212059, 0.6320400238037109, 1.0057964324951172, 0.06003481522202492, 0.22670923173427582, 0.17440544068813324, 0.0933397188782692, 0.2746517062187195, 0.7257266640663147, 0.5985900163650513, 1.3032878637313843, 0.0562015175819397]
T24: [1.003975510597229, 1.4982661008834839, 1.6870442628860474, 0.2566284239292145, 0.049541059881448746, 0.05931178480386734, 1.6113067865371704, 0.9336043000221252, 0.13601653277873993, 0.06990789622068405, 0.24572230875492096, 3.8380367755889893, 0.041197389364242554, 3.353966236114502, 0.6386308073997498, 1.7295665740966797, 0.6174578070640564, 0.04001719877123833, 0.07690095901489258, 0.0163149181753397, 0.03636840730905533, 0.2483402043581009, 0.06616982817649841, 0.1607857495546341, 3.425126791000366, 4.021155834197998, 1.5898871421813965, 0.19732415676116943, 0.0399894118309021, 1.0793377161026, 0.12376917153596878, 0.5588425397872925, 0.9663891792297363, 0.6791902780532837, 0.8611947894096375, 0.24134881794452667, 0.12143213301897049, 0.09717939794063568, 0.41499215364456177, 0.6727993488311768, 0.9661707282066345, 0.10381516069173813, 0.2167351096868515, 0.15860357880592346, 0.06996685266494751, 0.4867810010910034, 0.7173249125480652, 0.649677574634552, 0.003836729098111391, 0.052858829498291016]
T25: [0.4097226858139038, 0.0012668536510318518, 0.7096601724624634, 0.20477965474128723, 0.9835881590843201, 0.4446915090084076, 0.43606215715408325, 0.9488528966903687, 0.08673804253339767, 0.08605914562940598, 0.0001474847667850554, 0.0331023670732975, 0.007082762662321329, 0.0900091603398323, 0.8687672019004822, 1.253257155418396, 0.9002394676208496, 0.5826497077941895, 0.08512946218252182, 0.05384151265025139, 0.24457132816314697, 0.0026189025957137346, 0.03137106075882912, 0.09861361980438232, 0.1484561711549759, 3.520639419555664, 0.11281275749206543, 0.16861355304718018, 0.8054388165473938, 0.9784044027328491, 0.26111507415771484, 2.149707555770874, 0.2892676293849945, 0.16723322868347168, 0.24473538994789124, 0.5673083662986755, 0.10924851894378662, 0.4157300889492035, 0.22795970737934113, 0.02291063964366913, 1.145310878753662, 0.06320534646511078, 0.27240803837776184, 0.16376622021198273, 0.04309818148612976, 0.39200741052627563, 2.320361614227295, 1.8334314823150635, 0.01381786447018385, 0.4224887192249298]
T26: [0.04353848099708557, 1.0258811712265015, 0.7237223982810974, 0.149938702583313, 0.037277255207300186, 0.15762387216091156, 0.2995681166648865, 1.0450297594070435, 0.05554678291082382, 0.18633222579956055, 0.07313697785139084, 0.24590496718883514, 0.6249252557754517, 0.14743289351463318, 0.9247864484786987, 1.5297024250030518, 0.12313086539506912, 0.10019070655107498, 0.00030091157532297075, 0.1391194611787796, 0.003430633107200265, 5.211692041484639e-06, 0.040610477328300476, 0.1168542355298996, 0.10560000687837601, 0.8657693862915039, 4.499946117401123, 0.10831564664840698, 0.017678609117865562, 0.687343955039978, 0.019536364823579788, 1.187627911567688, 0.21413087844848633, 1.1345666646957397, 0.8487450480461121, 1.1402626037597656, 0.9731609225273132, 0.11480942368507385, 0.34431952238082886, 0.21031613647937775, 1.0602895021438599, 0.14582987129688263, 0.09375757724046707, 0.16468293964862823, 0.572821319103241, 0.42469358444213867, 1.8614095449447632, 1.6848036050796509, 0.0001601361873326823, 0.00010162834223592654]
T27: [0.006106468383222818, 1.0573676824569702, 0.8419538140296936, 0.18973423540592194, 0.033008188009262085, 0.20584948360919952, 1.2316316366195679, 0.9112234711647034, 0.08177109062671661, 0.00294985668733716, 0.20001031458377838, 0.6251758933067322, 0.36901694536209106, 0.0005707410746254027, 1.5063426494598389, 1.7177090644836426, 0.45788875222206116, 0.3395370841026306, 2.005728006362915, 0.004618804901838303, 0.0021558215375989676, 0.2745782434940338, 0.07685237377882004, 0.15297256410121918, 0.16871654987335205, 1.3388158082962036, 0.06682843714952469, 3.320509433746338, 0.6296953558921814, 0.8289850354194641, 3.014620542526245, 0.0529523640871048, 0.04029448702931404, 0.8419443368911743, 0.34603938460350037, 0.0831046774983406, 1.1117736101150513, 0.027982234954833984, 0.02593652345240116, 6.967727676965296e-05, 1.7219569683074951, 0.11310561746358871, 0.1306808441877365, 0.15332458913326263, 0.054408032447099686, 0.66780686378479, 1.1782550811767578, 1.7031657695770264, 1.2800254821777344, 0.9104288816452026]
T28: [0.13162195682525635, 0.3131304085254669, 0.9268394112586975, 0.1719803661108017, 0.30587390065193176, 0.1638217568397522, 0.9022529721260071, 0.4902828335762024, 0.22235415875911713, 0.2337360829114914, 0.1181272640824318, 0.08540158718824387, 0.02568858675658703, 0.02007485367357731, 0.5881732106208801, 1.333345651626587, 0.004476088564842939, 0.051566727459430695, 0.01944287307560444, 0.28618982434272766, 0.14676280319690704, 0.0006254274630919099, 0.03268331289291382, 0.04698045924305916, 0.10372966527938843, 0.9595262408256531, 0.276256263256073, 0.13644851744174957, 3.8508965969085693, 0.7628342509269714, 0.19992005825042725, 0.17679554224014282, 0.7596747875213623, 0.6251118779182434, 0.9825657606124878, 0.7793956995010376, 0.5715071558952332, 0.10504470765590668, 0.1847979873418808, 0.5172196626663208, 0.7373921871185303, 0.17715729773044586, 0.12098479270935059, 0.0024967738427221775, 0.3914891481399536, 1.173723578453064, 1.3548327684402466, 0.8994641900062561, 0.10346188396215439, 0.10699330270290375]
T29: [0.016495147719979286, 0.4064720571041107, 7.523147473875724e-07, 0.16227516531944275, 0.06475940346717834, 0.049258407205343246, 0.3832997679710388, 0.0017186134355142713, 0.1652374416589737, 1.9327243566513062, 1.423061728477478, 0.00016594385670032352, 0.21267858147621155, 1.3911752700805664, 0.5551890730857849, 0.8240769505500793, 1.195882797241211, 0.005143449176102877, 0.7209765911102295, 0.09486493468284607, 0.030111046507954597, 2.8491874104474846e-07, 0.2610163390636444, 0.1045103669166565, 0.25782614946365356, 0.24520811438560486, 0.0863298699259758, 1.1634057273113285e-06, 1.5396524667739868, 5.831173419952393, 0.03426624834537506, 2.443847179412842, 0.6204369068145752, 0.681239128112793, 0.1500067561864853, 1.12075674533844, 0.01425265148282051, 0.04404901713132858, 0.032250918447971344, 0.046898894011974335, 0.6044430732727051, 0.7776757478713989, 0.6429626941680908, 0.2083401083946228, 0.30655303597450256, 0.6186161637306213, 0.8810899257659912, 1.9685370922088623, 0.5354683995246887, 3.506683349609375]
T30: [0.2527456283569336, 1.02872896194458, 0.9115530252456665, 0.066073939204216, 0.09753406047821045, 0.1307167261838913, 1.1771247386932373, 0.9431219696998596, 0.2648378610610962, 0.012031273916363716, 0.002737335627898574, 0.8053840398788452, 0.0020720968022942543, 0.16957305371761322, 0.640967607498169, 1.0557888746261597, 0.12661036849021912, 0.00805004220455885, 0.23728452622890472, 0.011845755390822887, 0.03554839268326759, 0.07191191613674164, 0.06965520232915878, 0.019781459122896194, 0.25824815034866333, 3.847565174102783, 0.9359702467918396, 0.019127801060676575, 0.00911074597388506, 1.0532578229904175, 2.862027168273926, 0.025226032361388206, 0.7481968402862549, 0.5779908299446106, 0.9547110199928284, 0.5101730227470398, 0.29892826080322266, 1.399699330329895, 0.3351336121559143, 0.5495002865791321, 0.8776777982711792, 0.2018008828163147, 0.09759065508842468, 0.2386820763349533, 1.495274543762207, 0.04928801581263542, 0.15115781128406525, 0.9551022052764893, 0.7286571264266968, 0.06159454211592674]
T31: [0.24551038444042206, 0.8551188707351685, 0.9259226322174072, 0.01309156697243452, 0.12880051136016846, 0.18627379834651947, 0.8019335865974426, 1.1096303462982178, 0.0359727218747139, 0.0879809558391571, 0.0019509783014655113, 1.1475846767425537, 1.114022135734558, 0.08345165103673935, 0.8714685440063477, 0.5556714534759521, 0.07487361878156662, 1.2912331819534302, 0.18769194185733795, 0.01558622531592846, 0.4233629107475281, 0.00014735203876625746, 0.1545845866203308, 0.26100561022758484, 0.010951805859804153, 0.7032989263534546, 0.5792549848556519, 0.15659505128860474, 0.24475246667861938, 0.5742686986923218, 0.02285301871597767, 3.7990763187408447, 0.9278069138526917, 0.9420598745346069, 1.1533513069152832, 0.5561172962188721, 0.24098828434944153, 0.9710294008255005, 0.06802593916654587, 1.054631233215332, 0.791130542755127, 0.029141929000616074, 0.26395708322525024, 0.14531925320625305, 0.2921631634235382, 0.4669022560119629, 0.7391201257705688, 0.8839988708496094, 0.5069085359573364, 0.03603463992476463]
T32: [0.033965595066547394, 1.678594946861267, 0.9648613929748535, 0.17227180302143097, 0.022457920014858246, 0.14075644314289093, 1.8658913373947144, 0.9845831990242004, 0.1488392949104309, 0.09271508455276489, 0.022958440706133842, 1.671561360359192, 0.7798887491226196, 0.020192094147205353, 0.6198228597640991, 1.3764902353286743, 0.20705671608448029, 0.1273365467786789, 0.028755102306604385, 0.1731855422258377, 0.22972102463245392, 0.0036346439737826586, 0.0015021717408671975, 0.060316555202007294, 0.11388014256954193, 2.284512519836426, 0.7765637636184692, 0.14584386348724365, 0.029244976118206978, 1.2833845615386963, 0.2765909433364868, 0.3022746443748474, 4.643509864807129, 1.3367034196853638, 0.989844024181366, 0.35072454810142517, 0.09969070553779602, 0.25379472970962524, 0.04996300861239433, 0.8672903776168823, 1.1414060592651367, 0.41310039162635803, 0.275877445936203, 0.015725960955023766, 0.08196265995502472, 0.7629521489143372, 1.183600902557373, 0.9462360739707947, 3.2211587495112326e-06, 0.13777625560760498]
T33: [0.2690177261829376, 0.9089866876602173, 1.0949019193649292, 0.34535452723503113, 0.03267651051282883, 0.32911500334739685, 1.115462064743042, 0.8756609559059143, 0.08752711862325668, 0.17619897425174713, 0.00026059229276143014, 1.2089239358901978, 1.1411696672439575, 0.1862662136554718, 0.1311270147562027, 3.7709381580352783, 0.11617286503314972, 0.006726220715790987, 0.007706735748797655, 0.024435222148895264, 0.03943873196840286, 0.004053008742630482, 0.13148625195026398, 0.1393945962190628, 0.05615048483014107, 1.6667872667312622, 0.9103581309318542, 0.18797612190246582, 0.006258767563849688, 0.9596444368362427, 0.3728362023830414, 0.9427931308746338, 1.368298888206482, 4.58546257019043, 0.8177645802497864, 0.37846076488494873, 0.17897428572177887, 0.28446438908576965, 0.5106165409088135, 0.13839228451251984, 0.9150327444076538, 0.062267005443573, 0.01152490358799696, 0.1048552617430687, 0.1210160180926323, 0.4905765950679779, 1.0611575841903687, 0.9079859256744385, 1.3975510597229004, 0.00012479265569709241]
T34: [0.08419285714626312, 0.9433900117874146, 1.0381485223770142, 0.11573228985071182, 0.035427987575531006, 0.06720785051584244, 0.5617532730102539, 0.9950661659240723, 0.15440504252910614, 0.0942283496260643, 0.16078926622867584, 0.4617597460746765, 0.5793971419334412, 0.08827948570251465, 0.995281457901001, 0.6769210696220398, 0.10397074371576309, 0.017828229814767838, 0.2982148230075836, 0.01038965955376625, 0.06877640634775162, 0.6912487149238586, 0.6661443114280701, 0.041153375059366226, 0.296845406293869, 1.1602174043655396, 0.7160866856575012, 0.21783268451690674, 0.04953104630112648, 0.6292101144790649, 0.2727823555469513, 0.08982326835393906, 0.49115055799484253, 0.5901016592979431, 3.423553943634033, 1.1323614120483398, 0.0819384977221489, 0.13119451701641083, 0.02957223914563656, 0.6349289417266846, 0.8279795050621033, 0.048595815896987915, 0.055279795080423355, 0.2381138950586319, 0.08695276081562042, 1.2139439582824707, 0.9420758485794067, 0.88701993227005, 0.18645642697811127, 1.214477777481079]
T35: [0.15167105197906494, 0.9183343052864075, 0.70626300573349, 0.1033596470952034, 0.1425626426935196, 0.34132713079452515, 1.067936658859253, 0.8414674997329712, 0.0903148502111435, 0.0579279363155365, 0.18176250159740448, 0.781486451625824, 0.43905216455459595, 0.049611885100603104, 0.6181771755218506, 0.6512359976768494, 0.005346449092030525, 1.0133991241455078, 1.2252404689788818, 0.1639995276927948, 0.21333225071430206, 1.16762375831604, 0.29277563095092773, 0.012125339359045029, 0.07136038690805435, 0.4580956995487213, 0.6707794666290283, 0.10109829157590866, 0.4533773958683014, 0.5071743130683899, 0.2567042112350464, 0.14033456146717072, 0.8035902976989746, 0.5063560009002686, 0.6533239483833313, 3.937490940093994, 0.11867799609899521, 0.21568545699119568, 0.06165055185556412, 0.9569562077522278, 0.6777439117431641, 0.039150986820459366, 0.2672315239906311, 0.04053258150815964, 0.6869817972183228, 0.6050583720207214, 1.046165108680725, 1.0877007246017456, 1.153611183166504, 1.7330540418624878]
T36: [0.26199108362197876, 1.8415796756744385, 1.43781316280365, 0.08740418404340744, 0.1842019110918045, 0.07215672731399536, 2.483604907989502, 0.9397701025009155, 0.1921587437391281, 0.20241467654705048, 8.99977112567285e-06, 7.859551906585693, 0.02367454580962658, 0.5562073588371277, 0.7142808437347412, 1.5837870836257935, 0.2919010519981384, 0.06406154483556747, 0.010192646645009518, 0.03359097242355347, 0.24051623046398163, 0.010356580838561058, 0.03610251471400261, 0.03226793184876442, 0.08109791576862335, 7.614863872528076, 0.09283231198787689, 0.18176187574863434, 0.07686934620141983, 1.0639649629592896, 0.1376199871301651, 0.0330059751868248, 0.8678320050239563, 1.933626413345337, 0.6159175634384155, 0.9854836463928223, 2.9945294857025146, 0.07974545657634735, 0.0923183336853981, 1.0273373126983643, 1.1951789855957031, 0.1927790492773056, 0.2897264361381531, 0.1616591215133667, 0.05689355731010437, 0.5475867986679077, 0.6800135970115662, 0.9023476839065552, 0.0009685152908787131, 0.024308495223522186]
T37: [0.21055598556995392, 4.334517478942871, 0.011302019469439983, 0.49707961082458496, 0.01763596199452877, 0.09833477437496185, 4.379497051239014, 1.1751396656036377, 0.24289825558662415, 0.08232509344816208, 0.00933311227709055, 2.032122850418091, 0.061423301696777344, 0.08421678096055984, 1.0505062341690063, 2.497122287750244, 0.07993105053901672, 0.4424305260181427, 0.008885379880666733, 0.3023260831832886, 0.055329445749521255, 0.0779772475361824, 0.035410527139902115, 0.08590181171894073, 0.11648927628993988, 4.699751377105713, 4.748138427734375, 0.03345679119229317, 0.01898571290075779, 0.7771740555763245, 0.1547076255083084, 0.19610339403152466, 1.5156171321868896, 0.9926950335502625, 0.44166886806488037, 0.9214702844619751, 0.4501972496509552, 3.5942587852478027, 0.3203306198120117, 0.07510080188512802, 1.0969429016113281, 0.06094348430633545, 0.07272432744503021, 0.0026231249794363976, 0.377238929271698, 1.0145145654678345, 0.001254982315003872, 1.1456035375595093, 1.0181171894073486, 0.04607493057847023]
T38: [1.298927903175354, 0.10947452485561371, 0.12008904665708542, 3.1193389892578125, 0.5235999226570129, 0.15017977356910706, 0.3633947968482971, 0.026101242750883102, 0.027294587343931198, 9.895923614501953, 5.9093640629726e-06, 1.0184879302978516, 0.12232265621423721, 1.6473859548568726, 0.11987851560115814, 2.0727133750915527, 0.6830058097839355, 0.057292092591524124, 0.322620689868927, 0.09936830401420593, 0.5679906010627747, 0.579012393951416, 0.34230107069015503, 0.15345942974090576, 4.50925874710083, 0.30387425422668457, 0.010288908146321774, 0.534319281578064, 3.6751816272735596, 0.7964423894882202, 2.4385578632354736, 1.5106027126312256, 0.5100206136703491, 0.24713566899299622, 0.0031320778653025627, 0.14270634949207306, 6.195998668670654, 0.2218707799911499, 3.5500688552856445, 0.08088348805904388, 1.8003365993499756, 0.028764506801962852, 2.0709776878356934, 0.02497284673154354, 0.09323367476463318, 0.11705493927001953, 0.15206412971019745, 2.848201036453247, 0.029988493770360947, 0.0050303880125284195]
T39: [0.15999723970890045, 0.9035170078277588, 0.8068073391914368, 0.08190783858299255, 0.09531451016664505, 0.19288626313209534, 0.5743815898895264, 0.41832470893859863, 0.21321828663349152, 0.18724960088729858, 0.18928572535514832, 0.8888646364212036, 0.6797187328338623, 0.2848641872406006, 0.6528739929199219, 1.1205639839172363, 0.10919824242591858, 0.816803514957428, 0.6908406615257263, 0.29471656680107117, 0.23717470467090607, 1.1572401523590088, 0.6616716980934143, 0.22153165936470032, 0.0340883769094944, 0.6567212343215942, 0.7109498977661133, 0.07191767543554306, 0.9153401851654053, 0.5806592702865601, 0.052566543221473694, 0.09939442574977875, 0.516384482383728, 0.6179434061050415, 0.5806158781051636, 0.7757377624511719, 0.07609216868877411, 0.0009403212461620569, 0.42264100909233093, 3.360192060470581, 0.8773969411849976, 0.07716495543718338, 0.042472634464502335, 0.13970521092414856, 0.26588863134384155, 0.4812527894973755, 1.0602635145187378, 0.6033449769020081, 0.9508395195007324, 0.49949660897254944]
T40: [0.17526398599147797, 0.07156018167734146, 0.5356459021568298, 0.21511200070381165, 0.022694572806358337, 0.5437896251678467, 0.07041064649820328, 0.4489450752735138, 0.13187918066978455, 0.05246710777282715, 0.0429999940097332, 0.5817259550094604, 0.257769912481308, 0.1724620908498764, 0.5771864652633667, 1.0900869369506836, 0.9892314076423645, 0.016227390617132187, 0.8867295980453491, 0.05968062952160835, 0.13596458733081818, 0.2887025475502014, 0.0045420522801578045, 0.0455855093896389, 0.3655078113079071, 1.0387834310531616, 0.5794921517372131, 0.31508785486221313, 1.7588346004486084, 0.7621554732322693, 0.17664384841918945, 1.193505883216858, 0.7857111692428589, 0.6920738816261292, 0.7116186618804932, 0.3653113543987274, 0.000385194958653301, 0.05461856350302696, 0.018259244039654732, 0.6923736929893494, 3.532853364944458, 0.176398366689682, 0.23618140816688538, 0.046860940754413605, 1.2757207155227661, 0.888105034828186, 1.6055831909179688, 1.7826446294784546, 0.783566415309906, 0.8503068685531616]
T41: [0.9586942195892334, 2.4713613986968994, 3.6170568466186523, 0.04917013645172119, 1.5379090309143066, 0.005959989968687296, 4.328228950500488, 0.1978156417608261, 8.554575470043346e-05, 1.0596508979797363, 4.014769001514651e-05, 0.911689281463623, 0.013983368873596191, 0.33567535877227783, 0.0010961692314594984, 0.017556626349687576, 0.0860498771071434, 0.00669906148687005, 0.0019197501242160797, 0.0018931305967271328, 2.089143163175322e-05, 0.002635479439049959, 0.0346711091697216, 0.06259769946336746, 0.01002274826169014, 2.32932448387146, 0.060456063598394394, 9.954456800187472e-06, 0.002420146483927965, 0.547461986541748, 0.80890953540802, 1.7692641019821167, 5.000338077545166, 2.8524632453918457, 0.013848843052983284, 1.4689255952835083, 4.318427085876465, 0.6927235126495361, 0.00014682681648992002, 0.009156879037618637, 0.003053237684071064, 3.530503273010254, 0.01077631302177906, 0.0002674281131476164, 0.5278942584991455, 0.2858758866786957, 0.0007145635318011045, 0.706294596195221, 9.749571150408087e-10, 0.0007326435879804194]
T42: [0.19934974610805511, 2.8541696071624756, 1.9106175899505615, 3.8998961448669434, 0.009521041996777058, 0.0478457547724247, 2.952820301055908, 1.097209095954895, 0.060738708823919296, 0.30857181549072266, 0.3474588096141815, 3.905374765396118, 0.0008216804708354175, 1.1510045528411865, 0.5578288435935974, 1.910570740699768, 0.15065984427928925, 0.023018212988972664, 0.5107131600379944, 0.031163983047008514, 0.23913314938545227, 5.011684334021993e-05, 1.1772304773330688, 0.01756560429930687, 3.473128080368042, 3.6058430671691895, 0.17435646057128906, 0.006125932093709707, 0.025194229558110237, 0.6887352466583252, 2.220728874206543, 0.033973924815654755, 6.883602142333984, 1.9337420463562012, 0.7203884720802307, 0.6425631046295166, 0.03174857050180435, 0.11090604960918427, 0.1062672957777977, 0.0021409248001873493, 1.104569911956787, 0.013543670997023582, 2.930708169937134, 0.07861249893903732, 0.19517169892787933, 1.0777249336242676, 0.6881285309791565, 0.6573875546455383, 0.22532817721366882, 1.4278568029403687]
T43: [0.20016443729400635, 0.6182904839515686, 1.0389032363891602, 0.2878091335296631, 0.1647116243839264, 0.24977262318134308, 0.5010719299316406, 0.9827562570571899, 0.08618573099374771, 0.309330016374588, 0.08636609464883804, 0.9342276453971863, 0.1858671009540558, 0.14095894992351532, 0.9719751477241516, 0.5201378464698792, 0.03942084684967995, 0.19868679344654083, 0.08949007093906403, 0.126765176653862, 0.22257313132286072, 0.0515165850520134, 0.18149247765541077, 0.2018880993127823, 0.10283534973859787, 1.0646051168441772, 0.6119806170463562, 0.09245117008686066, 0.145306795835495, 0.8910076022148132, 0.26782485842704773, 0.17827902734279633, 0.8534286618232727, 1.04226553440094, 0.663441002368927, 0.581911027431488, 0.05113323777914047, 0.6016077399253845, 0.03700172156095505, 1.065812349319458, 0.5571083426475525, 0.014267025515437126, 0.18861819803714752, 3.130882740020752, 0.047042205929756165, 0.6846554279327393, 0.530934751033783, 1.1507190465927124, 1.017342448234558, 0.1046070009469986]
T44: [0.3342899978160858, 0.5666201710700989, 0.7906161546707153, 0.05112840607762337, 0.34140729904174805, 0.393196165561676, 0.7788034081459045, 1.2496178150177002, 0.017940929159522057, 0.04831421375274658, 0.0002421649405732751, 0.28526654839515686, 0.19462016224861145, 0.22987383604049683, 0.7736572623252869, 0.9634601473808289, 0.10474968701601028, 0.23617690801620483, 0.46212661266326904, 0.237814798951149, 0.054007697850465775, 0.038118794560432434, 0.2675151228904724, 0.015478182584047318, 0.28778553009033203, 1.3070718050003052, 1.1315783262252808, 0.3025219142436981, 1.5801423788070679, 0.756473183631897, 0.7991734147071838, 0.04113221913576126, 0.8477460145950317, 0.6472925543785095, 0.1001049354672432, 0.06518867611885071, 0.09853234887123108, 0.22063937783241272, 0.3825599253177643, 0.33150041103363037, 1.3906086683273315, 0.08058910071849823, 0.21128147840499878, 0.08693398535251617, 3.881009578704834, 0.22243131697177887, 1.619836449623108, 1.3348630666732788, 0.36635836958885193, 0.07462244480848312]
T45: [0.06692630052566528, 0.6468263864517212, 0.7629768252372742, 0.23871909081935883, 0.06979921460151672, 0.307341605424881, 1.2306156158447266, 1.1497642993927002, 0.2770940959453583, 0.05739637091755867, 0.022066816687583923, 0.6357383131980896, 0.941384494304657, 0.14479412138462067, 0.6393796801567078, 0.49564141035079956, 0.09114823490381241, 0.7644141316413879, 0.8312216997146606, 0.00297812488861382, 0.3794897794723511, 1.4045265913009644, 0.05427033454179764, 0.13668937981128693, 0.2197655439376831, 0.7624050378799438, 0.6959028840065002, 0.1888459175825119, 0.4182528257369995, 0.5374990701675415, 0.25125572085380554, 0.35417357087135315, 0.7120423913002014, 0.9287289381027222, 0.3980410695075989, 0.7560880780220032, 0.25650155544281006, 0.6722831726074219, 0.13389340043067932, 0.8556720018386841, 0.9330286979675293, 0.11606045067310333, 0.08499659597873688, 0.010912282392382622, 0.1770246922969818, 1.898500680923462, 1.2713319063186646, 0.998881995677948, 1.252943754196167, 0.43624943494796753]
T46: [1.5050395727157593, 2.1549417972564697, 2.305504083633423, 0.09533178806304932, 0.40528494119644165, 1.7544688262205455e-06, 1.8183304071426392, 0.7030745148658752, 0.5653409957885742, 12.188216209411621, 2.850465170922689e-05, 3.3606152534484863, 0.10955995321273804, 3.1111738681793213, 0.0019862207118421793, 0.6268925070762634, 0.04005858302116394, 2.0106353986193426e-06, 0.502204179763794, 3.013063542312011e-05, 0.0005324335652403533, 7.830116111051666e-09, 0.007866512052714825, 0.04644887521862984, 0.05116001516580582, 3.2550947666168213, 0.18763066828250885, 0.008219161070883274, 0.030875159427523613, 0.8403210639953613, 2.0946364402770996, 0.050694309175014496, 4.659175395965576, 1.9813284873962402, 0.020328707993030548, 0.2929804027080536, 0.8586947917938232, 3.301780088804662e-05, 0.04295206815004349, 0.013460269197821617, 0.10900166630744934, 0.01716119796037674, 0.14986079931259155, 0.011245122179389, 4.583021640777588, 0.06408794969320297, 5.643182277679443, 0.7132258415222168, 0.28745245933532715, 0.24499110877513885]
T47: [0.5649797320365906, 1.9285423755645752, 2.0592875480651855, 1.228071689605713, 1.0761569738388062, 0.00011284733045613393, 1.8467826843261719, 1.3564417362213135, 0.009022985585033894, 0.04848680645227432, 0.024803390726447105, 2.482527494430542, 1.042920708656311, 1.5267869234085083, 1.4038254022598267, 1.2583645582199097, 0.059892624616622925, 0.00020553398644551635, 0.5445764660835266, 0.0007442131754942238, 0.10709377378225327, 0.9884235262870789, 0.7947139143943787, 0.031053341925144196, 2.42080020904541, 2.208317995071411, 2.8825063705444336, 0.0006735004135407507, 1.8529698848724365, 0.9610669016838074, 0.2471294403076172, 0.5113407373428345, 3.032672882080078, 2.5742850303649902, 0.8194623589515686, 0.21844756603240967, 0.055655673146247864, 1.2092074155807495, 0.6888577938079834, 0.5104311108589172, 0.872675359249115, 0.5793868899345398, 0.1993415504693985, 0.0014022979885339737, 2.8447020053863525, 0.28893375396728516, 0.9447107911109924, 4.789528846740723, 0.03137462958693504, 0.2786608338356018]
T48: [0.3639218211174011, 0.049586813896894455, 0.05479200929403305, 0.11068826913833618, 2.300139904022217, 0.14397908747196198, 0.6711402535438538, 0.42648521065711975, 0.17206300795078278, 0.07965874671936035, 0.013749766163527966, 0.043790608644485474, 0.2426697313785553, 0.19729487597942352, 0.5888158082962036, 1.1653767824172974, 0.06652330607175827, 0.06813761591911316, 0.5940781235694885, 0.08380696922540665, 0.14417821168899536, 0.01736188866198063, 0.06653165817260742, 0.10821115225553513, 0.14797598123550415, 0.7491618990898132, 0.5703871250152588, 0.04386394843459129, 2.0760085582733154, 0.846983790397644, 1.3571088314056396, 0.003079565241932869, 0.2564522325992584, 0.2800447642803192, 0.32510727643966675, 0.5715712904930115, 0.012246874161064625, 0.24327413737773895, 0.18875332176685333, 0.2185790240764618, 0.8732196092605591, 0.09066104143857956, 0.12767139077186584, 0.04960966110229492, 0.3558371961116791, 0.8246371746063232, 1.8376238346099854, 2.197643518447876, 4.372802734375, 0.39004623889923096]
T49: [0.24707457423210144, 0.6168869137763977, 1.07012140750885, 0.07949386537075043, 0.4123563766479492, 0.4395810067653656, 1.0665112733840942, 1.1152513027191162, 0.08800897747278214, 0.024970674887299538, 0.8071301579475403, 0.7840974926948547, 0.4835047423839569, 0.1830855906009674, 0.7166227698326111, 1.1267859935760498, 0.002536655403673649, 0.023586265742778778, 0.7452471256256104, 0.006667166016995907, 0.37927618622779846, 0.6082040667533875, 0.10751128941774368, 0.044739507138729095, 0.04210998862981796, 0.36781805753707886, 0.5867562294006348, 0.10887546092271805, 0.6546770930290222, 0.5661368370056152, 0.34637269377708435, 0.07510843127965927, 0.6435184478759766, 0.9591770172119141, 0.9966544508934021, 0.6881126761436462, 0.10276494920253754, 5.037803020968568e-06, 0.09321553260087967, 0.019371023401618004, 0.7679829001426697, 0.1902507245540619, 0.09504236280918121, 0.16188427805900574, 0.028968356549739838, 0.5865160226821899, 1.4804139137268066, 1.7543305158615112, 0.08446542173624039, 3.0548222064971924]
x0: [7.23723844e-02 9.98708885e-04 2.40192357e-02 6.74529001e-02
 1.61418129e-10 3.07021359e-08 3.73055124e+00 6.18307211e-04
 4.39953571e-03 2.86595207e-02 9.16455239e-02 4.64032637e-05
 1.73865294e+00 8.66352173e-04 5.00033842e-04 4.81223036e-03
 7.50428140e-02 4.60590081e-06 4.75839812e-08 2.10127449e+00
 1.64049418e-09 2.46029117e-06 5.04275203e-01 6.18580486e-07
 3.73482369e-02 1.51680756e+00 1.54578057e-08 8.41401339e-01
 1.21253980e-02 6.97675645e-02 3.07052231e+00 2.77622712e-06
 1.51958520e-04 8.14746842e-02 4.50059533e-01 1.31878784e-04
 3.92605029e-02 1.16623398e-02 1.26746068e-06 1.43120095e-01
 1.01609075e+00 2.09509190e-02 1.00935047e-07 1.59367081e-03
 1.13406129e-08 6.85991927e-06 5.45286715e-01 1.38914320e-08
 7.53453434e-01 8.47084820e-02 4.98542707e-10 3.30241135e-04
 8.10721099e-01 5.42223384e-11 2.87104967e-06 2.61148274e-01
 7.07542303e-10 2.97162333e-03 1.44941553e-01 2.69775745e-04
 2.41669710e-03 1.53024948e+00 1.39365373e-08 1.60143161e+00
 8.54671180e-06 2.12998927e-07 9.34443506e-06 3.77031863e-02
 2.59069400e-03 1.38125863e-04 1.98667422e-02 1.17002813e-07
 3.63824947e-04 6.16530180e-02 1.93724059e-08 8.89733061e-02
 2.07975626e-01 2.86101817e-06 9.68932435e-02 1.72192782e-01
 3.00504368e-08 1.29862428e-02 9.06361341e-02 3.28152120e-04
 4.25767563e-02 6.50933743e-01 9.93168442e-07 1.43765029e-03
 2.56996930e-01 5.90978682e-01 4.33275636e-06 8.36148592e-06
 5.29890303e-06 9.41371487e-04 3.82609869e-05 2.06460868e-06
 2.93967038e-01 2.57750433e-02 2.46690921e-02 6.34125620e-02
 9.72738862e-02 5.81705173e-09 9.18754893e-07 7.66241997e-02
 1.70595522e-05 1.97353289e-02 3.97676742e-03 1.19839424e-04
 5.72263589e-03 2.00623304e-01 3.21380685e-06 1.21213793e-06
 8.72299373e-01 3.08048413e-08 2.06339884e+00 2.38366852e-06
 4.20597672e-01 2.47463176e-04 1.91158861e-01 3.33136585e-09
 1.72094465e-03 7.54467309e-01 1.23373356e-09 2.44343877e+00
 8.82066935e-02 2.42094484e-05 2.56636000e+00 9.22602534e-01
 3.93454246e-02 7.63358767e-05 1.51884151e-07 1.23690654e-07
 2.98252441e-02 1.89207196e+00 2.91659831e-07 3.33445496e-04
 4.60037291e-02 5.82314562e-03 4.94232273e+00 2.05339442e-04
 9.84525084e-02 2.61333704e+00 2.66422634e-03 4.21781297e-04
 8.18721819e-05 2.04446816e+00 2.11514397e-08 4.65094633e-02
 8.82870063e-06 4.36589047e-02]
nUIV_to_SIR: {'weight': array([[ 1.4867392 , -0.02303853,  0.10305982],
       [-0.9306883 ,  1.5227332 ,  0.6322542 ],
       [-0.26151553, -1.9330287 , -0.03290679]], dtype=float32), 'bias': array([-0.01141297,  0.15401393,  0.83044195], dtype=float32)}
