SIR MODEL PARAMETERS
beta : 22.5
gamma : 0.25
x0 : [0.75 0.25 0.  ]
num_hosts : 50
NUIV MODEL PARAMETERS
beta : [1.2509356e-05 1.5253035e-05 1.5290226e-03 1.6418440e-05 1.6820857e-05
 9.6491058e-05 2.0948939e-02 5.6090939e-04 2.3907800e-04 5.1557920e-03
 1.8284692e-05 3.2708049e-02 1.4218970e-05 7.3373923e-04 7.2140710e-07
 3.1763187e-01 4.3300414e-01 5.8034821e-05 7.0168804e-05 3.9566567e-05
 4.8074238e-03 2.2725766e-03 1.6207261e-02 2.7482152e-02 8.5776868e-05
 2.1525992e-05 6.0188392e-04 5.1325429e-02 6.8952783e-04 4.2091957e-03
 1.4475263e-04 7.8703306e-06 8.1091479e-04 1.5195932e-04 3.0622403e-05
 3.2603416e-01 4.2902005e-01 9.2029353e-09 1.7669563e-04 9.1139868e-02
 2.9683847e-03 4.3243123e-03 9.8420437e-03 2.2715520e-05 3.4329623e-05
 6.5275460e-02 5.3651707e-04 4.2961884e-02 7.1115722e-04 5.1482201e-02]
delta : [0.236628   1.1659139  0.84273666 0.1882804  0.33640584 0.2144206
 0.10247999 0.5204634  0.081791   0.9241588  0.48437157 0.1549936
 0.12265883 0.12948395 0.2567236  0.12568109 0.16296351 1.176784
 0.604129   0.14142814 0.12371179 0.11964221 0.13047858 0.21039924
 0.13722748 0.12672932 0.132642   0.12945668 0.12852934 0.16027234
 0.18062265 1.1377484  0.12885202 0.12321123 0.17251517 0.14720392
 0.16437459 0.11636581 1.3637314  0.13075434 1.1654214  0.9860815
 1.1837597  0.14551045 1.2763612  0.14132826 0.2743074  0.14033082
 0.38681874 0.21052413]
p : [2.0230566e-01 1.9999835e-01 2.0000120e-01 1.6856980e-01 1.0484403e-02
 4.7034677e-02 2.0097795e-01 1.9971615e-01 2.0380451e-01 1.9999518e-01
 2.1026758e-02 1.5269958e+00 1.7017975e-01 2.7664736e-01 2.0025800e-01
 1.0615025e-02 1.3109925e+00 2.0000935e-01 3.9734921e-04 4.9890544e-02
 1.5500847e-01 7.2491757e-06 3.6084279e-01 1.7614064e-01 2.1041775e-01
 2.2723602e-01 2.1969929e-01 2.9622207e-03 6.8886749e-02 1.2088726e+00
 4.1051514e-02 2.0000380e-01 8.4006518e-01 1.4577182e-03 4.8722932e-01
 1.6860012e+00 4.5966886e-02 2.0001732e-01 1.8576503e-01 1.2883425e+00
 1.9998896e-01 2.0000514e-01 2.0002840e-01 2.0445037e-01 1.9995886e-01
 1.3157617e-01 3.0640849e-01 2.1765782e-03 2.0268586e-01 1.4645643e+00]
c : [2.3987823e+00 2.2447762e+00 2.3985045e+00 2.3978179e+00 1.3042948e+00
 1.9260520e+00 2.3963940e+00 2.3967521e+00 2.3999543e+00 2.3964891e+00
 2.3999057e+00 2.8362573e-04 2.3962581e+00 2.3922319e+00 2.3998871e+00
 2.3979666e+00 1.1639454e+00 2.3984332e+00 2.3996584e+00 2.3983419e+00
 2.3988419e+00 2.3897378e+00 2.3933454e+00 2.3996766e+00 2.3976429e+00
 2.3973408e+00 2.3984842e+00 2.3959906e+00 2.3990064e+00 2.0879529e+00
 2.3285742e+00 2.3997123e+00 2.3698575e+00 2.3989682e+00 2.3948367e+00
 9.7884566e-01 2.4400158e-03 2.3296847e+00 2.3982682e+00 3.9348048e-01
 2.3989203e+00 2.3987610e+00 2.3870749e+00 2.3991714e+00 2.3969653e+00
 2.3965158e+00 2.3996377e+00 1.5312141e+00 2.3976738e+00 5.9005536e-02]
t : [[1.59647954e+00 5.89001720e-05 9.67599161e-04 1.66029558e-02
  2.67804241e+00 1.66351750e-01 1.10508278e-01 1.16759941e-01
  6.77178577e-02 1.17871119e-02 3.17423092e-03 2.25991220e-03
  6.06543850e-03 2.34258905e-01 1.11290477e-01 1.56027891e-04
  2.52530622e+00 9.59303975e-02 6.59239991e-03 9.92219225e-02
  2.98020733e-03 2.47431383e-01 6.38461066e-03 6.52302876e-02
  1.44085228e-01 5.76346368e-02 2.21678302e-01 5.50747427e-06
  6.46130860e-01 7.12614460e-03 3.17536481e-02 6.73811533e-04
  3.24956924e-02 4.20977958e-05 2.67615765e-01 4.44573075e-01
  3.75595021e+00 4.36462322e-03 2.06310883e-01 7.92286515e-01
  3.14460231e-05 7.24946186e-02 4.21484634e-02 8.01980786e-04
  7.95025285e-03 4.64868644e-04 2.96113044e-01 7.11945474e-01
  6.46508336e-02 6.51447773e-02]
 [4.14205562e-12 4.80095196e+00 2.74208700e-09 1.11243912e-08
  3.56680334e-01 4.83736541e-04 8.34542782e-11 3.74615676e-13
  7.79517617e-10 2.46648906e-08 3.82436292e-06 8.57660609e-09
  1.86480909e-12 3.00048431e-09 5.94719456e-12 1.01594844e-11
  2.91781855e+00 1.09467400e-10 5.50850654e-09 9.72092167e-08
  1.21471189e-09 4.61114213e-09 4.47798715e-10 2.74384898e-13
  2.68784467e-10 9.96246197e-09 4.50769293e-15 1.76713106e-11
  2.55695977e-06 8.36971253e-07 6.90747112e-11 3.37313022e-09
  2.65176353e-11 9.27355415e-12 1.84680587e-11 4.71917450e-01
  2.23492765e+00 1.51919102e-10 2.00735132e-12 5.22736786e-03
  8.94579820e-13 2.41044251e-08 1.72986702e-07 2.71416496e-07
  9.64425970e-11 3.91531876e-11 5.44629408e-09 1.07911997e-01
  9.17969728e-11 7.95080757e+00]
 [3.72740358e-01 9.42641571e-02 6.16039693e-01 1.56385317e-01
  1.04672003e+00 1.42086715e-01 8.37566778e-02 1.81703955e-01
  1.72704145e-01 2.12945621e-02 3.22388619e-01 4.17340919e-03
  1.72069215e-03 1.29178977e-02 2.15669990e-01 6.06011152e-01
  3.19973320e-01 5.34010993e-04 3.06690694e-03 3.17350356e-03
  4.57182318e-01 1.85583078e-03 1.13490365e-04 2.79791236e-01
  7.72480445e-04 2.04423140e-03 2.48254731e-01 1.11188680e-01
  2.19651151e+00 3.69882886e-03 1.81047189e+00 4.77252662e-01
  4.49550867e-01 3.96438539e-01 2.85562515e-01 1.06029224e+00
  1.97028863e+00 2.13756889e-01 1.40618784e-02 2.46597242e+00
  2.19519213e-01 1.74498230e-01 4.88696899e-03 3.04775983e-01
  8.16569012e-03 1.01366222e-01 2.21235424e-01 1.05906278e-01
  5.56527730e-03 1.84713960e-01]
 [1.81392897e-02 8.56525078e-03 9.04783234e-02 1.37247896e+00
  3.59057069e-01 4.31953594e-02 9.26264655e-03 1.26227513e-01
  1.80384487e-01 7.14952033e-03 1.05127387e-01 1.24985557e-02
  4.04576123e-01 5.84838502e-02 1.89424306e-01 7.25491159e-03
  8.47187340e-02 2.58636698e-02 2.21278355e-01 3.20648074e-01
  9.07314569e-02 1.65384471e-01 4.17951085e-02 1.62084162e-01
  2.89348751e-01 1.44046396e-01 5.26215939e-04 5.48380464e-02
  3.80094826e-01 2.88431980e-02 9.52997386e-01 1.46623418e-01
  1.17162534e-04 1.50490284e-01 1.94523439e-01 6.41344905e-01
  1.65394413e+00 1.09878066e-03 5.73155936e-04 2.87659025e+00
  6.06121570e-02 1.24770142e-02 7.01116100e-02 7.89991543e-02
  2.11937516e-03 1.62402734e-01 3.47447157e-01 2.95680054e-02
  2.91254878e-01 3.55503112e-01]
 [4.97655347e-02 8.56333524e-02 5.92232406e-01 6.35174885e-02
  3.46495539e-01 1.45194978e-01 4.41688418e-01 8.95051435e-02
  6.09387532e-02 1.90187901e-01 6.72268718e-02 2.30636317e-02
  4.58469838e-02 1.95776522e-01 6.30478561e-02 5.04842341e-01
  3.53040242e+00 3.89486195e-05 2.15991437e-02 1.53185010e-01
  8.63768309e-02 3.37730944e-01 3.41885567e-01 1.15821287e-01
  2.02494889e-01 6.09021936e-06 4.53052133e-01 4.67246828e-05
  2.00279856e+00 1.38416160e-02 1.90557218e+00 3.31941485e-01
  2.14869812e-01 2.07302477e-02 1.83530852e-01 7.93969095e-01
  2.95044708e+00 2.06608442e-03 3.73899698e-01 2.83411670e+00
  3.81460279e-01 5.44971347e-01 2.83428252e-01 3.40364687e-02
  4.11829129e-02 5.08273989e-02 1.50979741e-03 5.64760149e-01
  4.21780534e-02 4.75020669e-02]
 [1.11432502e-03 7.20826462e-02 4.31793898e-01 5.40417969e-01
  1.95186287e-01 2.65273333e+00 1.10255815e-02 4.83466685e-03
  3.13482046e-01 8.74209642e-01 1.59869844e-03 4.58076857e-02
  1.50000793e-03 1.24449074e+00 3.42103653e-02 6.09703362e-04
  3.62005201e-04 2.37301327e-02 5.22666752e-01 2.90206820e-02
  8.07023272e-02 1.30502105e-01 2.62965113e-01 1.10263497e-01
  1.12019710e-01 2.52853148e-02 3.67543735e-02 4.40460034e-02
  1.86148919e-02 8.82284439e-06 1.81814224e-01 9.89733264e-03
  2.64013279e-02 5.25938757e-02 1.19938166e-03 5.79001941e-02
  9.43944037e-01 5.75158224e-02 3.93340504e-03 1.80892590e-02
  3.46484128e-03 3.75304282e-01 1.17032386e-01 2.43851729e-02
  1.34689594e-02 3.25510465e-02 9.37603936e-02 8.53276253e-02
  1.73556048e-03 1.21747613e-01]
 [1.11735955e-01 3.06357906e-05 3.26417200e-02 2.88434420e-03
  2.41856718e+00 2.27580741e-02 1.47777879e+00 8.70816037e-02
  1.62789468e-02 1.26773670e-01 2.06637797e-05 8.32253471e-02
  1.11513257e-01 8.49712407e-04 1.31101739e-02 3.63034219e-01
  2.91661191e+00 4.41581616e-03 7.43927360e-02 2.62592763e-01
  1.43292129e-01 6.83679581e-02 2.12912023e-01 9.10201371e-02
  1.86097860e-01 1.59548353e-02 5.11820689e-02 6.23602187e-03
  4.41788822e-01 7.86394551e-02 2.62050718e-01 3.96612547e-02
  1.63687151e-02 2.07045451e-02 2.65154764e-02 1.49889183e+00
  1.34596395e+00 1.03507824e-01 1.57558024e-02 2.61279058e+00
  3.18448455e-03 5.73215932e-02 6.97851833e-03 5.16009564e-03
  2.02435508e-01 1.19684068e-02 6.88524405e-03 5.78225553e-01
  2.63275672e-02 5.92353754e-02]
 [7.44170666e-01 3.75722349e-01 4.78630632e-01 1.51100650e-01
  4.45643187e-01 3.16323861e-02 2.09616974e-01 8.89903307e-01
  5.52210510e-01 3.31231833e-01 2.14851629e-02 1.76367775e-01
  2.75909454e-02 7.16803312e-01 1.44814709e-02 6.13591611e-01
  7.71227926e-02 2.84827739e-01 2.71180987e-01 6.11645356e-02
  6.56974077e-01 6.73602760e-01 3.73340607e-01 9.56431311e-03
  5.37800193e-01 3.71027201e-01 8.02838430e-02 1.66293800e-01
  2.14018154e+00 2.70405086e-03 1.97791052e+00 5.56545436e-01
  2.11357698e-02 3.50031316e-01 3.33583683e-01 1.68397591e-01
  1.54705274e+00 2.14500412e-01 4.03552294e-01 3.80812168e+00
  2.41236627e-01 5.47776103e-01 5.93420923e-01 4.60508823e-01
  3.46865714e-01 9.79045480e-02 2.23289356e-02 2.82028556e-01
  5.07740140e-01 2.66467541e-01]
 [2.13252530e-01 5.95271513e-02 1.13188803e-01 3.12392652e-01
  1.12633117e-01 1.94937355e-04 1.29746711e-02 3.77663709e-02
  1.80783775e-02 2.39747509e-01 1.62661448e-02 1.46844059e-01
  1.27791345e-01 1.30669475e-02 1.88444287e-01 5.50774276e-01
  1.40066564e+00 9.37130069e-04 2.17301562e-01 7.36430958e-02
  1.06763542e-01 3.24924171e-01 4.02705342e-01 7.05820788e-03
  9.94364638e-03 4.34529921e-03 1.32490918e-01 2.58269578e-01
  1.04118288e+00 1.58857763e-01 2.35884595e+00 7.50660956e-01
  4.58015591e-01 2.24771202e-01 2.85680056e-01 1.96730900e+00
  3.68710399e-01 4.24216717e-01 3.70169252e-01 3.36963129e+00
  3.53538338e-03 9.82581289e-04 1.45747969e-02 2.19837993e-01
  2.86025494e-01 2.12181062e-01 1.51142478e-02 1.87813789e-01
  3.54527533e-01 9.61213722e-04]
 [3.49846482e-01 1.25300158e-02 5.03991902e-01 5.01371622e-01
  1.47758722e+00 1.56727090e-01 2.05010757e-01 4.04370427e-01
  3.36741060e-01 5.94120502e-01 2.32596323e-03 3.02449074e-02
  3.54454368e-01 4.05817367e-02 1.70242297e-03 4.12244767e-01
  2.21175373e-01 2.96377689e-01 5.54784061e-03 1.05593592e-01
  2.56249428e-01 6.55896263e-03 3.26422378e-02 5.17302573e-01
  1.08188741e-01 8.65126625e-02 3.34195793e-01 1.83931902e-01
  4.49827552e-01 1.80030509e-03 1.08659697e+00 3.32164049e-01
  3.49639148e-01 4.13715661e-01 5.55610895e-01 1.33658409e+00
  1.55805457e+00 1.74998477e-01 5.46395302e-01 2.58220649e+00
  7.36399740e-02 1.82066813e-01 1.02096550e-01 1.99415665e-02
  1.85767964e-01 1.24255635e-01 2.72108857e-02 6.11935928e-02
  6.50665117e-03 4.59504634e-01]
 [3.20565440e-02 1.65159144e-02 4.48530838e-02 5.71517050e-02
  9.51296464e-02 8.90318602e-02 1.06980436e-01 5.56937419e-02
  1.47612557e-01 9.15879011e-02 2.84079742e+00 1.49566352e-01
  4.85690683e-02 1.56793132e-01 9.85673368e-02 1.20044604e-03
  4.51340992e-03 1.05724044e-01 1.15913199e-03 5.67280054e-02
  2.20945068e-02 6.06054775e-02 8.06573685e-03 3.29404324e-02
  3.51935951e-03 1.62456423e-01 1.13525964e-01 1.12126604e-01
  6.50731334e-03 6.52323589e-02 6.87960610e-02 9.35758278e-03
  1.24080116e-02 1.16945438e-01 2.12850645e-02 1.79456010e-01
  4.41244781e-01 4.75429930e-03 1.11629583e-01 3.52558563e-03
  8.15915391e-02 8.63041803e-02 1.93295032e-01 1.43749580e-01
  1.24381244e-01 1.30360588e-01 8.76320079e-02 1.67833474e-02
  1.27618447e-01 9.59272981e-02]
 [1.25732957e-04 4.20044437e-02 2.70320680e-02 1.41696478e-06
  2.24445343e+00 5.83357550e-02 4.03469764e-02 4.20194119e-04
  4.03224374e-04 2.55805935e-04 2.73439218e-03 2.97762658e-02
  5.32673765e-03 3.31469782e-04 1.79031013e-05 1.09811760e-01
  3.03849220e+00 3.56874429e-03 2.01008171e-02 3.31181251e-02
  8.22279180e-05 3.99310328e-02 1.67795151e-04 2.64956169e-02
  4.03440185e-02 2.23170146e-02 3.83786333e-04 4.36175214e-05
  1.09110691e-01 6.42357692e-02 3.82836051e-02 5.84194064e-02
  2.63743773e-02 6.99931104e-03 3.48706022e-02 2.65190482e-01
  3.36033988e+00 2.17719444e-05 3.02145481e-01 4.47971523e-01
  2.11205021e-01 7.33533129e-03 1.53372800e-02 3.66170687e-04
  1.99712595e-04 1.88382957e-02 9.01704609e-01 7.98839927e-01
  9.20371531e-05 6.05266452e-01]
 [1.06404401e-01 1.78620428e-01 3.46330889e-02 2.89820284e-02
  1.28667325e-01 2.99649704e-02 4.96205986e-02 7.26164842e-04
  5.76598160e-02 8.10156926e-04 3.78643832e-04 7.72481412e-02
  3.13587880e+00 4.68873512e-03 7.29184970e-02 9.44675849e-05
  2.00362429e-02 5.77326529e-02 1.17038507e-02 4.77937283e-04
  7.15888515e-02 5.64389024e-03 9.77485906e-03 1.12567149e-01
  3.17461709e-05 4.74041477e-02 7.57038295e-02 5.68620408e-06
  2.20447611e-02 2.09943373e-02 3.47267017e-02 4.10930533e-03
  2.47466508e-02 9.10201147e-02 6.89907894e-02 1.00970142e-01
  9.59501863e-01 2.31807083e-02 3.92358936e-02 1.27318352e-01
  1.44910291e-01 3.30538698e-03 3.06271166e-02 3.97109240e-02
  8.08348805e-02 1.24775730e-01 5.02638072e-02 3.17817437e-03
  9.85153988e-02 2.56441138e-03]
 [8.01408067e-02 4.63997722e-02 1.30923209e-03 2.52234377e-02
  4.50592697e-01 8.84480551e-02 1.22434311e-01 1.55188721e-02
  1.03038289e-01 1.75183080e-02 4.77320626e-02 6.22406043e-03
  1.14731193e-01 1.31758213e+00 1.20262243e-01 1.09803025e-03
  3.43167670e-02 1.35681748e-01 2.25848760e-02 7.91423302e-03
  9.62599879e-04 2.15208228e-03 2.05532357e-01 1.49550721e-01
  9.13470611e-02 3.83283920e-03 3.11861455e-01 9.60734859e-03
  2.96483099e-01 1.51281301e-05 2.78015196e-01 1.55753613e-01
  3.70569527e-02 5.47745847e-04 5.15410975e-05 6.51720762e-01
  1.92964077e+00 3.64006966e-01 2.67337222e-04 2.87701845e+00
  2.31118244e-03 1.31752269e-04 2.32593782e-04 1.42097235e-01
  1.81282647e-02 5.88061175e-06 4.48604487e-02 3.11599672e-01
  2.01369193e-03 6.20650530e-01]
 [1.70773035e-03 5.00719190e-01 3.40106599e-02 3.89414638e-01
  3.54292631e-01 7.49754906e-02 2.28022814e-01 2.39745572e-01
  3.77666056e-01 7.42895529e-02 3.72478813e-02 6.79934025e-02
  4.23245924e-03 2.90154926e-02 2.74209213e+00 7.39441454e-01
  1.26741841e-01 3.99220496e-01 4.30602627e-03 1.91946328e-01
  1.58236456e+00 1.50058232e-02 5.85483551e-01 3.44370008e-02
  7.68963695e-01 1.35817856e-01 3.55321378e-01 6.19115829e-01
  6.67825103e-01 2.65415001e-04 1.95133209e+00 2.24940825e+00
  4.12417389e-02 1.20951653e+00 6.85217500e-01 9.61076677e-01
  7.17219114e-01 2.68544614e-01 1.76375294e+00 3.55345416e+00
  1.51640737e+00 1.31725788e+00 2.31537133e-01 1.35453732e-03
  8.74602869e-02 1.28578556e+00 1.24577618e+00 3.25820476e-01
  1.49292173e-03 2.39328906e-01]
 [8.74861479e-01 4.10579950e-01 1.28219402e+00 8.15989554e-01
  3.78032148e-01 2.10285246e-01 7.43319809e-01 3.30090493e-01
  7.87519515e-01 2.61170924e-01 4.04922618e-03 2.86877275e-01
  1.98095497e-02 6.10969305e-01 8.86166189e-03 1.53873968e+00
  4.33143258e-01 9.63836133e-01 1.28289312e-01 6.14843704e-02
  2.08455515e+00 1.14618778e+00 7.32658148e-01 1.24627808e-02
  6.73370808e-02 4.22191799e-01 5.03409326e-01 4.23314273e-01
  4.56556320e-01 1.16390370e-01 4.21936512e+00 2.76911116e+00
  1.21195495e+00 3.10463607e-01 1.33881223e+00 7.99991965e-01
  9.67663005e-02 1.00214863e+00 2.32556272e+00 4.17233229e+00
  8.30694735e-02 8.43136370e-01 8.00463736e-01 6.43006563e-01
  2.95061022e-02 5.78619651e-02 2.35933103e-02 1.51675602e-03
  6.63781345e-01 8.50068852e-02]
 [3.14128995e+00 1.72097754e+00 3.58659911e+00 2.25260282e+00
  6.78481311e-02 7.16771036e-02 2.91023898e+00 2.06970191e+00
  2.66856432e+00 1.03919554e+00 3.20608541e-02 4.79931682e-01
  2.74479538e-02 2.36715865e+00 4.91506828e-04 1.04310155e+00
  6.41077850e-03 2.77443480e+00 3.87902856e-02 3.47867943e-02
  4.26489401e+00 1.45387125e+00 2.07031083e+00 1.34426821e-02
  2.36481738e+00 1.00206530e+00 2.49556947e+00 2.27760792e+00
  7.16858447e-01 5.51940918e-01 3.51587439e+00 2.97738218e+00
  3.67745924e+00 3.09520984e+00 3.98740530e+00 1.12442088e+00
  1.85290134e+00 2.86681509e+00 2.40353107e+00 3.20511341e+00
  3.15935135e+00 3.63971758e+00 2.57088399e+00 2.22747827e+00
  1.49691606e+00 4.82154936e-02 2.03773782e-01 6.58521712e-01
  2.39450574e+00 1.00439048e+00]
 [2.35379990e-02 2.32500479e-01 4.02065158e-01 2.49484360e-01
  1.93787801e+00 5.95229864e-03 4.61362954e-03 4.20862027e-02
  7.79645797e-03 3.10696810e-01 3.74349602e-03 5.70161901e-02
  3.97569649e-02 3.20729136e-01 7.57253403e-03 1.27419546e-01
  2.41563678e+00 1.17857480e+00 4.12935717e-03 4.68866974e-02
  2.13352874e-01 2.09115386e-01 1.15742840e-01 5.86938336e-02
  2.12102577e-01 2.17047986e-02 7.34247408e-07 1.64698899e-01
  6.46504581e-01 1.25054466e-02 8.92972827e-01 1.00314908e-01
  3.13482523e-01 2.85017997e-01 3.09211612e-01 1.43433285e+00
  1.59980512e+00 2.97662765e-01 7.16963224e-03 2.88881683e+00
  3.19956578e-02 4.22203876e-02 3.02893575e-02 1.11462669e-02
  1.66085571e-01 3.11401010e-01 6.85968921e-02 4.44639742e-01
  2.47805014e-01 2.97676743e-04]
 [8.45577940e-02 2.97871321e-01 7.81691745e-02 1.81889255e-02
  1.01124808e-01 2.32110010e-03 1.35443581e-03 1.35179085e-03
  1.38170987e-01 5.80998547e-02 1.09100994e-03 1.56175002e-01
  2.82037407e-02 1.18332775e-03 4.81722737e-03 3.97917815e-04
  3.94265875e-02 8.49518180e-02 3.29709911e+00 6.90392554e-02
  7.48047754e-02 5.56521397e-03 1.25095561e-01 7.04279577e-04
  1.31713648e-04 5.30215874e-02 6.49856929e-06 7.03940820e-03
  1.36085212e-01 8.08814019e-02 1.05422892e-01 2.54595513e-03
  6.62226900e-02 2.36722466e-04 2.28119474e-02 1.81307033e-01
  1.12328738e-01 1.62431644e-03 9.49764773e-02 3.50504033e-02
  1.48896977e-01 4.42181006e-02 2.18776837e-01 1.15042828e-01
  2.11562559e-01 7.42745632e-03 3.94240804e-02 1.63619503e-01
  1.14978462e-01 4.76962961e-02]
 [1.52407479e+00 2.32575440e+00 2.37798691e+00 2.06085706e+00
  1.36057973e-01 2.25337781e-02 1.39456332e+00 1.47771847e+00
  1.37510264e+00 1.39404249e+00 1.36558721e-02 1.51631329e-02
  7.09388114e-04 4.50917810e-01 5.88978112e-01 1.01622649e-01
  1.08216424e-02 2.05174184e+00 2.24883392e-04 2.77199745e+00
  9.99891281e-01 1.20048067e-02 1.48082006e+00 1.85722020e-02
  1.24400246e+00 1.46444631e+00 1.56758094e+00 6.77941382e-01
  8.38803723e-02 1.04125917e-01 1.97691584e+00 1.65395308e+00
  6.25746071e-01 2.02910542e+00 7.36098528e-01 1.19359469e+00
  3.27707790e-02 3.79823595e-02 1.31450319e+00 1.39571309e+00
  3.66067141e-01 1.08957815e+00 1.68945312e+00 1.73751450e+00
  1.62659383e+00 1.03051221e+00 3.01890876e-02 3.24090682e-02
  7.11440384e-01 1.08786523e-01]
 [1.10450530e+00 9.15340409e-02 1.21229803e-02 2.49085903e-01
  3.92889808e-04 3.72140645e-03 4.70376611e-01 1.44150062e-02
  1.60412848e-01 5.71681619e-01 1.28332814e-02 6.38102591e-01
  3.46584111e-01 8.86611164e-01 3.99077684e-01 3.47140640e-01
  1.88257590e-01 1.64127606e-03 7.35358298e-02 3.07723731e-01
  3.06319594e+00 1.54466122e-01 5.28707623e-01 6.99937865e-02
  2.32021175e-02 2.94298097e-03 2.30337620e-01 1.12576119e-04
  1.23937972e-01 3.08285858e-02 1.38914788e+00 1.74048677e-01
  9.36539054e-01 6.43490180e-02 3.90145540e-01 2.43015438e-01
  9.65714157e-01 2.95457691e-01 4.58402187e-01 3.16969538e-03
  2.29585513e-01 2.53465354e-01 9.93517816e-01 9.32227790e-01
  9.01191950e-01 2.14969903e-01 1.39209628e+00 5.92196941e-01
  1.79786503e-01 2.42152080e-01]
 [1.09796119e-05 3.21610496e-05 5.11162244e-02 1.24337394e-02
  9.88356948e-01 1.86023545e-02 8.05711672e-02 1.71180069e-02
  1.79597903e-02 1.53919464e-04 3.57668474e-02 6.68674149e-03
  1.61763132e-02 1.44277900e-01 9.33035990e-05 1.65110990e-01
  2.96981484e-01 1.69288278e-01 4.27724241e-04 7.11750761e-02
  7.28762680e-05 1.50498521e+00 1.72173500e-01 8.34263023e-03
  2.63312832e-05 9.94929942e-05 2.05545348e-05 1.81294872e-05
  3.64087224e-01 6.59754314e-03 3.37890387e-02 9.47799385e-02
  1.39034092e-02 7.84246847e-02 1.36274576e-01 8.16140831e-01
  2.00235176e+00 2.72754533e-03 1.44471443e-04 9.65199947e-01
  4.37654741e-03 1.91412121e-02 7.11446337e-05 1.76676940e-02
  8.32430460e-03 1.67329799e-05 7.39771640e-03 9.68570828e-01
  1.16300303e-02 7.56977558e-01]
 [2.31427923e-01 1.71053801e-02 3.11413735e-01 1.48484573e-01
  1.03626502e+00 9.27241594e-02 3.02589774e-01 2.03127228e-03
  1.42298952e-01 2.22404927e-01 1.37719838e-03 2.64779403e-04
  1.19444355e-02 7.20967799e-02 1.17531836e-01 6.37271106e-01
  9.00046647e-01 1.68294773e-01 1.59050837e-01 9.49040577e-02
  9.43919178e-03 2.93044031e-01 1.10313237e+00 1.48006082e-01
  2.20411364e-02 1.58493325e-01 2.14338259e-04 7.06611201e-03
  6.37783587e-01 6.64263666e-02 2.42580247e+00 1.78378701e-01
  1.19969420e-01 5.87231554e-02 1.85722988e-02 7.01148868e-01
  2.08598304e+00 1.68752387e-01 2.18939543e-01 2.33778095e+00
  5.51102124e-03 5.51835459e-04 7.72035569e-02 3.27135563e-01
  4.61494504e-03 1.47820219e-01 1.16177827e-01 1.36620820e-01
  3.31817232e-02 1.62628502e-01]
 [2.19078902e-02 1.75910369e-01 8.44107211e-01 8.79428446e-01
  7.39741549e-02 1.19098872e-02 1.57563224e-01 3.28885429e-02
  6.41490042e-01 9.56323206e-01 2.25942224e-01 8.39539990e-02
  4.31390196e-01 5.86922407e-01 1.12238610e-02 2.94996321e-01
  5.33143319e-02 1.10336244e+00 2.10624631e-03 1.47545766e-02
  9.77720022e-01 5.50936699e-01 7.19870746e-01 2.50789976e+00
  4.02793467e-01 2.97041267e-01 4.78900343e-01 1.03225875e+00
  1.69620618e-01 5.99767417e-02 1.21780306e-01 3.66399327e-05
  9.71781731e-01 1.24699187e+00 1.21636403e+00 1.07235563e+00
  1.37555838e+00 6.99733317e-01 4.54924665e-02 1.68118703e+00
  7.88440585e-01 5.87779224e-01 9.49623048e-01 3.17953825e-02
  5.00790715e-01 6.52905166e-01 1.33259356e-01 8.20547119e-02
  2.52678305e-01 6.97793894e-06]
 [4.46920022e-02 2.68282503e-01 1.71062201e-01 4.37317267e-02
  2.82005000e+00 1.22818321e-01 9.52228613e-04 8.20166245e-02
  3.46255526e-02 1.28094584e-01 2.04009980e-01 2.10709497e-03
  9.38234627e-02 6.10322692e-02 1.68739110e-01 4.63604242e-01
  1.98539865e+00 9.61338356e-02 5.35468422e-02 2.64554587e-03
  1.90378040e-01 1.44527331e-02 2.79217333e-01 1.14933401e-01
  1.28979146e+00 6.41138628e-02 3.29304971e-02 2.44924649e-05
  1.50491238e+00 2.36713037e-01 4.49219495e-01 3.30406390e-02
  1.62408754e-01 1.85318701e-02 2.81516880e-01 8.58404398e-01
  2.24399543e+00 1.62759095e-01 6.80464553e-04 2.42830825e+00
  1.99542139e-02 3.87296043e-02 2.45164335e-02 9.89871286e-03
  1.14208363e-01 4.10239911e-03 1.07964285e-01 3.23357821e-01
  3.35681498e-01 1.55431449e-01]
 [1.98736098e-02 1.02353124e-05 4.83550996e-01 9.96417273e-03
  2.00263411e-01 1.44244428e-03 1.17769770e-01 3.24830621e-01
  5.63214207e-03 2.61374384e-01 1.73332705e-03 1.48227457e-02
  2.23339617e-01 3.02273273e-01 1.78158611e-01 9.90864038e-01
  1.78938970e-01 1.02167599e-01 1.17178233e-02 2.41045848e-01
  4.84692026e-03 5.10184586e-01 2.33932838e-01 2.15375759e-02
  9.21996832e-02 2.66856861e+00 9.41674486e-02 2.88176704e-02
  2.10411119e+00 4.86447185e-04 1.53795278e+00 3.67847606e-05
  1.33585557e-02 2.74809892e-04 1.04586318e-01 1.01217115e+00
  2.09322119e+00 9.42673609e-02 1.71794463e-02 2.28600073e+00
  1.17509075e-01 2.39882097e-01 9.62757505e-03 7.91655779e-02
  2.87699521e-01 5.74474111e-02 6.68087453e-02 4.71516922e-02
  8.33104085e-03 2.13565771e-03]
 [1.93918750e-01 2.23366007e-01 1.91975720e-02 3.31955962e-02
  1.12749135e+00 6.71672001e-02 1.18386615e-02 2.00105280e-01
  1.94442421e-01 5.85369300e-04 2.27587260e-02 3.54624796e-03
  3.75201166e-01 5.18233366e-02 2.83847481e-01 1.72123745e-01
  1.26322877e+00 2.05260798e-01 2.14975342e-01 2.88721323e-02
  4.84645255e-02 8.48441664e-03 1.91348180e-01 6.28418401e-02
  9.27610844e-02 5.19803576e-02 1.63256228e+00 5.75334914e-02
  9.33405340e-01 8.03827494e-02 1.56566536e+00 8.29264242e-03
  1.37000261e-02 1.44517139e-01 3.94771904e-01 1.51442826e+00
  8.84698808e-01 5.09342994e-04 2.31356099e-02 2.84530640e+00
  5.02957366e-02 1.44042913e-03 2.69492418e-01 2.42653419e-03
  3.94899957e-02 1.25032887e-01 7.14487731e-02 1.23243921e-01
  2.38879789e-02 1.19165301e-01]
 [6.18671834e-01 5.09996712e-01 4.09071803e-01 7.21255736e-03
  5.27078509e-01 5.70903532e-02 3.31575722e-01 2.67587632e-01
  2.18486950e-01 2.04806522e-01 1.85184047e-01 1.30384893e-03
  1.42320365e-01 5.20347059e-01 2.00880803e-02 9.63352621e-01
  2.14331746e-01 6.08957052e-01 7.74512067e-04 1.60261586e-01
  4.71766800e-01 9.00708660e-02 1.15759104e-01 5.56449555e-02
  2.73366183e-01 3.08817804e-01 1.91959113e-01 1.07259071e+00
  7.44843006e-01 9.68999416e-02 2.24794412e+00 1.27450311e+00
  7.69174751e-03 2.24218428e-01 5.35800457e-01 6.29247501e-02
  8.88761878e-01 7.27682710e-01 3.46735656e-01 3.18431306e+00
  2.21460834e-01 6.51459575e-01 1.80478603e-01 3.78365993e-01
  8.98163691e-02 4.22624452e-03 4.39490825e-02 2.72341985e-02
  3.40334088e-01 8.86535496e-02]
 [1.92443037e+00 6.34834111e-01 1.75633562e+00 5.69417536e-01
  1.15356661e-01 2.73742139e-01 1.53516901e+00 1.78959817e-04
  4.93223220e-01 2.00247969e-02 1.03281289e-02 3.25357844e-03
  2.11732052e-02 1.10005999e+00 7.25592449e-02 9.53925192e-01
  1.52567768e+00 9.57846880e-01 1.61483698e-02 1.49861202e-01
  1.35568213e+00 1.05972123e+00 1.04067504e+00 1.99815189e-03
  1.15841711e+00 4.99586523e-01 1.34146070e+00 7.70737946e-01
  1.54472721e+00 2.84043960e-02 1.73743463e+00 1.34273458e+00
  2.20503712e+00 7.05893457e-01 3.03612447e+00 1.20059097e+00
  5.51260948e-01 1.78199244e+00 1.71422207e+00 3.36156535e+00
  7.58019149e-01 7.89690018e-01 6.42467439e-01 1.19323432e+00
  9.26382244e-02 1.39406938e-02 3.81292135e-01 2.34325469e-01
  1.50799990e+00 8.33622366e-02]
 [2.90055960e-01 1.78401262e-01 1.89009152e-04 1.66190088e-01
  2.58320689e+00 1.47674352e-01 1.15178354e-01 1.51868246e-03
  3.54751647e-01 1.47237256e-03 1.15391901e-02 1.76369373e-04
  5.83099686e-02 1.03943702e-03 8.83307890e-04 4.29934084e-01
  2.18580222e+00 3.46771977e-03 4.90965471e-02 1.62878558e-02
  2.97380961e-04 2.62231901e-02 1.39644847e-03 2.75350898e-03
  6.42612875e-02 4.19266038e-02 3.93839320e-04 3.66204511e-03
  9.59059224e-02 2.69171953e-01 6.54309273e-01 8.16110335e-03
  2.03238890e-01 1.03243761e-01 1.37351332e-02 1.01480556e+00
  4.39372635e+00 1.42413855e-03 4.53940809e-01 1.13163315e-01
  1.91791356e-02 2.91711112e-05 1.85396839e-02 3.70313935e-02
  4.73719665e-05 8.56784638e-04 9.12768960e-01 6.87458813e-01
  3.84557515e-01 1.01072121e+00]
 [3.88540477e-02 3.31298500e-01 2.82505989e-01 2.90706962e-01
  2.65225911e+00 3.22857648e-02 5.43394804e-01 2.67951846e-01
  7.30794063e-03 5.04770279e-01 2.60905862e-01 6.99030142e-03
  7.59755597e-02 7.94699714e-02 1.57577187e-01 1.23774707e+00
  1.89635217e+00 2.06335008e-01 5.05416952e-02 2.71846284e-03
  4.09744024e-01 2.37913370e-01 2.98909426e-01 3.77683342e-03
  2.84145051e-03 9.89670008e-02 1.92340374e-01 3.94949973e-01
  3.04080939e+00 1.49309456e-01 1.59315001e-02 7.71887898e-01
  2.16601446e-01 3.13960873e-02 6.15784347e-01 7.72713304e-01
  1.16213298e+00 8.70302171e-02 1.82424877e-02 1.94839311e+00
  1.20420210e-01 5.47553040e-03 2.38601178e-01 1.26679265e-03
  6.45569935e-02 4.55924636e-03 2.59245902e-01 6.10489249e-01
  1.93931744e-01 1.71814128e-04]
 [1.34681689e-03 1.42408833e-01 5.85107446e-01 3.54932100e-01
  1.51988596e-03 3.04417443e-02 1.58961102e-01 3.06054175e-01
  3.42810124e-01 1.43202215e-01 1.13923475e-01 4.62684333e-01
  2.01120451e-02 2.13143796e-01 1.55722294e-02 7.64934540e-01
  2.01521134e+00 4.75319475e-01 1.76337704e-01 2.43075495e-03
  6.57771202e-03 1.16039205e+00 6.85918033e-02 1.38016358e-01
  4.43004072e-01 3.67580377e-03 4.19882536e-02 3.33395693e-03
  2.99990088e-01 1.01928301e-02 4.84611797e+00 3.10109288e-01
  3.75385135e-01 1.18809551e-01 1.36214256e+00 9.45527256e-01
  1.46265805e+00 2.65062183e-01 1.34972274e+00 3.37880111e+00
  2.66451508e-01 7.00285494e-01 2.04533879e-02 1.08720243e-01
  8.93911906e-03 1.34661421e-01 5.07207692e-01 7.74295211e-01
  3.57566518e-03 1.68586791e-01]
 [4.31906119e-06 6.68981113e-03 1.57401382e-06 8.14636223e-06
  2.76000476e+00 3.44649516e-02 1.06617847e-06 1.30665270e-04
  1.52671689e-07 4.04190287e-05 2.31194543e-03 3.23605258e-04
  1.83290285e-05 3.89114977e-03 1.11894660e-05 6.91746180e-08
  2.49016333e+00 1.20936932e-06 1.99356722e-03 1.98099137e-08
  3.69456279e-06 2.50560350e-10 2.98154930e-07 2.66961706e-05
  2.29093814e-07 1.71357860e-05 1.34608752e-04 1.44111917e-10
  1.83889605e-02 1.44527042e-02 1.28795691e-07 5.01419493e-07
  3.68769264e+00 2.17209054e-05 2.06090650e-03 6.63236827e-02
  3.65528297e+00 1.45718495e-05 2.13944018e-04 6.24363840e-01
  7.70410406e-05 8.68723146e-05 1.47823835e-06 4.98962754e-06
  5.65096452e-05 1.30323533e-04 2.20911235e-01 6.15845919e-01
  5.00695705e-06 9.02998596e-02]
 [2.03642603e-02 5.67823369e-03 3.92036825e-01 9.07132030e-02
  4.70227987e-01 1.60613854e-03 2.43549302e-01 1.58797503e-01
  2.73236930e-01 8.41452405e-02 9.28343982e-02 1.03867333e-02
  5.58480173e-02 1.56808227e-01 2.01415896e-01 4.71923202e-01
  5.91092044e-03 4.19464201e-01 1.77989274e-01 3.62001483e-05
  1.03810228e-01 1.63495511e-01 1.59805402e-01 4.80160229e-02
  3.99053812e-01 1.22521054e-02 3.85896355e-01 1.57278054e-03
  1.42663848e+00 1.08756861e-02 1.69398534e+00 1.45328813e-03
  6.45503342e-01 3.25015521e+00 5.87378681e-01 2.30267137e-01
  9.92760241e-01 6.14820361e-01 1.22163810e-01 2.44921589e+00
  2.81511456e-01 4.47841316e-01 2.60740101e-01 4.21781749e-01
  9.35363621e-02 1.86209157e-01 1.34330809e-01 2.01139987e-01
  5.18122911e-01 3.46601784e-01]
 [3.90198576e-04 2.21909937e-02 7.07383230e-02 2.22188905e-02
  3.29680300e+00 1.84743345e-01 1.26590789e-03 3.08181886e-02
  3.06791700e-02 1.62756199e-03 7.90096074e-02 6.07512668e-02
  7.31494054e-02 2.34848680e-03 2.35482916e-01 3.81063810e-03
  1.85405111e+00 1.02787592e-01 1.91353112e-01 1.15921862e-01
  1.15948040e-02 2.51972512e-03 1.34123219e-02 1.54992893e-01
  6.67406619e-02 6.82235286e-02 1.45161469e-02 1.76711334e-03
  2.04672599e+00 3.01344730e-02 4.91806507e-01 2.69492593e-04
  1.43313855e-01 1.77877545e-02 1.43783486e+00 1.10424948e+00
  3.01747513e+00 7.67155690e-03 4.24167365e-02 1.01509285e+00
  2.98270006e-02 3.89908266e-04 5.27088046e-02 2.22175270e-02
  1.47692612e-04 3.30450088e-01 1.91265568e-01 6.33682728e-01
  1.45822130e-02 1.01437941e-02]
 [7.49298453e-01 1.00405264e+00 7.34225094e-01 9.28416014e-01
  1.61446333e+00 6.20823577e-02 1.07954085e+00 7.48629689e-01
  8.89686167e-01 9.79987442e-01 1.87615352e-03 2.76255310e-01
  3.24150138e-02 1.18559051e+00 3.10394447e-03 5.78615963e-01
  2.14428735e+00 1.12428737e+00 1.68264940e-01 2.94160284e-03
  5.99281013e-01 9.70553935e-01 3.09471190e-01 1.63796380e-01
  9.61726248e-01 2.20900312e-01 6.58819199e-01 1.14182323e-01
  1.43971413e-01 1.87900185e-03 1.39775848e+00 1.25975406e+00
  9.32433784e-01 1.74011111e-01 8.53521943e-01 2.46872440e-01
  2.60269380e+00 4.99407232e-01 8.29039514e-01 1.81403589e+00
  3.83216381e-01 6.64076186e-04 4.95586365e-01 1.52533805e+00
  6.60633087e-01 1.54112661e-06 1.15996575e+00 1.23446369e+00
  1.25129187e+00 2.65314877e-01]
 [3.51948118e+00 2.00098419e+00 2.58423972e+00 2.16763735e+00
  1.00267875e+00 1.88924566e-01 2.49034619e+00 1.80165803e+00
  2.31630564e+00 2.20281744e+00 2.72726208e-01 1.37214601e+00
  1.60338521e-01 3.62583351e+00 5.57902222e-03 1.00058448e+00
  1.20867705e+00 2.49353051e+00 2.93821823e-02 4.21757018e-03
  3.27101707e+00 1.44369411e+00 2.14223981e+00 1.05387922e-02
  2.18280792e+00 2.76419997e+00 2.46177149e+00 3.07308173e+00
  9.65289772e-01 7.59203672e-01 1.01110804e+00 3.66832113e+00
  2.40346265e+00 2.99964476e+00 2.73149800e+00 1.67933202e+00
  7.34122992e-02 2.94431138e+00 4.36533165e+00 4.09759569e+00
  5.81179667e+00 4.21837282e+00 3.33300829e+00 3.21190381e+00
  1.74655366e+00 2.70281043e-02 7.14304209e-01 6.25408053e-01
  2.80552888e+00 6.14353195e-02]
 [2.41141379e-07 3.64808785e-03 3.09169357e-09 3.76579514e-08
  9.30001915e-01 1.49280364e-02 6.28674729e-03 7.86570553e-03
  4.30711595e-16 4.47844155e-03 1.34140272e-02 5.82745392e-03
  1.71665847e-03 7.05935108e-03 2.15049530e-03 3.16575938e-03
  4.55686808e+00 6.72980534e-08 3.29601904e-03 2.49608853e-14
  2.17909273e-03 2.97531848e-08 6.12930705e-07 4.34010581e-04
  5.37011249e-04 6.58743549e-03 1.37841433e-10 5.85465087e-03
  6.61652163e-03 5.04332827e-03 1.93975629e-05 8.14537437e-10
  3.91135737e-03 2.00577688e-06 5.80903716e-08 2.11066437e+00
  3.28830719e+00 3.08018064e+00 2.29849056e-11 7.82084227e-01
  2.94258823e-12 7.08387524e-04 5.14417375e-03 9.00669056e-06
  1.40522305e-08 2.51795840e-03 2.76139354e-12 6.80744588e-01
  7.50379172e-08 5.30072749e-01]
 [9.39382389e-02 1.93297207e-01 2.33560190e-01 3.15683447e-02
  2.85214591e+00 3.73316311e-06 2.50937074e-01 2.63527315e-02
  1.15812086e-02 5.00940643e-02 3.38155514e-04 1.44950002e-01
  1.92319274e-01 4.15143603e-03 1.69234216e-01 9.08542156e-01
  3.85130644e+00 1.49387553e-01 7.49413371e-02 4.29433919e-02
  2.88253147e-02 2.26653218e-01 1.25022739e-01 4.52131219e-02
  9.55247954e-02 4.35449928e-02 2.35983893e-01 7.41385564e-04
  9.92112041e-01 1.06550939e-01 5.10865748e-01 3.35112154e-01
  2.03816965e-03 9.77478363e-03 5.97753108e-01 1.13088727e+00
  1.66738540e-01 9.42081138e-02 4.16602015e-01 1.90852511e+00
  2.33166907e-02 5.47101125e-02 1.89189112e-03 2.47805286e-02
  2.74086237e-01 2.19925985e-01 1.74511254e-01 6.58282340e-01
  1.87042952e-02 7.63106585e-01]
 [1.84201205e-03 4.52755988e-02 2.19112262e-02 1.55268516e-02
  1.35026491e+00 1.32068899e-02 2.44544276e-06 4.72541375e-04
  2.00071071e-08 2.76200826e-05 2.33102488e-04 3.14909890e-02
  1.19717605e-03 1.59209267e-05 1.13630980e-04 2.40496770e-01
  1.85736978e+00 1.74949728e-02 4.32932466e-05 1.06607948e-03
  3.42239764e-05 1.64912179e-01 4.86385543e-03 1.78353267e-03
  6.84391856e-02 1.44188263e-04 6.69309171e-03 1.85283441e-02
  2.46508777e-01 1.34012325e-07 1.89153597e-01 8.81011114e-02
  8.72709643e-05 2.61256009e-05 1.44304906e-03 6.42438591e-01
  3.69193268e+00 9.53810044e-08 2.71879486e-04 6.73175216e-01
  3.88909243e-02 1.64964367e-02 7.69781694e-02 1.30551290e-02
  1.53584024e-05 7.22998357e-06 5.63180327e-01 9.06366587e-01
  5.79961911e-02 8.06995571e-01]
 [3.58858258e-02 1.17807295e-02 4.94524203e-02 2.81843636e-03
  7.44291365e-01 7.53983739e-04 1.70844551e-02 1.26989820e-04
  3.31430999e-03 2.48065382e-01 3.85133462e-05 2.65862375e-01
  2.90245041e-02 8.81283451e-03 8.97713080e-02 1.01875126e+00
  1.10698450e+00 1.36468969e-02 6.13193633e-03 7.67589454e-03
  2.00394381e-04 2.98941702e-01 3.54251325e-01 1.45353377e-01
  7.42092438e-04 2.43080378e-01 9.12043154e-02 9.30730551e-02
  1.56358564e+00 3.00162216e-03 1.13005960e+00 2.33316734e-01
  2.35762402e-01 1.79460980e-02 3.14667344e-01 6.00313723e-01
  2.35797262e+00 3.64663154e-02 5.08437991e-01 2.61464310e+00
  1.59518051e+00 4.45237500e-04 7.00770644e-04 4.02207255e-01
  1.88345581e-01 2.54605524e-02 7.55926175e-03 1.79591864e-01
  1.92542389e-01 1.09234236e-01]
 [3.60336721e-01 9.33087617e-02 1.07818991e-01 1.96588952e-02
  5.22953093e-01 4.87060994e-02 1.65560901e-01 1.06885985e-01
  4.12242562e-02 4.30002622e-03 1.12844957e-02 3.96748751e-01
  8.86188634e-03 4.51011471e-02 1.19521201e-01 9.02334392e-01
  1.43088734e+00 4.41752486e-02 8.87554139e-02 2.56624609e-01
  6.63931429e-01 2.12147102e-01 1.40138328e-01 8.64568055e-02
  5.41185886e-02 2.02070683e-01 1.15920216e-01 4.16869044e-01
  8.19234133e-01 7.58772995e-03 1.81418931e+00 7.88950443e-01
  3.08395233e-02 2.93960038e-04 1.93429545e-01 1.64857531e+00
  2.43172050e-01 6.78836554e-02 6.47503912e-01 4.31414366e+00
  1.26486947e-03 1.83406723e+00 1.04124941e-01 2.25966543e-01
  4.11635816e-01 2.91155040e-01 5.19633055e-01 3.94705117e-01
  2.95364521e-02 5.86185884e-03]
 [3.28156687e-02 5.10622039e-02 2.39701107e-01 2.08766125e-02
  9.08470213e-01 1.53725995e-02 1.16419308e-01 1.12931088e-01
  7.67752752e-02 1.52952135e-01 1.08082473e-01 1.86800759e-03
  9.07485839e-04 4.59700357e-03 3.57462540e-02 2.66407877e-01
  1.38483077e-01 1.80269524e-01 5.67232212e-03 5.93336970e-02
  1.10195848e-04 1.31622925e-02 7.04800757e-03 1.73929438e-03
  1.23903500e-02 8.66019167e-03 2.14111947e-06 3.23934248e-04
  1.11309302e+00 1.92024652e-02 3.28975887e-07 1.96232006e-01
  5.38674998e-04 1.95769086e-01 2.21747831e-02 8.03999603e-02
  3.17851520e+00 3.61359507e-01 4.72564772e-02 1.29932082e+00
  4.17311229e-02 6.90620616e-02 1.16629350e+00 1.09332792e-01
  1.01263814e-01 3.65513824e-02 3.46925817e-02 4.15865600e-01
  2.58016959e-02 5.95332623e-01]
 [2.94111408e-02 2.30719871e-03 2.66531974e-01 7.71739939e-03
  8.70838881e-01 3.28685343e-02 1.77892018e-02 1.60391152e-01
  8.56674761e-02 5.11963162e-06 9.01432615e-03 3.80437635e-02
  2.97607362e-01 2.34906357e-02 2.57461101e-01 3.86032261e-05
  1.72098780e+00 1.62057821e-02 2.37216502e-01 2.38735393e-01
  8.04128870e-02 1.58019602e-01 6.63044571e-04 1.44044340e-01
  5.58059439e-02 1.90727264e-01 3.63956846e-04 2.77086161e-02
  1.93010771e+00 1.18743395e-02 3.04173362e-02 1.13922181e-02
  1.10238142e-01 1.35747269e-01 3.23634669e-02 6.31034017e-01
  2.19902086e+00 1.72500573e-02 1.42846420e-01 2.36828589e+00
  2.73339860e-02 2.23852858e-01 5.61257079e-03 7.84413993e-01
  1.53451040e-01 1.19679637e-01 1.40079275e-01 5.67461014e-01
  2.16630131e-01 9.92835462e-02]
 [1.47611403e-03 7.69362599e-03 1.14992890e-03 1.60957128e-01
  2.21421286e-01 4.84251324e-03 2.40706072e-06 2.97742397e-01
  1.47358989e-02 1.75438493e-01 7.00914264e-02 4.37319875e-02
  7.95586184e-02 7.21148821e-03 3.42402421e-02 7.02288568e-01
  1.89137578e+00 1.47376745e-03 3.47070731e-02 7.62344599e-02
  1.16988011e-02 2.03193232e-01 3.84967047e-04 1.31437659e-01
  3.80612050e-06 2.36860320e-01 2.74937421e-01 3.03025451e-03
  1.12363470e+00 9.55361798e-02 8.33433688e-01 9.60140109e-01
  2.69477516e-01 9.44289844e-04 4.67800684e-02 8.16150546e-01
  1.71050537e+00 2.32824534e-01 7.76907802e-02 2.03537774e+00
  4.18782026e-01 3.54274690e-01 1.71033171e-04 1.67176146e-02
  1.38331890e+00 1.04806624e-01 2.04591989e-03 9.22529846e-02
  2.88270451e-02 1.82275906e-01]
 [3.39044213e-01 6.43775821e-01 8.49500477e-01 2.45583281e-01
  8.38780403e-02 2.98344996e-02 9.53480229e-02 1.46641940e-01
  3.08797449e-01 3.73641551e-01 1.98106226e-02 4.22741039e-07
  2.22330298e-02 8.38842571e-01 5.16112745e-02 7.46041313e-02
  3.16845509e-03 7.76217878e-01 5.20757101e-02 9.46627557e-03
  3.81884165e-02 3.82254757e-02 2.73793340e-01 2.88548060e-02
  6.53054595e-01 6.76795006e-01 6.25749350e-01 7.45605469e-01
  9.97245237e-02 5.54941315e-03 4.06112880e-01 5.29801905e-01
  9.98065233e-01 4.49516028e-01 6.85087502e-01 1.51086032e-01
  1.19529217e-01 9.99560878e-02 7.89921522e-01 1.00800455e-01
  2.73644716e-01 2.17042491e-01 1.91228166e-01 8.18149388e-01
  7.21313894e-01 3.15151834e+00 7.24320626e-03 3.84493202e-01
  1.29364282e-01 2.20507443e-01]
 [3.95804024e+00 1.92682767e+00 2.65776277e+00 3.01129866e+00
  1.08332327e-02 3.47619466e-02 2.63394690e+00 1.69807327e+00
  1.56996572e+00 9.79559362e-01 8.31229985e-02 1.84679657e-01
  8.25835019e-02 1.33629775e+00 2.11237580e-01 7.58902133e-01
  9.97657180e-02 2.71746254e+00 1.71961576e-01 1.22315399e-01
  4.57127184e-01 1.01918828e+00 1.83000493e+00 7.65924109e-03
  2.30328298e+00 1.16436160e+00 2.12818813e+00 1.62148154e+00
  4.23111856e-01 2.13419139e-01 4.47400421e-01 3.19582522e-02
  2.86902690e+00 2.40962625e+00 2.04026532e+00 1.05840003e+00
  5.09948969e-01 3.09725761e+00 4.41785246e-01 1.70881999e+00
  6.49417192e-03 3.04629236e-01 2.06727076e+00 2.43051934e+00
  8.14526021e-01 4.97769974e-02 1.16060340e+00 4.64724720e-01
  3.01014304e+00 2.36487880e-01]
 [2.11702919e+00 3.53925371e+00 1.67749763e+00 1.69221520e+00
  5.08235209e-02 2.01330709e-04 8.52779925e-01 2.38299155e+00
  1.95754802e+00 2.61237669e+00 4.48520184e-02 5.46101451e-01
  1.80476949e-01 2.10612226e+00 9.94804725e-02 1.80580001e-02
  2.90924549e-01 1.49706399e+00 8.01138766e-03 3.10178082e-02
  7.66698897e-01 6.75871611e-01 1.54902959e+00 5.95673993e-02
  1.33543301e+00 2.49376917e+00 9.53068376e-01 7.29067683e-01
  4.76435244e-01 1.65972754e-01 1.33153343e+00 2.61901170e-01
  1.40329492e+00 8.17126513e-01 1.07159734e+00 3.52488458e-01
  1.86010206e+00 2.38979387e+00 1.08358398e-01 1.64152586e+00
  3.10408413e-01 6.23939395e-01 2.59763169e+00 1.87316287e+00
  2.70143199e+00 2.30316166e-02 3.24198157e-02 1.55503392e+00
  1.15086281e+00 5.41629434e-01]
 [1.78177133e-02 5.24689332e-02 9.87640116e-04 1.82066098e-01
  8.69030580e-02 1.11426748e-01 2.76999623e-01 1.70445740e-02
  1.21009983e-01 3.21204334e-01 1.48696318e-01 2.74236426e-02
  1.14661589e-01 7.90243819e-02 7.26340488e-02 6.44047022e-01
  3.02252269e+00 3.02958548e-01 2.40828012e-04 1.23677542e-02
  1.71297312e-01 2.21462995e-01 3.58609974e-01 3.14170644e-02
  1.33955851e-01 3.11483979e-01 3.15312445e-01 1.69195503e-03
  8.84005368e-01 3.67913049e-06 6.07424140e-01 4.73668873e-01
  1.09823951e-02 2.84599103e-02 1.55873492e-01 1.08508158e+00
  2.03263521e+00 1.72918551e-02 4.09364839e-06 2.68970561e+00
  5.29015204e-03 1.85638011e-01 1.56035684e-02 8.50777328e-02
  1.41168177e-01 7.19516948e-02 7.13396147e-02 2.33367294e-01
  1.27832127e+00 1.19739443e-01]
 [2.36264181e+00 3.58276343e+00 3.26439619e+00 3.17331195e+00
  5.55497944e-01 2.79866923e-02 3.53728485e+00 3.79966426e+00
  3.06571698e+00 3.86663723e+00 2.66817868e-01 2.45418811e+00
  3.37041356e-02 2.79854918e+00 3.28070857e-02 1.38509560e+00
  2.16664052e+00 3.30607271e+00 3.67582031e-02 8.52069557e-02
  1.00579238e+00 1.16391253e+00 3.08520269e+00 4.18928228e-02
  3.62690234e+00 2.53384924e+00 3.04077196e+00 2.15692902e+00
  1.14770496e+00 3.18376839e-01 8.21850955e-01 1.52866793e+00
  2.91910791e+00 2.52584004e+00 3.15870595e+00 1.24942648e+00
  1.56877756e+00 2.47393179e+00 1.24366844e+00 5.91430664e-01
  1.18401933e+00 3.20294797e-01 2.44605756e+00 3.46448684e+00
  3.70688105e+00 1.39417455e-01 9.75569129e-01 1.01266742e+00
  2.55843782e+00 1.10227630e-01]]
x0 : [5.70068695e-02 2.12689582e-02 2.64483597e-03 3.88074623e-05
 9.83283030e-07 3.45489740e+00 2.90060699e-01 5.30038436e-04
 1.17639326e-01 2.57032841e-01 2.97359526e-02 9.44009498e-02
 9.14545059e-01 4.40061092e-03 1.00953341e-01 3.35745126e-01
 1.86781004e-01 2.05999866e-01 1.52279576e-02 1.13142477e-02
 1.28605857e-01 2.04704478e-02 6.97364332e-04 3.83336872e-01
 3.31548244e-01 2.69997283e-03 2.11315602e-02 3.93531471e-03
 2.04265052e-05 3.61462563e-01 1.67501681e-02 3.85919772e-03
 2.12528883e-03 1.32930970e+00 1.10626745e+00 4.99435127e-01
 9.14109056e-04 1.95100456e-01 1.35605574e-01 1.74387926e-04
 9.12920117e-01 1.48887381e-01 2.88396962e-02 7.93210976e-03
 3.50739756e-05 1.34772822e-01 2.90008068e-01 9.04213041e-02
 3.14789248e+00 6.11836612e-02 3.19698453e-01 4.26344126e-02
 2.00546376e-04 4.34501246e-02 2.58213095e-03 8.71371944e-04
 1.93735957e-02 1.37547538e-01 1.04613751e-01 1.56319141e-01
 2.29575466e-02 9.43891644e-01 5.85897833e-05 3.39384407e-01
 2.09452346e-01 3.62490177e-01 1.60759129e-02 1.06604600e+00
 1.60605654e-01 9.15296227e-02 1.97320096e-02 1.41630312e-02
 6.32433951e-01 1.40156969e-01 7.57638812e-02 1.22919589e-01
 2.63096601e-01 8.06663111e-02 1.04499245e-02 2.21849576e-01
 2.64542196e-02 2.87035257e-02 5.31647384e-01 4.88526672e-01
 9.79159251e-02 6.06649995e-01 4.04110849e-02 8.88984859e-01
 9.61363018e-01 5.38397627e-03 2.17173651e-01 1.93878394e-02
 3.63047302e-01 5.24856091e-01 7.07072904e-05 2.09036581e-02
 9.08054970e-03 1.10663188e+00 3.26150246e-02 5.05837947e-02
 6.29327476e-01 6.19862713e-02 6.29265234e-02 4.65524226e-01
 1.80439018e-02 1.66227472e+00 5.39591134e-01 1.39427872e-03
 2.29259062e+00 2.31070211e-03 3.56362045e-01 2.08053350e-01
 1.47816594e-04 1.57370424e+00 4.06909660e-02 9.81904007e-03
 1.60074860e-01 2.82842010e-01 8.91834319e-01 2.07074776e-01
 5.19551374e-02 3.31768575e-07 3.45168561e-02 1.68052851e-03
 2.69555749e-04 5.94712570e-02 1.36390403e-01 2.25795375e-04
 5.31348526e-01 8.07572961e-01 8.61248448e-02 1.73325854e-04
 4.06137807e-03 1.12162779e-04 1.18002191e-01 4.18585241e-02
 6.22129917e-01 4.18449372e-01 4.44435656e-01 1.32955452e-02
 4.85569648e-02 8.27424467e-01 2.28348047e-01 3.09360266e-01
 1.37747252e+00 2.52803396e-02 7.72360489e-02 4.40551043e+00
 3.55706930e-01 1.91853866e-01]
nUIV_to_SIR : {'slope': array([9.373602], dtype=float32), 'threshold': array([0.11597188], dtype=float32)}
