SIR MODEL PARAMETERS
beta : 67.5
gamma : 0.75
x0 : [0.3 0.5 0.2]
num_hosts : 50
NUIV MODEL PARAMETERS
beta : [1.26152977e-01 7.90337706e+00 2.32006475e-01 1.35216465e+01
 2.05048895e+00 2.10393047e+00 2.14681864e-01 6.44124508e+00
 3.96931553e+00 9.56092775e-02 2.13909101e+00 2.21567273e+00
 5.86098790e-01 1.01167274e+00 4.43050003e+00 3.41361952e+00
 2.20817184e+00 1.47873449e+00 3.35778666e+00 4.74917501e-01
 6.48263872e-01 7.34525323e-01 1.26929209e-01 6.73322976e-01
 4.63686645e-01 5.15053844e+00 2.57061534e-02 4.25258458e-01
 1.90014851e+00 8.78866673e-01 5.42821586e-01 2.09850836e+00
 7.36434731e-06 3.10322237e+00 1.39908481e+00 2.14897561e+00
 3.71984577e+00 1.64094329e+00 1.36327815e+00 1.00806284e+00
 1.67858851e+00 5.54826796e-01 4.04299116e+00 6.86395168e-02
 9.88799274e-01 1.48819304e+00 5.76243925e+00 4.47599268e+00
 3.98009509e-01 3.28439832e+00]
delta : [1.4133769e+00 4.0446831e+01 1.7909421e-01 2.7472100e+00 1.2845258e-01
 1.3183405e-01 1.1673959e-01 9.4637022e+00 7.6291475e+00 2.7712366e-01
 5.4729385e+00 6.6263860e-01 5.4662931e-01 1.2350454e+00 5.9534359e-01
 3.3536878e+00 1.8159090e+00 6.9683809e+00 1.3255633e+01 1.5499152e+00
 6.7322537e-02 5.4563969e-02 1.2174678e-01 1.1351056e+00 1.9289317e+00
 4.6684074e-01 1.0823600e+00 4.9445108e-03 3.7082143e+00 5.4759560e-03
 9.9507868e-01 8.5970812e+00 4.0080094e-01 7.5311042e-02 4.5971727e-01
 7.7685899e-01 4.5790567e+00 1.1174524e+01 6.1263643e-02 1.4714841e-02
 1.8612136e-01 3.9286312e-02 1.3279281e-02 2.8376028e-01 3.3664696e+00
 1.5339410e-01 7.5443063e+00 3.8010800e+00 5.2784428e-02 4.8914418e+00]
p : [3.83696668e-02 1.25396689e-02 7.44307996e-04 5.23783080e-02
 4.48587301e-09 1.12896736e-12 6.98466673e-02 1.17800787e-01
 2.34056133e-05 3.20803821e-02 1.58403040e-04 4.60492913e-03
 1.07902931e-02 3.12580392e-02 1.74024612e-01 2.33750903e-08
 1.96679321e-05 7.05042257e-05 5.41100803e-07 2.31898442e-01
 9.16215533e-04 3.80893908e-02 1.48555432e-02 7.93548301e-02
 6.28675798e-06 2.70321267e-04 3.84516176e-03 6.03004694e-02
 9.85751925e-09 3.10809668e-02 6.80852160e-02 2.31841334e-11
 1.22758076e-02 1.39561206e-01 4.81991842e-02 9.49341513e-04
 1.25865427e-06 1.01676989e-07 1.26318112e-02 1.28849782e-02
 9.11814533e-03 1.45140439e-01 3.86519402e-01 1.96088920e-03
 1.34178787e-04 1.19460691e-02 3.14169039e-04 1.17682344e-08
 1.41994385e-02 6.96012592e-07]
c : [2.0502684  1.0063943  1.1874235  4.4277205  1.6979825  1.7883058
 1.8679655  1.7768745  1.8209014  2.9732394  1.2064304  4.1806808
 1.2168331  1.630871   5.3710356  2.2274313  1.7521608  0.90047485
 1.3357221  1.4599549  2.5827248  0.7393137  1.2395403  0.8685413
 1.1446118  3.3191104  0.7550843  2.7744431  2.1916087  1.4203097
 3.3550904  1.755973   1.2861662  2.5134392  1.93433    0.92420095
 1.5077388  2.619671   1.1172161  2.513976   4.1648107  1.8462625
 1.2099332  0.9598907  1.5162793  0.7899869  1.2401775  1.8476032
 1.1939753  1.098943  ]
t : [[3.30566645e+00 1.30401278e+00 1.95018612e-02 2.00474620e+00
  5.68690652e-04 4.17443335e-01 7.58690585e-05 2.26588273e+00
  2.31143761e+00 9.60340127e-02 2.32127175e-01 1.38166353e-01
  2.98284609e-02 2.75858976e-02 1.89184368e+00 1.00727928e+00
  1.01549886e-01 1.79805443e-01 3.73528987e-01 1.38658134e-03
  1.05194941e-01 2.83307694e-02 9.60660458e-04 1.22832693e-01
  1.21599868e-01 7.49020338e-01 5.93087785e-02 3.27599701e-03
  2.98457742e+00 9.65238723e-04 1.61923189e-03 1.09262764e+00
  2.41724566e-01 3.03820632e-02 2.71211341e-02 8.82683555e-04
  1.71841276e+00 6.11676872e-01 2.98196774e-05 1.04471417e-02
  8.25976878e-02 2.10664468e-03 4.20337707e-01 4.53367084e-02
  2.30254650e-01 4.68118377e-02 2.06885505e+00 1.45230949e+00
  8.16741139e-02 1.16884673e+00]
 [1.56569276e-02 1.22535257e-02 5.94378002e-02 1.20847964e+00
  1.88115329e-01 2.94026047e-01 6.09226599e-02 2.41777682e+00
  2.33335567e+00 3.45860571e-01 4.48506653e-01 2.54249960e-01
  5.10296896e-02 2.67225295e-01 1.65268445e+00 1.51740897e+00
  2.53773987e-01 2.75914878e-01 1.09857197e+01 9.05878097e-02
  1.02389827e-01 2.59875730e-02 2.54582074e-02 4.90735695e-02
  5.04432499e-01 3.91082376e-01 2.99590915e-01 2.22688750e-03
  7.50472975e+00 1.04852319e-02 7.76193872e-07 1.45346224e+00
  2.62546450e-01 7.60602488e-05 1.61337666e-02 6.91673136e-04
  3.55006456e+00 3.47603820e-02 2.62170890e-03 1.13066574e-06
  1.26372308e-01 1.57684311e-02 4.38448578e-01 1.09731309e-01
  4.80174923e+00 8.43578503e-02 3.86043859e+00 2.68179107e+00
  8.84806514e-02 2.01255536e+00]
 [8.22558254e-02 8.86345625e-01 5.24030161e+00 9.21725988e-01
  1.66827667e+00 2.20601439e+00 5.43435551e-02 9.89591539e-01
  3.90460879e-01 1.27135471e-01 8.45981017e-02 3.13138157e-01
  4.83759604e-02 7.12676421e-02 1.23071182e+00 9.49377418e-01
  7.56111383e-01 2.64212728e-01 1.09833255e-01 8.73642564e-02
  7.20928669e-01 2.31181309e-01 1.34160414e-01 2.68073231e-01
  2.53889143e-01 5.44418335e-01 1.36194140e-01 4.87362377e-05
  3.71157169e-01 4.35581543e-02 4.01870817e-01 2.12462828e-01
  8.47343132e-02 3.38695794e-01 2.33436555e-01 1.59942694e-02
  2.33734131e+00 4.00284082e-02 4.06802297e-02 1.24924944e-03
  1.17670953e+00 7.91535527e-02 5.21506667e-01 1.30897611e-01
  2.36011073e-01 2.61413813e-01 1.46258998e+00 1.05631399e+00
  1.96578681e-01 2.17935371e+00]
 [8.78584757e-02 6.29540205e-01 9.29602608e-02 2.57040700e-03
  1.82498538e+00 3.84597015e+00 2.74143107e-02 1.24526083e+00
  1.68776929e-01 2.85584405e-02 1.11824861e-02 6.53861016e-02
  5.58594763e-02 6.00016974e-02 1.91429424e+00 1.47268963e+00
  5.03548861e-01 1.72028050e-01 4.71060649e-02 4.75897431e-01
  7.42293596e-01 6.92895949e-02 1.82777252e-02 1.73336044e-01
  1.02363013e-01 3.11826319e-01 2.69482523e-01 3.88982087e-01
  2.38066800e-02 1.99736565e-01 2.20616325e-03 5.73898256e-01
  4.87247944e-01 5.27415834e-02 6.23703077e-02 8.08450859e-03
  3.68979263e+00 4.46766198e-01 5.29901765e-04 1.75500696e-04
  1.15384710e+00 1.20363934e-02 2.42889255e-01 1.10074732e-04
  7.23620579e-02 4.09562588e-01 1.84783459e+00 1.55799925e+00
  9.55890045e-02 2.07409143e+00]
 [1.71688478e-02 3.81500542e-01 1.19843334e-01 1.50755382e+00
  1.34201467e-01 3.27720857e+00 1.91396624e-01 4.39939350e-01
  2.69653469e-01 1.35396063e-01 2.11516723e-01 6.91796606e-03
  2.11551040e-02 2.89171606e-01 3.92971128e-01 1.60681963e-01
  7.97051907e-01 1.75685570e-01 2.74426520e-01 2.13813946e-01
  4.41870047e-03 2.12549031e-01 1.70278147e-01 6.93813115e-02
  2.19936296e-01 1.63137570e-01 1.50355265e-01 1.48059934e-01
  5.15299857e-01 2.26110220e-01 1.39735177e-01 5.32558225e-02
  2.63070256e-01 7.77111709e-01 7.61275217e-02 8.20069373e-01
  2.00705147e+00 2.97579587e-01 1.17955886e-01 4.31449413e-02
  1.23641384e+00 2.02989280e-01 4.11034644e-01 2.12172806e-01
  3.58511060e-01 2.27355793e-01 1.28717089e+00 1.55850184e+00
  2.21331060e-01 7.58172691e-01]
 [2.23954394e-01 1.08338594e+00 5.21416403e-02 2.16432154e-01
  1.89430666e+00 7.04780892e-02 3.01077157e-01 7.39105940e-01
  8.02582435e-05 3.67240123e-02 2.27905050e-01 5.67275286e-01
  2.54287362e-01 1.45103022e-01 6.84088945e-01 8.34285080e-01
  1.81711149e+00 1.75121024e-01 4.02387045e-02 1.70198560e-01
  8.42973471e-01 3.75236720e-02 1.55255273e-01 2.35497519e-01
  9.02486220e-02 8.76069665e-01 1.53013751e-01 1.00508839e-01
  2.78954096e-02 7.41477832e-02 2.50358522e-01 7.99759567e-01
  2.15502739e-01 8.01447630e-01 3.37462902e-01 4.43169032e-04
  2.17434525e+00 3.96785855e-01 1.70314968e-01 2.98862249e-01
  9.19324934e-01 8.71586800e-03 1.68315902e-01 1.74409747e-01
  5.05295515e-01 1.03643700e-01 1.85001183e+00 1.39512312e+00
  2.43393779e-01 1.49326885e+00]
 [1.05791710e-01 1.06548941e+00 6.37228414e-02 2.44239211e+00
  9.47414935e-01 9.05082524e-01 8.58167744e+00 1.20870566e+00
  2.93329835e-01 1.71415552e-01 6.07216768e-02 4.44127500e-01
  3.19019817e-02 6.43477356e-03 1.75166154e+00 1.22295105e+00
  1.85422793e-01 2.31392771e-01 2.50444680e-01 3.11924249e-01
  6.58979833e-01 1.51359141e-01 4.50729355e-02 6.25641793e-02
  9.59582552e-02 8.06371331e-01 1.84511513e-01 2.05008298e-01
  5.81024599e+00 8.18619728e-02 1.62617445e-01 1.11245908e-01
  2.82239288e-01 1.29764706e-01 1.85496539e-01 2.42211204e-02
  4.19051379e-01 2.22965196e-01 5.99980581e-07 2.46403083e-01
  5.54554164e-01 1.14240509e-03 1.24281538e+00 1.17810234e-01
  3.06015182e-02 2.42558435e-01 1.26165438e+00 1.39657068e+00
  1.73953503e-01 1.67882538e+00]
 [9.09375250e-02 7.49580860e-01 2.03321010e-01 1.05766099e-04
  1.52039394e-01 1.07520127e+00 1.61931887e-01 3.28492315e-04
  5.66006601e-01 2.41672680e-01 7.99879849e-01 1.12425959e+00
  2.21454829e-01 3.76949638e-01 3.41230899e-01 5.49422383e-01
  2.12309265e+00 4.08235461e-01 7.14720547e-01 2.08564386e-01
  2.71541536e-01 6.23975061e-02 2.04654276e-01 1.52231261e-01
  1.63860247e-01 1.19036388e+00 1.16233461e-01 9.07524489e-04
  2.53932810e+00 5.03908768e-02 2.93869644e-01 1.38569760e+00
  1.84932947e-01 6.24474920e-02 4.44978178e-02 7.49677062e-01
  2.06411791e+00 6.07820787e-02 3.53860930e-02 1.99732017e-02
  9.57113743e-01 1.30770102e-01 4.46757436e-01 5.70446439e-02
  1.80466366e+00 5.02241217e-02 1.52536988e+00 1.69405270e+00
  1.77343220e-01 2.65677691e+00]
 [1.49136826e-01 7.61184931e-01 3.76030989e-02 9.54866171e-01
  1.04962182e+00 1.41839206e+00 1.08748639e-03 7.68388629e-01
  5.57477551e-06 7.94436336e-01 2.94665873e-01 5.80320954e-01
  2.68482000e-01 4.81555760e-01 1.01872861e+00 1.09903693e+00
  1.52984726e+00 3.03952783e-01 2.30732873e-01 3.01268458e-01
  6.84901536e-01 9.19668078e-02 9.21954811e-02 1.26661584e-01
  2.60430634e-01 9.86919522e-01 1.98394456e-03 3.38146329e-01
  3.81969754e-03 6.67944029e-02 3.88977915e-01 1.44242895e+00
  1.18104532e-01 9.25564647e-01 1.11679696e-01 4.97361366e-03
  1.49875939e+00 8.00983548e-01 6.86218888e-02 3.47439140e-01
  8.72767568e-01 2.39820734e-01 2.56368101e-01 4.79064696e-02
  3.79911035e-01 9.91471112e-02 1.06607306e+00 1.19473171e+00
  1.19761035e-01 1.56287491e+00]
 [1.56641304e-01 4.45750624e-01 1.19337335e-01 9.21763301e-01
  1.71570539e+00 2.39756513e+00 7.14918226e-02 1.02936780e+00
  1.51416034e-01 1.08287013e+00 1.33973584e-01 2.84166988e-02
  1.50829200e-02 1.11440258e-05 5.56639612e-01 8.36629570e-01
  7.85059869e-01 2.11798951e-01 1.76634729e-01 1.35449365e-01
  2.76092999e-02 2.18439236e-01 1.79743946e-01 2.43673429e-01
  2.51216173e-01 3.89430314e-01 1.78156495e-01 7.00085564e-03
  1.43311930e+00 1.71574503e-01 1.00334577e-01 1.33550875e-02
  7.94285089e-02 3.34539473e-01 3.44340643e-03 2.31270562e-04
  2.09082246e+00 8.35638400e-03 2.40113344e-02 9.07560534e-05
  7.45787919e-01 1.22368872e-01 8.56476188e-01 1.74080238e-01
  3.98733765e-02 4.61308472e-02 1.69496977e+00 1.34494567e+00
  9.40232649e-02 1.29554224e+00]
 [2.61125743e-01 1.49261165e+00 1.80184375e-03 1.91875207e+00
  3.54183903e-05 4.98679131e-01 1.48717733e-02 1.71330595e+00
  2.71386790e+00 6.18968248e-01 3.50535035e+00 5.11294425e-01
  5.86931892e-02 4.51319255e-02 1.51624298e+00 1.60615170e+00
  4.41526830e-01 1.63376376e-01 1.10067539e-01 7.55569115e-02
  2.78837415e-05 4.23625372e-02 5.35991740e-09 8.15952346e-02
  1.77645922e-01 7.00942457e-01 5.35777062e-02 5.97399427e-04
  5.11835718e+00 1.17897103e-02 1.09642381e-02 2.22807932e+00
  7.32593238e-01 4.00360465e-01 1.21653099e-02 5.86156780e-03
  2.45086527e+00 3.69359064e+00 2.57344595e-06 4.15830454e-03
  4.88919437e-01 1.75593197e-02 1.82866856e-01 9.97574106e-02
  2.95763940e-01 2.60744896e-02 1.68623960e+00 2.48306274e+00
  3.37016955e-02 2.76434517e+00]
 [2.54636079e-01 1.08412755e+00 1.33823738e-01 4.03075337e-01
  5.82989037e-01 1.59265172e+00 1.30550653e-01 7.77835608e-01
  1.24960989e-01 5.13001308e-02 2.04003438e-01 6.33435547e-01
  1.62489161e-01 3.62194725e-03 2.14966804e-01 8.30287814e-01
  6.80676341e-01 2.17088670e-01 3.57273638e-01 2.64669478e-01
  3.24780047e-02 1.75101072e-01 4.14738990e-02 1.10546127e-01
  1.31817445e-01 7.10501075e-01 2.60451257e-01 2.80029955e-03
  5.78600705e-01 1.04787216e-01 1.16104813e-04 1.87405385e-02
  2.70093530e-01 5.41214459e-02 1.94193714e-03 1.44384205e-01
  1.92696929e+00 6.24871552e-01 2.63031516e-02 6.84101274e-03
  1.22346079e+00 9.36004668e-02 3.07490140e-01 5.34305312e-02
  7.78929144e-02 6.91407174e-02 1.35307121e+00 1.35741210e+00
  2.27987736e-01 3.12687922e+00]
 [1.41701341e-01 1.22058403e+00 1.23314321e-01 8.43834102e-01
  1.25339377e+00 8.44995916e-01 3.97557719e-03 1.04237342e+00
  6.75716698e-02 4.55381811e-01 9.48108062e-02 9.85215545e-01
  4.52209520e+00 1.50730118e-01 8.32169056e-01 1.11736524e+00
  6.34922266e-01 1.71973348e-01 1.63952902e-01 5.05578518e-02
  5.17988205e-01 8.65094066e-02 1.17421992e-01 2.77071565e-01
  3.49432528e-01 5.48329949e-01 2.31921867e-01 8.36127001e-05
  3.46816421e+00 1.87611073e-01 8.34319234e-01 1.81315446e+00
  1.00705177e-01 2.71772314e-02 5.70790653e-05 7.75946677e-02
  1.57215893e+00 8.32138062e-01 7.22188801e-02 5.86692929e-01
  3.90319228e-01 4.83682305e-02 2.32353210e-01 7.20250830e-02
  1.26509696e-01 1.21195838e-01 1.54858840e+00 9.99421895e-01
  2.13061333e-01 2.68111515e+00]
 [1.22044094e-01 2.41616648e-02 7.89412024e-06 3.29478550e+00
  4.43440109e-01 2.71218479e-01 2.38142395e-03 3.71366143e-01
  1.00227439e+00 1.66279301e-02 2.82917649e-01 2.58668870e-01
  4.70912606e-02 6.73905993e+00 1.39137268e+00 7.22092330e-01
  1.20406832e-04 1.05498090e-01 2.64940500e-01 2.84610013e-03
  2.59827077e-01 1.01802669e-01 5.92176989e-02 4.91614267e-03
  1.30765125e-01 1.16842437e+00 3.52412872e-02 1.06038116e-02
  3.65968609e+00 5.38803823e-02 1.10365108e-01 1.04861832e+00
  2.22677379e-04 8.92194286e-02 1.07013676e-02 2.34598182e-02
  1.38809931e+00 9.51230824e-01 1.10406172e-03 3.41347069e-01
  2.33673491e-05 1.37152635e-02 2.54614377e+00 1.04914621e-01
  2.74600089e-01 1.99624617e-02 1.19590056e+00 1.25884223e+00
  6.34011254e-02 4.04923469e-01]
 [1.51396409e-01 9.82661724e-01 2.12532032e-04 1.47344148e+00
  1.24431658e+00 2.15365458e+00 8.68025497e-02 2.25866103e+00
  3.10618013e-01 3.89637216e-03 3.32076289e-02 5.50536573e-01
  1.14892293e-02 3.51731182e-06 1.08581416e-01 9.47749376e-01
  4.98463571e-01 6.43040478e-01 1.99086654e+00 9.50316131e-01
  3.67291272e-01 6.87238500e-02 1.17942423e-03 2.86278933e-01
  6.62351131e-01 1.47770572e+00 1.69453666e-01 2.38096446e-01
  1.60032535e+00 4.96958494e-02 2.89360490e-02 4.97970218e-03
  6.48008704e-01 7.21357181e-04 1.48987055e-01 5.68557472e-04
  2.98522043e+00 2.19152808e-01 7.24559242e-04 9.01168911e-04
  4.15326655e-01 1.90696139e-02 1.09194493e+00 1.23850942e-01
  9.28681984e-05 1.66904643e-01 2.37785840e+00 2.26282740e+00
  2.47068375e-01 2.52324748e+00]
 [1.24698073e-01 8.93782973e-01 7.80787095e-02 5.50628873e-03
  7.24210262e-01 2.95133293e-01 1.22840568e-01 1.09232044e+00
  1.16482663e+00 4.16531533e-01 2.61127502e-01 1.08509421e+00
  2.12600544e-01 4.40831453e-01 9.78765368e-01 1.28674179e-01
  1.39968693e+00 3.82926911e-01 3.25975847e+00 1.91337645e-01
  3.97444963e-02 3.24946083e-02 1.03386208e-01 7.18275830e-02
  2.68351853e-01 1.49230289e+00 2.54536867e-01 1.86429592e-03
  2.15698004e+00 2.60237288e-02 4.13684428e-01 1.89658499e+00
  1.46562071e-03 1.48194572e-02 6.25531971e-02 2.44789217e-02
  1.93692255e+00 6.98873401e-01 1.74611397e-02 2.41202548e-01
  6.66617870e-01 2.28906190e-03 2.71347016e-01 2.25469187e-01
  3.76657248e-02 1.22642353e-01 1.32279146e+00 1.50194025e+00
  1.61420733e-01 2.12604332e+00]
 [1.36950076e-01 1.19389272e+00 1.06555156e-01 7.50509202e-01
  1.13099205e+00 1.23801613e+00 1.68674335e-01 1.12701857e+00
  5.77530190e-02 1.55746029e-03 4.26047176e-01 3.40970784e-01
  1.49941742e-01 1.65942401e-01 8.70628297e-01 7.09337056e-01
  2.18413159e-01 2.15318918e-01 5.42191386e-01 2.71539658e-01
  1.97813705e-01 1.18236750e-01 2.27814734e-01 2.25178838e-01
  1.62280485e-01 6.12273455e-01 4.23348434e-02 1.61593407e-02
  1.48196769e+00 9.71619710e-02 4.78524327e-01 6.43693209e-01
  2.00206175e-01 1.40273031e-02 5.40157706e-02 3.31194103e-01
  2.57165623e+00 6.41774774e-01 3.49779357e-03 3.70831415e-02
  6.88029826e-01 1.82893172e-01 5.44192553e-01 2.20679268e-01
  2.98838079e-01 2.07091808e-01 1.43409812e+00 1.63197005e+00
  2.35243917e-01 2.48228359e+00]
 [2.20154911e-01 1.46649635e+00 3.40533741e-02 1.56553745e+00
  2.83025026e-01 1.39978126e-01 5.46470564e-03 1.53742886e+00
  3.30613828e+00 1.00208938e+00 7.35271201e-02 4.98279780e-01
  4.08849753e-02 5.74125797e-02 1.17037225e+00 1.37729466e+00
  9.03270900e-01 4.07960510e+00 1.49445787e-01 1.03035018e-01
  5.84125757e-01 6.02216423e-02 1.13875218e-01 1.18849263e-01
  9.45833474e-02 6.58706129e-01 2.82262981e-01 1.84785022e-04
  4.37386990e+00 2.04202160e-02 2.09421590e-01 4.02486849e+00
  1.03428088e-01 4.58044529e-01 6.14458928e-03 1.13852639e-02
  1.57380021e+00 2.15326500e+00 4.53130994e-03 9.13934037e-02
  2.72416502e-01 4.53724265e-02 4.05387759e-01 2.57171005e-01
  2.49301985e-01 4.44949754e-02 1.57141256e+00 1.17434049e+00
  6.07447103e-02 2.67030573e+00]
 [2.06540301e-01 1.25106275e+00 5.28841354e-02 1.04643905e+00
  1.23433672e-08 9.11833625e-03 8.22459441e-03 3.49508691e+00
  2.12257051e+00 5.22400558e-01 1.62662700e-01 7.04042733e-01
  4.75097373e-02 1.36384903e-09 1.27254140e+00 1.67046690e+00
  2.12232515e-01 6.16935901e-02 1.09933960e+00 6.86977641e-04
  1.73218682e-01 2.04756167e-02 6.92863911e-02 3.01991906e-02
  7.31191859e-02 3.97043824e-01 2.78031714e-02 4.03194917e-07
  2.88277626e+00 1.37272952e-02 2.34998446e-02 3.24507618e+00
  1.78860784e-01 9.47039734e-06 3.06239394e-06 1.10988738e-03
  1.90195513e+00 7.00956678e+00 1.14781797e-05 1.84121207e-04
  2.09804758e-01 3.40758376e-02 1.18036248e-01 6.18559271e-02
  3.11444670e-01 2.65112687e-02 1.36313140e+00 1.05135822e+00
  3.70756537e-02 2.60494733e+00]
 [8.38631988e-02 4.76459175e-01 5.57183400e-02 1.15342355e+00
  3.41391355e-01 5.49011417e-02 7.54918298e-03 1.63584840e+00
  3.00476718e+00 1.57525167e-01 1.44779027e+00 2.39428729e-01
  6.81149960e-02 1.23068735e-01 7.69225240e-01 1.21039844e+00
  8.32348585e-01 2.98750550e-01 2.38233900e+00 7.00405979e+00
  1.48946524e-01 1.11579355e-02 1.07352182e-01 2.59265266e-02
  1.55867890e-01 1.13582838e+00 9.13861394e-02 2.92703015e-04
  3.61431146e+00 2.64454586e-03 1.25305533e-01 1.59227777e+00
  4.77891155e-02 1.52245909e-01 2.35399129e-05 5.49493088e-05
  8.34034443e-01 5.22158682e-01 7.62247306e-04 8.60632509e-02
  3.86341698e-02 4.41391394e-02 2.04355741e+00 7.82006383e-02
  1.60921192e+00 2.72200760e-02 1.77479446e+00 1.39309967e+00
  3.75846550e-02 1.43638945e+00]
 [8.58172104e-02 7.81309009e-01 2.09498391e-01 7.08476603e-01
  1.76458549e+00 1.67124236e+00 1.90168709e-01 6.33652568e-01
  1.93667799e-01 5.38447453e-03 1.21454023e-01 1.09213257e+00
  1.45489216e-01 3.21477830e-01 1.23299789e+00 8.09290051e-01
  8.53073299e-01 1.96612969e-01 1.83362499e-01 1.14588119e-01
  8.06257784e-01 1.49421170e-01 1.95078179e-01 9.67981815e-02
  2.35717952e-01 5.67281663e-01 2.55326152e-01 5.61134482e-04
  2.41542663e-02 1.86230298e-02 2.93858469e-01 1.63444921e-01
  2.36629322e-01 6.48731768e-01 6.40567392e-03 2.12353701e-03
  2.32013988e+00 8.11405107e-02 4.49842550e-02 4.45174903e-01
  6.32961988e-01 1.19970821e-01 3.01607162e-01 1.18413135e-01
  1.12366579e-01 1.75518751e-01 1.50914669e+00 1.70246017e+00
  2.53105581e-01 1.74300921e+00]
 [2.30612293e-01 6.93015218e-01 1.17195792e-01 4.87049431e-01
  8.12557459e-01 3.63351464e-01 9.72402990e-02 1.00076616e+00
  7.22163975e-01 9.75147635e-03 4.70820665e-01 5.13818979e-01
  6.50601909e-02 1.85617745e-01 5.56541622e-01 1.05704355e+00
  9.28987324e-01 6.09242097e-02 1.55837297e-01 9.60322767e-02
  2.42572296e-02 4.82919264e+00 5.45444191e-02 9.16990265e-02
  2.56265312e-01 6.50233388e-01 2.21279666e-01 5.04156458e-04
  2.77657342e+00 2.66028661e-02 7.58365840e-02 1.12645566e+00
  2.19279557e-01 2.83898205e-01 1.26734870e-02 7.36935157e-03
  1.56235850e+00 1.47826239e-01 2.67818999e-02 1.29231578e-03
  8.50020766e-01 9.22715664e-02 5.47835946e-01 1.75570041e-01
  7.84391522e-01 1.56231180e-01 1.25143075e+00 1.63413668e+00
  1.55431286e-01 1.90961754e+00]
 [6.93059266e-02 4.89692867e-01 6.17220104e-02 7.94209838e-01
  1.64470541e+00 1.81186926e+00 4.93138433e-02 5.38110852e-01
  4.69823748e-01 7.12859750e-01 1.44504324e-01 5.12786448e-01
  1.27713218e-01 1.75039843e-01 8.25264394e-01 1.23640954e+00
  1.14480364e+00 1.01455756e-01 3.01547915e-01 3.00702155e-01
  1.21401884e-02 2.76227109e-02 4.22692347e+00 2.54627645e-01
  1.91476658e-01 9.15604353e-01 2.53018260e-01 4.97906149e-05
  4.37568039e-01 2.12636665e-01 5.58018148e-01 3.21784347e-01
  1.78847909e-01 3.72242630e-01 6.46546632e-02 4.24800962e-02
  1.96034205e+00 1.27545491e-01 1.07764797e-02 7.84008205e-02
  9.40163374e-01 1.35684863e-01 3.15636992e-01 7.01350868e-02
  2.48324469e-01 1.52575016e-01 1.64910150e+00 1.11445153e+00
  1.79438010e-01 2.80654669e+00]
 [2.18528003e-01 1.01954520e+00 1.19840607e-01 1.28871810e+00
  2.92983174e-01 3.51730078e-01 2.13524527e-05 1.23400986e+00
  1.90960991e+00 7.10701048e-01 1.00061977e+00 5.69771945e-01
  1.13714986e-01 8.15781206e-02 1.30692375e+00 1.15445590e+00
  8.02525043e-01 6.17065504e-02 1.47916138e-01 2.78722327e-02
  3.26860696e-01 1.15044057e-01 1.45558581e-01 3.95401287e+00
  6.64535612e-02 1.09477925e+00 2.12035552e-01 3.31079355e-04
  3.03194332e+00 1.28692500e-02 2.45561749e-01 9.29874897e-01
  4.05076742e-02 4.60645229e-01 7.94050633e-04 3.33846733e-02
  1.90986788e+00 5.16888686e-02 1.04376050e-02 2.10751034e-02
  6.52246594e-01 6.43559843e-02 1.00020075e+00 1.99401543e-01
  5.17363369e-01 6.29469976e-02 1.28109467e+00 9.84211445e-01
  5.44603262e-03 1.64114034e+00]
 [2.15848554e-02 1.66644931e+00 6.11048564e-02 4.06067705e+00
  1.00621365e-01 2.46836960e-01 1.41435750e-02 1.76902568e+00
  3.93114090e+00 6.19772673e-01 5.19648474e-03 2.89881796e-01
  4.28838506e-02 1.22018064e-04 1.30361450e+00 1.56476462e+00
  2.18091529e-07 1.60598129e-01 7.49591291e-01 2.68646516e-02
  3.90525699e-01 4.89968657e-02 4.03490067e-02 6.95639327e-02
  3.67133474e+00 7.49298811e-01 1.70207217e-01 1.94588536e-03
  4.44623089e+00 1.39297312e-02 1.55683547e-01 8.16190338e+00
  1.40727788e-01 1.04997214e-02 3.52567225e-03 3.28696915e-04
  1.70767736e+00 2.22082734e+00 1.30538785e-04 2.86593232e-02
  1.03732385e-01 3.59066501e-02 4.49787259e-01 9.78187770e-02
  3.07226956e-01 5.40390275e-02 1.59603643e+00 1.07372141e+00
  2.33971141e-02 8.22929800e-01]
 [2.54794419e-01 1.17028892e+00 6.42607734e-02 4.04445171e-01
  2.39688382e-01 4.38525230e-01 4.85726558e-02 1.82036030e+00
  3.71591240e-01 5.26082337e-01 2.75263429e-01 2.18465447e-01
  5.28069586e-03 1.63231730e-01 1.28144419e+00 1.61280310e+00
  3.19818318e-01 2.84857184e-01 5.62537014e-01 2.41245523e-01
  1.87665269e-01 3.54433544e-02 1.22434475e-01 1.69294462e-01
  2.68422127e-01 5.26633799e-01 2.43503541e-01 3.27895009e-06
  3.36502999e-01 8.80132765e-02 4.14377935e-02 1.02295972e-01
  3.89098823e-01 6.24042897e-08 1.74820842e-03 2.39004306e-02
  2.67787623e+00 9.02657062e-02 1.44002689e-02 4.25692120e-11
  8.75035286e-01 4.27312404e-02 7.73452342e-01 2.06961587e-01
  4.01477128e-01 7.73066208e-02 2.18129635e+00 2.41257358e+00
  3.83360609e-02 3.69025803e+00]
 [6.89465404e-02 1.26950133e+00 1.14770547e-01 6.80774689e-01
  5.79792559e-01 5.25341392e-01 1.53292147e-02 1.45912910e+00
  2.26226687e+00 2.53126264e-01 2.41572618e-01 2.74913728e-01
  6.51336983e-02 1.55464530e-01 9.68168676e-01 1.14080322e+00
  6.98077500e-01 8.05951431e-02 2.54950905e+00 1.84162632e-01
  4.71608043e-02 1.51547864e-01 7.40565583e-02 1.39123216e-01
  1.29395902e-01 1.13062394e+00 4.63149357e+00 1.89401433e-02
  2.69554067e+00 9.40162987e-02 5.59884846e-01 2.72307110e+00
  1.44487098e-01 1.86575726e-01 1.93654832e-05 7.47678662e-03
  1.04488456e+00 1.00675285e+00 1.96966995e-02 1.09452205e-02
  4.34530735e-01 8.43140706e-02 8.93485397e-02 2.06749842e-01
  5.02502680e-01 1.20858550e-01 1.53722870e+00 8.99138033e-01
  2.74073388e-02 1.89465117e+00]
 [1.04001053e-01 1.09502590e+00 4.61629927e-02 1.01850092e+00
  1.78256476e+00 1.89721608e+00 6.25508046e-03 9.52640593e-01
  1.74748123e-01 3.65545526e-02 1.49565130e-01 4.48040634e-01
  4.22172323e-02 5.11635803e-02 1.08062315e+00 9.83336329e-01
  1.69389635e-01 1.15517959e-01 2.38030732e-01 1.22627869e-01
  2.33991444e-01 2.05014139e-01 5.38784545e-04 2.56822199e-01
  2.35892802e-01 1.89192140e+00 2.38347247e-01 5.18870115e+00
  1.47413797e-04 1.35683879e-01 1.81311537e-02 1.12643242e+00
  2.08092093e-01 3.52717727e-01 5.12026763e-03 8.51891637e-01
  1.50079274e+00 2.01075703e-01 5.64602378e-04 7.81358976e-04
  9.12289679e-01 1.96621623e-02 1.89330924e+00 1.54642627e-01
  6.20550551e-02 4.67059948e-02 1.52714014e+00 1.47583520e+00
  1.91311762e-01 9.87179160e-01]
 [1.94450766e-01 1.27834666e+00 1.38183281e-01 1.58487821e+00
  2.97773257e-02 9.27607775e-01 1.89815369e-02 1.65241385e+00
  1.50368071e+00 3.74916673e-01 3.93433154e-01 1.43246859e-01
  1.19222842e-01 1.53693661e-01 1.32705092e+00 1.66542268e+00
  1.03310549e+00 4.65394586e-01 1.76611587e-01 2.22407758e-01
  9.70468819e-01 3.55763175e-02 6.75604492e-02 1.13660157e-01
  2.12441295e-01 9.36483800e-01 1.69160783e-01 1.61461178e-02
  3.54579417e-03 1.73088759e-01 1.43379629e-01 1.63639343e+00
  3.15520525e-01 2.08536699e-01 8.31314083e-03 2.62355953e-02
  2.02434921e+00 5.93097985e-01 5.01662027e-03 4.76543278e-01
  4.61057454e-01 6.97064474e-02 3.27412903e-01 1.49351871e-02
  2.51021886e+00 5.76508194e-02 1.87847829e+00 1.23725808e+00
  1.80833355e-01 6.47519171e-01]
 [9.15379748e-02 1.00760663e+00 6.75438121e-02 9.23990667e-01
  1.64507270e+00 1.44600475e+00 1.25181079e-01 8.43625486e-01
  7.84439862e-01 7.83057138e-03 2.26688966e-01 1.99577376e-01
  1.64497897e-01 2.20748819e-02 7.04809010e-01 1.05035377e+00
  4.44699049e-01 2.73853540e-01 1.64146319e-01 1.71332091e-01
  1.71617994e-05 1.87094003e-01 1.77288186e-02 1.75581947e-01
  2.25850165e-01 7.73431897e-01 5.37037663e-02 2.05694320e-07
  1.42105138e+00 4.10002565e+00 5.78505993e-01 9.96573150e-01
  1.98367521e-01 1.43218607e-01 1.35707911e-02 2.34883241e-02
  1.83858323e+00 5.05676389e-01 4.23698016e-02 3.33657576e-04
  5.72534859e-01 8.41908695e-06 5.69948673e-01 2.22205445e-01
  1.24962047e-01 2.05409884e-01 1.24752045e+00 1.53190100e+00
  8.67782608e-02 2.61282730e+00]
 [2.25255638e-01 9.34461117e-01 2.00086817e-01 5.02990603e-01
  1.33824730e+00 1.53453958e+00 1.29637301e-01 9.46862578e-01
  1.37166262e-01 5.66281974e-01 1.06983155e-03 3.09691399e-01
  1.08661741e-01 2.16098741e-01 6.55549049e-01 1.05492604e+00
  8.67107153e-01 2.44841725e-01 3.75866473e-01 9.98116955e-02
  2.35387743e-01 9.67537686e-02 1.78500697e-01 9.06151012e-02
  1.27546594e-01 3.90388340e-01 2.39361078e-01 4.36500460e-02
  9.13184047e-01 6.38731495e-02 1.49709320e+00 1.40701473e+00
  2.99439162e-01 1.06415804e-03 4.97680493e-02 1.55301198e-01
  3.27068877e+00 2.71215886e-01 1.43163875e-02 2.08928506e-03
  8.46128941e-01 1.37347907e-01 3.20420146e-01 1.42377466e-01
  3.47727031e-01 5.30426390e-02 2.37770319e+00 1.68482780e+00
  2.13882655e-01 2.54415584e+00]
 [3.23618770e-01 1.76595902e+00 3.74141745e-02 1.85694861e+00
  1.05110602e-02 2.97252715e-01 1.79630946e-02 2.94346595e+00
  3.26170135e+00 2.99457014e-01 8.50489259e-01 6.28308475e-01
  4.35397588e-02 1.12330198e-01 2.02258825e+00 1.38099194e+00
  2.72199512e-01 9.24363583e-02 9.00961876e+00 3.84251922e-02
  7.36810938e-02 2.70921346e-02 9.00641382e-02 2.15454660e-02
  7.22227097e-02 3.69081765e-01 2.91122884e-01 6.36923313e-03
  3.55456471e+00 2.07402208e-03 1.39357284e-01 5.34537911e-01
  2.41502494e-01 1.93364304e-02 1.00541469e-02 2.09169369e-03
  2.83271670e+00 6.75058305e-01 9.50061018e-04 2.55046114e-02
  2.17412055e-01 1.07438844e-02 5.33462763e-01 1.94725648e-01
  1.65929341e+00 5.94297284e-03 2.74377179e+00 2.00972676e+00
  6.18459508e-02 2.52226377e+00]
 [1.78996492e-02 2.12744617e+00 3.41703072e-02 8.05083334e-01
  1.73696280e-01 2.01542899e-01 1.21953711e-02 2.93586874e+00
  1.62185407e+00 4.56575900e-02 5.68225086e-01 7.94268996e-02
  8.17490816e-02 8.16484839e-02 2.00848031e+00 1.06971622e+00
  2.59806844e-03 3.07868630e-01 1.44983733e+00 5.54316975e-02
  1.28169415e-06 5.12059182e-02 1.14087586e-03 2.98741171e-11
  2.39955202e-01 5.17324090e-01 1.16868928e-01 2.81770917e-05
  4.57082891e+00 1.28450468e-02 4.55548652e-02 2.95194483e+00
  4.84085321e+00 1.57213503e-06 7.62742385e-03 8.09171423e-02
  2.57517672e+00 1.02272594e+00 5.06351935e-03 1.37715404e-07
  3.96718711e-01 3.93109256e-03 5.05982459e-01 1.30900564e-02
  8.72406363e-01 5.25128357e-02 3.04048395e+00 1.93354940e+00
  8.81808519e-05 1.22521567e+00]
 [2.27315109e-02 6.55383348e-01 1.65080614e-02 2.25318875e-02
  8.39618146e-01 4.16527838e-01 4.85012867e-03 1.83614552e+00
  6.86677599e+00 6.34249747e-02 1.32387364e+00 1.03389621e+00
  2.17028186e-01 1.27589226e-01 1.30736232e-02 7.26774942e-06
  1.56329525e+00 1.01381361e+00 9.29502773e+00 1.77114457e-01
  3.93082015e-02 9.35419053e-02 3.91899347e-02 1.40272439e-01
  1.93626612e-01 1.76711214e+00 1.40293926e-01 1.49615854e-01
  1.12692773e+00 3.03951204e-02 2.72178829e-01 6.31185651e-01
  2.93297172e-02 1.70387340e+00 7.63279852e-03 3.00584942e-01
  6.27894163e-01 8.57824206e-01 1.27995689e-03 6.10658535e-05
  1.02028835e+00 4.63233842e-03 1.52619421e+00 1.25221863e-01
  1.75331187e+00 1.96417589e-02 1.43368757e+00 1.40607154e+00
  2.26803154e-01 9.68921721e-01]
 [1.58655226e-01 1.02519453e+00 8.30120891e-02 9.54927385e-01
  8.34614694e-01 1.24030864e+00 1.65403791e-04 1.13605070e+00
  9.79463086e-02 3.19489628e-01 1.97397560e-01 1.08095203e-02
  7.83531144e-02 8.60748813e-02 1.17232192e+00 8.10803115e-01
  3.16761196e-01 7.94807747e-02 2.98177768e-02 8.44002515e-02
  2.75376767e-01 2.28696430e-04 1.49016783e-01 9.83398408e-02
  7.13221505e-02 4.72881734e-01 2.05194727e-01 1.22288484e-02
  6.22936487e-01 1.00070469e-01 4.88845967e-02 1.01178455e+00
  2.95215011e-01 1.07204494e-06 7.72610283e+00 4.74281330e-03
  2.98403215e+00 2.05886737e-03 1.88979786e-02 1.07691216e-04
  5.76222539e-01 5.88836148e-02 1.45567775e-01 6.93818042e-03
  2.22249702e-01 4.35860343e-02 1.61122835e+00 1.47725773e+00
  1.30425617e-01 4.45537424e+00]
 [2.09445685e-01 1.03232408e+00 1.45884156e-01 7.09975719e-01
  1.11705756e+00 1.21176517e+00 5.73497787e-02 1.10464859e+00
  5.83178461e-01 4.16060954e-01 4.01053727e-01 4.76346791e-01
  9.50398594e-02 1.32825285e-01 7.38321722e-01 9.02963459e-01
  1.59112298e+00 1.09316282e-01 1.47351861e-01 4.48113233e-01
  2.85255879e-01 4.71031852e-02 2.94691231e-02 5.26135750e-02
  1.39098778e-01 2.84002572e-01 2.28235617e-01 5.25919429e-04
  1.34167719e+00 9.75304225e-04 1.86922401e-02 3.09262108e-02
  2.66056776e-01 3.28875240e-03 2.98500434e-03 3.41454291e+00
  2.06888223e+00 4.12592500e-01 2.90110055e-02 9.55748931e-02
  6.19385600e-01 7.28267664e-03 1.04249728e+00 5.35854958e-02
  4.08886701e-01 1.67594776e-01 1.59325230e+00 1.53273499e+00
  8.48373696e-02 2.78730059e+00]
 [1.85624048e-01 1.10554087e+00 2.20353410e-01 5.74908078e-01
  1.92110884e+00 3.19106007e+00 2.07839087e-01 7.51349509e-01
  3.52332892e-04 1.41555816e-01 1.87386885e-01 8.41636419e-01
  1.65443793e-01 1.28151290e-02 7.28046894e-01 6.30987525e-01
  4.60334897e-01 2.27203548e-01 1.59129247e-01 2.22737983e-01
  1.63259320e-02 9.73702669e-02 2.36303136e-01 1.37528375e-01
  2.17595264e-01 2.39893764e-01 1.65901810e-01 5.99937476e-02
  6.30807161e-01 8.37764293e-02 1.99771021e-02 7.40951523e-02
  2.12249413e-01 5.97283721e-01 4.89334315e-02 7.54501298e-03
  1.56532024e-05 1.01194242e-02 1.17288001e-01 1.40975535e-01
  1.16307306e+00 2.01542720e-01 4.68715340e-01 2.19113961e-01
  4.16486293e-01 2.50587821e-01 1.35727322e+00 1.67553520e+00
  1.29614457e-01 1.39411175e+00]
 [3.32571864e-01 9.40519094e-01 1.35220180e-03 2.68036574e-01
  2.36754548e-02 1.05985709e-01 2.30294690e-02 3.20322633e+00
  2.86391068e+00 5.64887747e-02 3.92904252e-01 2.93052346e-01
  2.50808131e-02 7.96081871e-02 2.51508355e+00 1.53737414e+00
  1.57606955e-05 1.64713100e-01 6.64439261e-01 7.48593826e-04
  3.30607779e-03 2.20151044e-08 3.25252637e-02 2.26528919e-05
  3.01580966e-01 2.47171074e-01 1.79081455e-01 5.25507890e-03
  6.77592754e+00 1.97338712e-04 4.99531999e-03 3.70062113e+00
  3.72998178e-01 1.23265508e-07 5.92618110e-03 2.81677694e-05
  2.92555666e+00 7.99600065e-01 1.35439716e-03 6.31618065e-12
  2.78193038e-02 1.28552702e-03 5.07738411e-01 4.68606688e-03
  4.57551390e-01 4.38702293e-03 3.80988574e+00 2.71368217e+00
  2.63968354e-06 1.71460539e-01]
 [1.89588875e-01 7.22373486e-01 1.41473114e-01 3.32069516e-01
  1.56575906e+00 2.18292832e+00 1.15847051e-01 1.49507731e-01
  1.51583720e-02 2.47160681e-02 1.09301776e-01 4.39007461e-01
  1.20689936e-01 8.69020745e-02 6.78887188e-01 1.05860245e+00
  3.05969000e-01 1.79307669e-01 2.38997400e-01 2.10807219e-01
  1.05403960e-02 1.71635523e-01 1.67347223e-01 1.95098609e-01
  1.63920224e-01 2.07162425e-01 1.49844602e-01 7.85607323e-02
  3.01552676e-02 1.74001738e-01 9.53287184e-02 4.85392183e-01
  2.74031132e-01 2.78731366e-03 1.52203366e-02 2.10024193e-01
  3.31875849e+00 2.07838327e-01 5.13729143e+00 7.11741671e-02
  5.98095477e-01 1.37704492e-01 3.76113534e-01 1.91394389e-01
  1.72043085e-01 2.58124202e-01 1.12424946e+00 1.37264228e+00
  2.20018879e-01 1.93188787e+00]
 [2.49506742e-01 1.27536511e+00 1.59792915e-01 8.36694241e-01
  7.59663522e-01 7.51008213e-01 6.07859306e-02 8.84576499e-01
  4.09677438e-02 1.57931805e-01 5.11187375e-01 5.55298567e-01
  1.83004916e-01 1.29459305e-02 1.08850276e+00 1.43901098e+00
  4.91118312e-01 2.52480298e-01 7.02781379e-01 1.39697388e-01
  1.08717628e-01 6.35776818e-02 2.00427085e-01 2.65194356e-01
  1.27451107e-01 4.40131426e-01 2.55652010e-01 1.99492672e-04
  3.28238297e+00 1.42021701e-01 2.66467303e-01 1.27938926e+00
  2.65908480e-01 1.66787917e-03 1.72234327e-02 5.29714860e-02
  2.59245348e+00 5.98400593e-01 4.89803380e-04 3.10116196e+00
  7.92085230e-01 9.68882293e-02 3.78246874e-01 2.26054192e-01
  2.40884602e-01 1.76404998e-01 2.09782505e+00 1.52143908e+00
  1.60138533e-01 1.72868693e+00]
 [2.49335349e-01 9.64883387e-01 1.34344548e-01 5.51623166e-01
  1.77364552e+00 1.60210872e+00 4.19546038e-01 1.24755657e+00
  5.30766010e-01 6.99894667e-01 2.71157593e-01 6.90280914e-01
  7.94764906e-02 2.24660616e-02 5.72535396e-01 1.43542922e+00
  9.05430734e-01 3.82607937e-01 6.45676017e-01 3.26296896e-01
  7.95482832e-04 1.30404785e-01 7.95412362e-02 7.46110156e-02
  3.63423765e-01 1.57974231e+00 2.69381106e-01 2.19877949e-03
  4.17539701e-02 1.31474376e-01 1.13367550e-01 1.46645939e+00
  3.27094495e-01 2.34938309e-01 7.42633943e-04 6.38472557e-01
  2.67225003e+00 1.33392632e+00 5.89639135e-03 4.00687426e-01
  4.08830702e-01 2.12304294e-02 1.02819657e+00 8.74753371e-02
  5.15304565e-01 1.39229685e-01 1.89968443e+00 1.61823595e+00
  1.90132141e-01 1.58826816e+00]
 [1.86922595e-01 1.48406196e+00 4.06453051e-02 1.89204013e+00
  4.79027517e-02 9.17557180e-01 3.53191723e-03 1.55257165e+00
  1.43380177e+00 5.57860732e-01 1.11039706e-01 4.38558236e-02
  3.12617272e-02 6.79272780e-05 1.54875541e+00 1.38992608e+00
  2.78882325e-01 2.19736427e-01 2.78488755e-01 3.33417922e-01
  6.19652450e-01 4.65885065e-02 9.28352177e-02 1.88935399e-01
  7.31876791e-02 3.39510202e-01 5.22145070e-02 1.07496887e-01
  8.51740688e-03 1.16134457e-01 3.93750903e-04 5.79521120e-01
  1.53379232e-01 7.72457778e-01 6.91695511e-02 8.45429022e-03
  1.28569472e+00 6.57494187e-01 1.51651418e-02 3.50022167e-01
  4.15455341e-01 5.73230839e+00 1.22718997e-01 3.19247060e-02
  4.89447653e-01 7.18577430e-02 1.96465564e+00 9.77025509e-01
  1.19213186e-01 1.27893972e+00]
 [6.22178167e-02 2.16624856e+00 1.68777653e-04 2.23420358e+00
  2.45731086e-01 8.84153880e-03 2.42169425e-02 1.46154547e+01
  7.35992432e+00 1.37259960e-02 4.81543094e-01 4.59470123e-01
  2.55068881e-03 4.03745240e-03 8.98004949e-01 5.95465231e+00
  8.14575255e-01 4.65114474e-01 3.23937941e+00 3.52831036e-01
  3.93608752e-05 3.61853950e-02 2.05112028e-05 8.68673960e-04
  6.09799325e-01 7.83792377e-01 2.36575201e-01 1.01012025e-04
  1.77261686e+00 2.46444065e-02 1.99132726e-01 9.78693485e+00
  1.41838919e-02 4.61381342e-06 6.37571575e-05 3.51717979e-01
  1.63097858e+00 3.64848099e+01 8.62785018e-05 6.36628954e-07
  9.47535872e-01 4.06336319e-03 2.77915025e+00 2.59981640e-02
  6.92322493e-01 3.50328122e-08 3.77881765e+00 2.50797153e+00
  1.27641112e-01 1.37281775e+00]
 [2.22136527e-01 1.04864669e+00 5.25346026e-02 1.90009165e+00
  3.13102245e-01 7.02002943e-01 1.40713576e-06 1.33828068e+00
  1.30757606e+00 1.13305643e-04 1.54891253e-01 5.83887756e-01
  7.36856237e-02 1.20235018e-01 1.24419951e+00 9.38088834e-01
  8.37162018e-01 5.56561887e-01 5.48927724e-01 2.01426953e-01
  1.79599583e-01 6.85764551e-02 1.56688064e-01 2.22035840e-01
  1.58380702e-01 1.41386700e+00 2.11587802e-01 5.35307038e-07
  2.72481012e+00 8.06431249e-02 2.60295608e-04 8.82567346e-01
  1.43216416e-01 4.45924520e-01 7.88409205e-04 9.02490914e-02
  1.54902959e+00 2.27178261e-01 2.30234396e-02 3.63953739e-01
  4.81796116e-01 2.45112255e-02 4.99883831e-01 3.58754921e+00
  1.69109032e-01 1.57003567e-01 1.25835323e+00 1.44720864e+00
  6.80591613e-02 3.83223236e-01]
 [2.31323272e-01 1.53148603e+00 3.77453826e-02 1.91409731e+00
  7.34626246e-06 3.39615270e-02 1.84864253e-02 2.12173963e+00
  6.21411467e+00 6.13556743e-01 3.15892547e-01 5.96491098e-02
  9.55191627e-03 6.28072545e-02 1.53404939e+00 1.43076837e+00
  4.82087785e-07 2.42325664e-01 4.43186909e-01 1.08192980e-01
  4.98364307e-02 3.46002891e-03 7.56983086e-02 2.49801315e-02
  2.70529479e-01 7.08418667e-01 5.81716187e-02 1.04863339e-07
  4.42028999e-01 1.68768354e-02 3.98657955e-02 9.26071331e-02
  1.02927364e-01 4.39677888e-06 1.10877864e-03 2.70650635e-05
  2.67421484e+00 1.78729963e+00 1.18964131e-03 1.37649389e-04
  6.97632730e-01 3.17113735e-02 4.09581453e-01 1.21413961e-01
  4.17150450e+00 6.11849688e-03 2.41232800e+00 1.26833975e+00
  9.17703983e-06 5.14768064e-01]
 [1.41883478e-01 3.02850574e-01 1.94793180e-01 4.37443191e-03
  1.86500883e+00 1.85621059e+00 1.26945674e-01 9.85564709e-01
  9.40238178e-01 2.09412903e-01 1.30596906e-01 1.38011007e-02
  2.16519058e-01 2.69917488e-01 2.77863711e-01 2.78307736e-01
  1.19224584e+00 2.62404025e-01 4.05758709e-01 1.09738931e-01
  2.53837824e-01 6.48834333e-02 1.33422598e-01 2.07922682e-01
  2.49277338e-01 2.22930878e-01 1.01593882e-01 8.85560587e-02
  3.46444190e-01 6.76238164e-02 4.01750236e-04 1.80375350e+00
  2.40139291e-01 1.91061986e-06 6.73734918e-02 1.00637816e-01
  2.47307539e+00 7.22349947e-03 1.29872859e-01 9.35933646e-03
  8.92356873e-01 1.43886805e-01 2.99055845e-01 2.94795185e-02
  3.85033607e-01 4.34926558e+00 1.76635790e+00 1.68718708e+00
  1.24839991e-01 8.15865993e-01]
 [9.33226198e-02 1.38350487e+00 1.39110520e-01 1.06099129e+00
  1.55443847e-01 2.58278251e-01 4.41770405e-02 1.45423234e+00
  8.10348892e+00 5.67810237e-03 9.20406282e-01 3.97554845e-01
  1.16140246e-01 5.05498648e-02 1.28521100e-01 1.23334074e+00
  9.64750290e-01 4.39250767e-01 2.00930285e+00 3.39470580e-02
  3.92496437e-01 4.93782125e-02 1.49530351e-01 1.63835436e-01
  1.65046662e-01 8.66488993e-01 2.15398017e-02 2.25500131e-04
  4.00705767e+00 6.31509572e-02 9.80790034e-02 8.50574613e-01
  2.44086191e-01 7.35962007e-04 3.61075401e-02 1.88839864e-02
  2.54910612e+00 4.96515065e-01 1.92033201e-02 5.56190833e-02
  2.51319647e-01 9.64157432e-02 2.97624648e-01 1.17775336e-01
  3.45397532e-01 1.02844186e-01 5.77656180e-02 1.66918254e+00
  7.63503611e-02 2.16640401e+00]
 [1.37696564e-01 9.56060588e-01 1.44596666e-01 1.45250201e+00
  4.48782384e-01 1.13318861e+00 6.46964414e-03 1.22933900e+00
  5.89237362e-03 3.10483217e-01 2.57380098e-01 7.33939409e-01
  2.00388327e-01 3.18989038e-01 1.69296956e+00 1.77528962e-01
  1.72462416e+00 3.58239502e-01 5.86097419e-01 4.30048376e-01
  6.17493056e-02 7.78653249e-02 1.62638620e-01 8.55734721e-02
  1.41459301e-01 2.04774761e+00 4.59038280e-02 4.42047836e-03
  5.23309660e+00 7.41589293e-02 3.82256210e-01 2.22595549e+00
  2.59438455e-01 1.48184455e-07 2.22878575e-01 5.12176633e-01
  3.43231034e+00 1.47177530e-02 3.63258368e-06 7.27517545e-05
  3.28436255e-01 2.14497626e-01 1.38365185e+00 2.43081301e-01
  5.58057666e-01 5.89937046e-02 2.04115295e+00 1.24944918e-01
  5.17106466e-02 3.30980271e-01]
 [1.92771614e-01 1.23411775e+00 3.40185650e-02 1.78077531e+00
  5.55783801e-04 4.73159581e-01 2.35911310e-02 1.21748424e+00
  1.77445650e+00 9.20301080e-01 5.93492270e-01 2.68264979e-01
  1.97417785e-06 9.53268409e-02 9.94505584e-01 1.33461130e+00
  1.01000464e+00 6.76584020e-02 7.52381086e-02 9.14461687e-02
  6.84799314e-01 8.86530355e-02 4.05100212e-02 1.28556743e-01
  1.39423937e-01 1.48604810e+00 6.41771108e-02 2.72142384e-02
  1.06404901e+00 9.81566384e-02 2.88855354e-05 1.37703192e+00
  2.43265972e-01 1.27632096e-01 2.15940224e-03 4.78009023e-02
  1.49569881e+00 7.16725826e-01 6.44988799e-03 1.83214545e-01
  5.16591191e-01 5.03523834e-02 7.27580190e-01 1.35666719e-02
  3.14901918e-01 8.21594447e-02 1.50095856e+00 9.55763459e-01
  5.15440559e+00 6.68603301e-01]
 [2.30631739e-01 9.56173897e-01 1.00953497e-01 8.30389142e-01
  3.89545798e-01 9.17938530e-01 7.11488128e-02 1.59641647e+00
  1.23169105e-02 2.94927627e-01 9.94417250e-01 6.04343772e-01
  1.34242252e-01 1.59504429e-01 4.89728153e-01 1.46136880e+00
  9.62443709e-01 2.13218078e-01 5.25953770e-01 9.53957513e-02
  6.66415505e-03 5.78976274e-02 1.83736801e-01 1.25067160e-01
  1.33424565e-01 3.46261561e-01 2.20518023e-01 2.87329350e-02
  2.53067589e+00 5.64217716e-02 3.38687561e-02 2.25843430e+00
  2.86150217e-01 7.36182392e-06 5.94097190e-03 4.21801135e-02
  3.00470853e+00 3.64983654e+00 3.31045724e-02 3.45203967e-04
  5.17051637e-01 2.75735720e-03 1.23028681e-01 2.02498242e-01
  4.60508406e-01 1.68225233e-04 2.24099851e+00 2.22205973e+00
  9.39408019e-02 8.82579684e-02]]
x0 : [1.12816605e+02 3.74416844e-03 9.25688595e-02 1.79282303e+02
 7.00815811e+01 2.49253583e+00 1.11706993e+02 1.18574721e-03
 1.15312905e-05 8.72954178e+01 4.08689901e-02 5.98584473e-01
 7.14894943e+01 5.23705057e-06 1.77282091e-05 6.56105652e+01
 1.73049676e-03 2.55681143e-09 1.20788399e+02 2.83450931e-02
 1.85041199e-03 1.19028389e+02 6.04919042e-04 1.70722883e-02
 1.13809425e+02 3.55230309e-02 2.75588071e-04 1.20881195e+02
 4.18546051e-03 9.11477969e-07 1.18907997e+02 1.06680863e-01
 8.46437819e-04 8.20679855e+01 5.07387274e-04 2.46248916e-02
 1.09518440e+02 7.82774703e-04 1.01870128e-05 1.20189674e+02
 4.83071715e-01 6.06221684e-10 4.66921082e+01 3.16705991e-05
 2.01813072e-01 1.09358498e+02 1.41121909e-01 2.77683255e-04
 9.89321747e+01 4.42862438e-05 6.52484687e-07 1.16338234e+02
 2.80325953e-02 1.31147935e-05 1.16015526e+02 2.14607835e-01
 4.95563028e-04 8.13643494e+01 1.22272521e-01 1.04406844e-07
 9.73887711e+01 1.00898277e-03 3.31031813e-10 7.38337555e+01
 6.35589007e-03 1.51577691e-11 1.19130585e+02 7.39990314e-03
 3.79379344e-05 8.93856430e+01 2.30686199e-02 2.08687245e-09
 9.13923645e+01 5.42521998e-02 6.12385524e-03 5.12295113e+01
 1.31722994e-03 1.59826845e-01 1.18006714e+02 1.34431202e-05
 1.29875807e-05 1.15190430e+02 1.91337153e-01 5.09229153e-07
 1.18955772e+02 4.49473202e-01 7.03661591e-02 1.11322609e+02
 5.95073178e-02 2.84164763e-08 1.20931358e+02 8.08632467e-03
 2.70762423e-04 9.93079376e+01 1.76100507e-01 1.34623706e-01
 1.19322517e+02 4.55812924e-03 2.69319355e-01 3.80647697e+01
 7.54275024e-02 6.32152606e-08 1.20672211e+02 4.91838390e-03
 5.07174246e-03 9.09422455e+01 2.03825130e-06 6.03559783e-06
 9.78891220e+01 4.31321226e-02 1.10589077e-04 1.20666740e+02
 1.40372692e-02 3.21351498e-01 1.11187073e+02 4.70644940e-04
 2.86471136e-09 1.04135422e+02 1.05832890e-02 1.42903812e-02
 8.34665222e+01 4.83585615e-03 1.03852153e-06 1.20867943e+02
 4.17242263e-05 2.18647779e-06 3.02336102e+01 1.20711282e-01
 1.05055697e-01 1.17456154e+02 5.31983934e-03 3.56756063e-05
 1.20031250e+02 1.71758711e-01 1.28122652e-02 8.58614883e+01
 2.24581789e-02 6.89176050e-10 1.12630562e+02 1.28574648e-05
 3.16220611e-01 8.97241364e+01 1.96829900e-01 1.09146647e-01
 9.65087738e+01 2.90552545e-02 3.70621237e-05 7.93765717e+01
 9.59805911e-04 1.28164738e-01]
nUIV_to_SIR : {'weight': array([[ 0.00418699, -0.05282693, -0.34452477],
       [ 0.0089779 , -0.19966795,  0.09001038],
       [-0.00744283,  0.46248928,  0.38774034]], dtype=float32)}
