SIR MODEL PARAMETERS
beta : 67.5
gamma : 0.75
x0 : [0.99 0.01 0.  ]
num_hosts : 50
NUIV MODEL PARAMETERS
beta : [4.21945588e-04 2.09848076e-06 5.62765999e-05 3.93757728e-05
 1.94656877e-06 1.73156059e-05 9.89762793e-06 1.09489401e-05
 3.25660972e-06 5.79056737e-04 1.11477857e-06 1.41035582e-06
 3.65763961e-04 1.30790904e-05 5.48372145e-06 4.80286508e-06
 1.39435224e-06 5.80269203e-04 6.76099662e-05 3.99381832e-07
 1.00035056e-08 4.68957114e-06 1.88844990e-06 5.15977226e-05
 1.15120665e-05 2.38560988e-05 1.57826103e-03 2.77393750e-11
 5.28159489e-07 1.38894084e-03 2.10557900e-07 9.53175288e-07
 2.69322811e-07 4.03558370e-05 1.30206199e-05 5.90866875e-07
 6.31738658e-07 3.84127234e-05 2.99087151e-06 7.48050879e-05
 5.45747753e-07 1.69472247e-02 3.80692545e-05 7.77382229e-06
 5.53898144e-06 2.38760491e-04 7.03400234e-04 1.60605344e-03
 4.33055078e-07 3.12670018e-05]
delta : [1.8068169e+00 3.5090852e+00 7.1532184e-01 1.1798320e+00 2.4673667e+00
 9.8370761e-01 2.5616131e+00 2.5612130e+00 2.4257958e+00 3.1274644e-01
 3.1507352e-01 9.3032628e-01 9.9687737e-01 1.8904008e+00 8.7840372e-01
 1.6778308e+00 2.4652824e+00 3.2804871e+00 4.3044847e-01 1.3206805e+00
 1.0562720e+00 2.0066445e+00 1.6714603e+00 1.1369958e+00 2.0277557e+00
 1.2510207e+00 2.0557182e+00 1.1567980e+00 1.5489092e+00 5.5401880e-01
 2.2033691e+00 2.4756994e+00 1.3016782e+00 6.2965918e-01 2.6436478e-01
 2.8502161e-03 1.9937546e+00 2.2963095e+00 2.9519498e+00 2.7380058e-01
 3.2834291e+00 1.0877818e+00 3.0708954e+00 2.3838389e+00 2.9628363e+00
 1.3160230e-01 2.6620517e+00 1.6745095e+00 2.7019720e+00 2.4794369e+00]
p : [2.04694853e-03 1.71983223e-02 3.19449268e-02 1.27235632e-02
 1.74348280e-01 3.26765788e-04 1.09315492e-01 3.80522013e-02
 2.19960430e-06 3.09043884e-01 3.86381568e-03 1.20849431e-01
 6.91151246e-02 1.07253157e-01 2.41104901e-01 1.18611068e-01
 1.75243635e-02 2.45500337e-02 8.32916424e-02 1.09701941e-03
 9.56115685e-03 5.13657108e-02 1.37016923e-05 6.78454787e-02
 9.81329009e-02 1.73505135e-02 1.03503943e-03 8.54783803e-02
 1.42804742e-01 1.26817822e-01 1.01675186e-02 4.23038658e-03
 5.01644276e-02 3.95903066e-02 1.60841725e-03 1.03972375e-01
 8.00688714e-02 9.66796931e-03 1.21755205e-01 1.85239047e-01
 4.91838809e-03 6.30254984e-01 1.69106852e-02 1.94685519e-01
 5.68754040e-02 8.09614174e-03 2.85332510e-03 1.50089800e-01
 1.30079299e-01 6.66273311e-02]
c : [1.2485428e-03 4.1907682e+00 3.7528365e+00 4.7349172e+00 1.0068003e+00
 1.5630440e+00 3.2233603e+00 3.3754401e+00 2.6162367e+00 4.3289390e+00
 1.0018414e+00 3.5773647e+00 4.4517946e+00 3.2006695e+00 2.9909432e+00
 3.0853081e+00 1.0697443e+00 4.5454617e+00 2.2546749e+00 2.3792989e+00
 3.2014318e+00 2.1021659e+00 4.3396443e-01 1.6027615e+00 1.6250365e+00
 4.1139894e+00 4.7039981e+00 2.3774219e+00 3.0994356e+00 5.3655332e-01
 3.1363170e+00 2.2837956e+00 2.2550364e+00 3.6745794e+00 1.9403454e+00
 5.1460326e-01 1.4163226e+00 2.9233770e+00 1.8255707e+00 2.6817813e+00
 3.0914028e+00 2.5826696e-02 2.0804167e+00 1.3894955e+00 1.9873456e+00
 1.0182943e+00 2.1666632e+00 2.4601285e+00 1.8021846e+00 8.3768958e-01]
t : [[2.81271059e-04 6.85343206e-01 1.73848227e-03 1.04071569e+00
  4.49896008e-01 6.92758337e-03 1.42755079e+00 1.37662148e+00
  1.23254049e+00 2.61361778e-01 5.47870845e-02 1.19317353e+00
  1.68009317e+00 1.62377000e+00 3.55763942e-01 3.98649395e-01
  1.53812155e-01 1.33098078e+00 4.67899561e-01 7.16160471e-03
  6.00945890e-01 6.82564914e-01 2.12872878e-01 1.73640705e-03
  6.10786676e-01 1.02878344e+00 1.49818242e+00 1.03982174e+00
  1.61425978e-01 3.05440038e-01 1.22414362e+00 4.67769176e-01
  1.03014517e+00 9.10022497e-01 1.46005735e-01 8.64202261e-01
  1.20541535e-01 5.98876715e-01 2.62008607e-02 1.25182392e-02
  9.82263386e-02 3.02037859e+00 1.19256926e+00 2.58980356e-02
  1.24061692e+00 2.77926438e-02 1.99740738e-01 1.30851388e-01
  1.22433698e+00 2.18342185e-01]
 [2.24354733e-02 6.24927087e-03 5.76767400e-02 1.25589907e+00
  1.55709703e-02 5.68800904e-02 1.68764579e+00 1.03428745e+00
  1.73429751e+00 1.19898462e+00 3.54450289e-03 1.23499751e+00
  2.33885860e+00 1.63486123e+00 3.92915644e-02 1.30375934e+00
  9.73526295e-03 1.74580979e+00 4.79773767e-02 1.23579383e+00
  1.71631444e+00 6.86920345e-01 1.25368237e+00 2.85999547e-03
  3.53186786e-01 1.27634323e+00 1.10587251e+00 1.33655047e+00
  7.86029339e-01 8.00413894e-04 1.32503319e+00 5.18815480e-02
  1.67449164e+00 1.01260817e+00 2.24873517e-02 2.32127875e-01
  3.83429863e-02 1.42384171e+00 2.66346902e-01 1.14107156e+00
  4.22006845e-01 1.60432220e-01 1.81751645e+00 9.23482120e-01
  1.29098582e+00 4.47088201e-03 3.86773124e-02 7.13134110e-02
  1.58854640e+00 4.25528347e-01]
 [2.15386659e-01 1.52265239e+00 3.09149504e+00 1.31596804e+00
  4.00896184e-02 5.88336110e-01 1.32105672e+00 1.71581566e+00
  1.72302306e+00 4.84764665e-01 3.03867385e-02 1.22319686e+00
  2.42660427e+00 1.33860445e+00 3.41279566e-01 1.62939596e+00
  1.89624861e-01 1.21676326e+00 1.84876323e-01 5.01715481e-01
  1.95510364e+00 1.48749709e+00 1.39453185e+00 1.94452498e-02
  1.54013425e-01 9.70102191e-01 9.92254436e-01 1.70438540e+00
  7.28957057e-01 3.62041843e-04 1.92302167e+00 7.41596594e-02
  1.91741443e+00 1.62181163e+00 2.79612709e-02 2.77551394e-02
  4.65303399e-02 1.60060072e+00 4.51549292e-01 1.58375680e+00
  1.50035524e+00 5.98232218e-05 1.38824153e+00 4.24533308e-01
  1.34906781e+00 9.94120259e-04 6.34548813e-02 1.21893011e-01
  1.65094614e+00 8.56358483e-02]
 [1.52817339e-01 4.73533928e-01 3.55775096e-02 8.70370248e-04
  4.80786301e-02 8.23175684e-02 1.01237476e+00 1.41695142e+00
  1.49719906e+00 6.41608715e-01 1.45674244e-01 6.89782858e-01
  2.10612464e+00 7.94139132e-02 6.21608675e-01 8.30806792e-01
  2.10949201e-02 8.88748765e-01 4.31747958e-02 4.94130075e-01
  1.42786360e+00 1.68502891e+00 5.33163309e-01 1.88214585e-01
  9.89483356e-01 1.16558576e+00 7.94361889e-01 8.09544027e-01
  3.23477417e-01 1.05351694e-02 1.36283505e+00 1.95622053e-02
  1.04160118e+00 1.33212030e+00 1.87106431e-01 2.10747924e-02
  2.87936125e-02 6.51011586e-01 1.24135695e-01 1.58627784e+00
  1.11443412e+00 1.01477265e+00 1.11897671e+00 7.33940816e-03
  2.71245301e-01 5.93103562e-03 9.76233035e-02 2.12738454e-01
  1.51211011e+00 4.14923251e-01]
 [2.46580154e-01 8.76130700e-01 7.63300359e-01 2.90703028e-01
  3.29381680e+00 1.39210112e-02 1.22656226e+00 9.36566651e-01
  1.59656203e+00 8.20740461e-01 6.45227614e-04 8.44557881e-01
  2.73332715e-01 9.29755032e-01 6.82663500e-01 9.94667292e-01
  2.55472399e-02 5.68467915e-01 7.11805940e-01 2.62599617e-01
  9.34165537e-01 1.14908969e+00 1.03722394e+00 4.20599282e-01
  9.49125946e-01 7.45764613e-01 1.06674743e+00 8.56310606e-01
  1.57540798e+00 5.56171266e-03 9.79139030e-01 4.98958156e-02
  9.92949188e-01 8.44649911e-01 6.08943105e-01 3.76251996e-01
  1.85716096e-02 8.76721919e-01 4.58614320e-01 1.21422112e+00
  1.49383330e+00 3.24065867e-03 1.07050598e+00 7.56397486e-01
  8.59131932e-01 1.04034422e-02 7.59691745e-03 5.49230278e-02
  9.67588723e-01 2.07524300e-01]
 [1.59861401e-01 1.27162039e+00 9.27223591e-04 8.45435485e-02
  2.13189393e-01 3.66640902e+00 8.93473506e-01 9.81523931e-01
  9.67989087e-01 4.89622243e-02 2.94254683e-02 6.19697511e-01
  1.47559017e-01 4.31399345e-01 4.60942775e-01 9.96405602e-01
  1.64329316e-02 7.59556413e-01 2.08386380e-04 1.50313818e+00
  1.37507689e+00 9.47281942e-02 3.50189328e-01 8.15727115e-02
  1.31518018e+00 1.09845340e+00 7.39160478e-01 1.25658131e+00
  1.53195530e-01 3.82218231e-03 7.48509526e-01 1.10071331e-01
  1.25059402e+00 1.14362574e+00 4.20165837e-01 5.50846942e-02
  3.10245126e-01 1.24195194e+00 1.56370699e-01 5.63777909e-02
  1.99892536e-01 4.81796591e-03 1.33196783e+00 9.90248501e-01
  1.06783807e+00 4.55551920e-03 1.58605892e-02 9.48690193e-09
  1.14156365e+00 2.24579230e-01]
 [7.66081512e-01 9.22845244e-01 1.88674554e-02 7.09878504e-01
  5.63482940e-02 1.20643474e-01 1.33612715e-02 1.22091126e+00
  9.40157115e-01 9.53867555e-01 2.97808677e-01 1.29556310e+00
  1.62920332e+00 9.92582560e-01 2.20499665e-01 1.35367858e+00
  1.41972736e-01 9.74119067e-01 5.54836929e-01 7.74401486e-01
  1.35011840e+00 1.04481530e+00 1.27226388e+00 6.20639563e-01
  9.94434595e-01 8.64328384e-01 1.00316679e+00 8.10563743e-01
  9.05213773e-01 3.78089864e-03 4.48856980e-01 8.28270095e-06
  1.06714928e+00 8.63849103e-01 2.06275359e-01 5.77723309e-02
  6.41681194e-01 1.15015757e+00 3.19583148e-01 2.15937924e+00
  9.42757010e-01 2.05656499e-01 9.13035154e-01 5.72146416e-01
  1.35273755e+00 6.11876821e-05 2.73484439e-01 3.86170931e-02
  1.09730077e+00 5.83228506e-02]
 [9.48731601e-01 1.12340498e+00 8.63286629e-02 3.91572386e-01
  2.29598507e-01 1.10462300e-01 1.10421813e+00 6.68102503e-02
  1.41646791e+00 8.92166018e-01 4.15561274e-02 1.25165486e+00
  1.88091350e+00 1.47127199e+00 1.70689344e-01 3.52728575e-01
  1.57795817e-01 1.03184426e+00 1.19801499e-02 8.33503544e-01
  1.37614322e+00 2.06633902e+00 1.11128926e+00 3.51416588e-01
  1.01994348e+00 1.07843781e+00 8.06308866e-01 9.06327069e-01
  1.35072887e-01 2.85351072e-02 1.04649758e+00 1.22166581e-01
  1.03715813e+00 1.11506653e+00 7.10992655e-03 4.19125080e-01
  1.27919242e-01 9.60374713e-01 1.11683063e-01 2.06565354e-02
  2.40118839e-02 2.09844455e-01 1.27577436e+00 1.53421238e-01
  1.04463232e+00 1.78894594e-01 1.12056024e-01 7.96104744e-02
  1.33475399e+00 6.99741170e-02]
 [7.82067358e-01 1.04663706e+00 3.50558721e-02 1.22894275e+00
  3.30737203e-01 1.60560802e-01 7.57530808e-01 7.95983195e-01
  8.17630382e-04 9.49636400e-01 2.08928231e-02 7.22331166e-01
  1.52119553e+00 9.69172776e-01 3.68393123e-01 9.66709316e-01
  3.19178462e-01 8.06844234e-01 1.93806235e-02 2.60748923e-01
  1.18489122e+00 8.37023254e-05 1.48489273e+00 7.50393644e-02
  2.67402381e-01 6.93467617e-01 3.79423022e-01 1.52468801e+00
  1.90789431e-01 1.39626721e-02 9.33864176e-01 3.55148949e-02
  1.64290798e+00 1.28923810e+00 8.72656479e-02 8.11150204e-03
  4.56595242e-01 1.49789262e+00 6.62754178e-02 2.41330788e-01
  2.87200302e-01 6.00904264e-02 7.50544965e-01 3.03699798e-03
  1.30501986e+00 4.76091467e-02 2.78206736e-01 1.90732628e-01
  1.47868955e+00 3.15677643e-01]
 [6.68918073e-01 8.58925879e-01 2.85603851e-01 1.23474634e+00
  9.49890390e-02 2.33842060e-02 1.07369912e+00 1.36667669e+00
  1.25772810e+00 8.58352259e-02 1.22092158e-01 5.94896019e-01
  1.95803821e-01 8.82666111e-01 1.88045546e-01 1.00629795e+00
  1.88178241e-01 3.49871397e-01 7.21314609e-01 1.23045135e+00
  6.56892240e-01 8.46330285e-01 9.00249660e-01 1.74023017e-01
  6.41020954e-01 8.05396676e-01 1.04897976e+00 1.09431922e+00
  1.95165107e-04 2.34485995e-02 1.00202024e+00 1.97643891e-01
  6.38824940e-01 1.30285919e+00 5.95514655e-01 1.66033395e-02
  3.16536963e-01 9.48996305e-01 3.54380943e-02 1.20383906e+00
  4.82803881e-01 1.32992938e-01 9.05829489e-01 4.57946926e-01
  1.19563162e-01 1.11923609e-02 4.55124304e-02 2.14901045e-01
  8.59724402e-01 2.49086440e-01]
 [1.76753491e-01 1.83268750e+00 1.21611971e-02 8.37709963e-01
  2.46483922e-01 1.20152729e-02 1.91790867e+00 1.94957662e+00
  2.16911983e+00 4.36313778e-01 3.71514106e+00 1.37882781e+00
  7.16977119e-01 1.72558987e+00 7.43058743e-03 2.49952054e+00
  4.81530093e-02 7.17552304e-01 1.08461194e-01 9.20819342e-02
  1.36598319e-04 9.09628153e-01 3.02753091e-01 1.80963110e-02
  6.64568841e-02 1.41230989e+00 7.04604566e-01 2.34847856e+00
  4.65669706e-02 2.93297949e-03 1.82949221e+00 2.84859389e-02
  1.87449574e+00 1.51423728e+00 5.58473058e-02 6.72662556e-02
  3.97227481e-02 1.87779772e+00 2.56793499e-01 9.45040882e-01
  1.56939137e+00 1.58388726e-02 1.76818645e+00 4.03447330e-01
  1.53731000e+00 3.92548880e-03 4.16426323e-02 2.10484164e-03
  2.19383955e+00 7.28113279e-02]
 [5.27492881e-01 1.17180848e+00 4.51845169e-01 7.18006253e-01
  2.71393716e-01 6.45312667e-02 1.23823869e+00 8.06361854e-01
  8.12489033e-01 4.52445179e-01 1.29414834e-02 2.49190722e-02
  1.41961956e+00 6.93363130e-01 6.78991899e-02 8.12132776e-01
  1.36916369e-01 9.72819090e-01 6.46278679e-01 4.84447509e-01
  6.67043865e-01 1.03683329e+00 6.97144866e-01 6.12206608e-02
  1.07813060e+00 1.07278872e+00 7.86657572e-01 8.06813180e-01
  9.90070775e-02 3.11299860e-02 6.60912514e-01 2.65792131e-01
  1.14150560e+00 1.06944871e+00 7.22219706e-01 4.09875453e-01
  1.21528216e-01 6.12399280e-01 1.91604067e-02 1.14543664e+00
  6.83093846e-01 5.97954631e-01 1.05051446e+00 1.65163666e-01
  5.78737378e-01 3.08081508e-01 1.42863721e-01 1.38542071e-01
  9.06393230e-01 2.90361475e-02]
 [2.87537903e-01 5.96692681e-01 3.80576998e-02 9.75979090e-01
  4.38745245e-02 3.45720649e-01 4.64036882e-01 6.55497015e-01
  2.52967477e-01 4.53501731e-01 6.77436963e-02 1.38916469e+00
  1.13638944e-03 9.01275158e-01 1.57152593e-01 1.16172123e+00
  2.59720683e-01 1.03714871e+00 2.74057776e-01 6.16012812e-01
  9.12138104e-01 2.42227293e-03 8.81444335e-01 2.01024152e-02
  8.04661885e-02 7.30106592e-01 7.94800639e-01 8.63629758e-01
  2.78087854e-01 1.32619455e-01 1.55984390e+00 9.39437076e-02
  1.37400603e+00 8.67845833e-01 1.71400851e-03 1.11675456e-01
  1.25559896e-01 1.28706133e+00 1.84226602e-01 2.25778092e-02
  7.83344731e-02 1.19646120e+00 7.27634311e-01 5.85398730e-03
  1.38069105e+00 8.74174386e-02 3.60076487e-01 3.05132776e-01
  9.79189038e-01 3.51608008e-01]
 [5.71596384e-01 7.12567521e-03 1.70107372e-02 7.11924553e-01
  8.26689824e-02 4.15417999e-01 1.21058655e+00 3.58122797e-03
  1.26063597e+00 9.68898274e-03 1.40785217e-01 8.38518620e-01
  1.81734169e+00 2.31780503e-02 3.08955073e-01 7.06424117e-01
  3.67003202e-01 1.12772942e+00 2.91877985e-01 1.59671113e-01
  9.83164370e-01 4.86318588e-01 1.23878920e+00 2.29606815e-02
  7.07425416e-01 5.45222580e-01 1.30311263e+00 1.08201730e+00
  2.77786888e-03 1.26318075e-02 1.06516588e+00 3.54893431e-02
  2.61890352e-01 5.86500585e-01 6.50217582e-04 1.22297429e-01
  6.85169995e-02 1.46756518e+00 1.60030499e-01 2.25100327e+00
  8.35937262e-03 3.21930763e-03 7.70082831e-01 6.83520138e-01
  8.65806997e-01 2.24868841e-02 1.90890118e-01 5.97329289e-02
  7.38229036e-01 1.73577353e-01]
 [9.71766748e-03 1.03876984e+00 2.49556382e-03 9.89156514e-02
  4.93683778e-02 2.10732128e-02 1.95000148e+00 2.06818390e+00
  1.30319476e+00 8.01638901e-01 2.54705343e-02 1.64803803e+00
  1.97994137e+00 1.06800854e+00 1.72525167e+00 7.62084007e-01
  7.90673345e-02 9.05161023e-01 1.80055082e-01 1.45003751e-01
  1.81440997e+00 1.57922339e+00 9.52404737e-01 2.61943098e-02
  1.68110013e-01 1.37540019e+00 1.14142823e+00 1.42343068e+00
  1.58976257e-01 2.21955212e-04 1.31042337e+00 5.30905556e-04
  1.49508512e+00 1.04764056e+00 1.69461558e-03 2.91502066e-02
  7.80667007e-01 1.90745544e+00 1.11083426e-01 1.36088431e+00
  2.04816818e-01 5.54915925e-04 1.80006886e+00 1.57655042e-03
  1.59963965e+00 4.02028579e-03 4.83937971e-02 3.63332443e-02
  1.61087251e+00 2.96353810e-02]
 [6.32498562e-02 1.58846319e+00 6.00408688e-02 2.41094572e-03
  2.02619612e-01 3.03735793e-01 2.10533619e+00 1.66440594e+00
  2.22946072e+00 8.22510839e-01 1.21971266e-02 1.81704021e+00
  3.44810495e-03 1.82327390e+00 1.74733281e-01 5.53162634e-01
  1.01565599e-01 5.57553113e-01 1.85100012e-03 4.01738007e-03
  1.28557849e+00 2.29068217e-04 1.66380346e+00 2.53782608e-02
  4.61636543e-01 1.47012329e+00 1.25220728e+00 4.51055914e-02
  8.26939821e-01 3.76592565e-04 1.73977387e+00 6.12381212e-02
  1.00538647e+00 1.16931641e+00 4.17526588e-02 1.32110417e-01
  8.91252279e-01 1.90871656e+00 6.16737664e-01 2.57970512e-01
  5.51578999e-01 1.25425798e-03 2.04868865e+00 5.87405026e-01
  1.50841749e+00 1.32546443e-02 1.42190516e-01 4.29815352e-02
  2.44759488e+00 1.26897857e-01]
 [2.84071445e-01 1.45200098e+00 3.39504927e-01 1.11174870e+00
  2.62962610e-01 2.13988438e-01 1.07864487e+00 1.33556223e+00
  1.30522215e+00 3.15098673e-01 6.33127615e-03 6.90437734e-01
  9.61395279e-02 1.35793138e+00 9.02752399e-01 1.12534845e+00
  3.16319180e+00 7.50303626e-01 1.43840209e-01 1.15395355e+00
  1.25270569e+00 1.99466801e+00 6.29746318e-01 4.91657376e-01
  1.11350441e+00 7.54365563e-01 1.55581504e-01 9.45429862e-01
  2.97660232e-01 7.10011600e-03 1.44255018e+00 4.99358714e-01
  2.34809108e-02 1.21570230e+00 5.46388805e-01 2.47458518e-01
  1.95668433e-02 9.22715425e-01 6.39865771e-02 4.70403060e-02
  2.09983185e-01 1.09432656e-02 8.43075097e-01 7.24118233e-01
  1.30902529e+00 3.88949481e-03 1.07594796e-01 4.43368405e-02
  1.21432042e+00 1.42443050e-02]
 [6.86347306e-01 1.49322402e+00 1.35412127e-01 1.23463535e+00
  4.93200608e-02 1.80689961e-01 1.25628006e+00 1.25997031e+00
  1.20282578e+00 1.17646623e+00 6.79273158e-02 1.51939178e+00
  2.67895484e+00 1.63292539e+00 6.06153533e-02 7.56551147e-01
  2.37274524e-02 1.06789870e-03 4.76366699e-01 6.48688853e-01
  1.60226202e+00 1.15241098e+00 1.26796710e+00 2.79289279e-02
  8.17475379e-01 9.05402184e-01 1.12754130e+00 1.59981155e+00
  1.17922269e-01 4.10240740e-02 1.51445937e+00 3.06149215e-01
  1.70654249e+00 1.63961136e+00 1.78050369e-01 2.66425107e-02
  2.97337860e-01 1.56075406e+00 2.98662156e-01 6.32148027e-01
  2.17339233e-01 3.02424163e-01 1.17677522e+00 2.88103133e-01
  1.45799780e+00 5.79538979e-02 6.14332110e-02 9.06636938e-02
  1.67232096e+00 9.82270539e-02]
 [2.32763487e-04 1.87865543e+00 1.83347613e-03 6.42810047e-01
  4.41222131e-01 2.52275616e-01 1.88992584e+00 1.03827071e+00
  1.95870602e+00 6.81546688e-01 5.19022858e-03 2.00703859e+00
  1.53151417e+00 1.08027744e+00 3.73494387e-01 2.19753444e-01
  2.22712606e-01 1.83668840e+00 3.33063293e+00 3.38287979e-01
  1.74325538e+00 1.05542895e-04 1.65823746e+00 7.64774755e-02
  2.96046268e-02 1.27138054e+00 7.79481351e-01 1.48878896e+00
  1.62197500e-02 1.73608260e-03 1.69761670e+00 1.18139967e-01
  2.32365823e+00 1.29660189e+00 5.90333939e-02 1.00912839e-01
  8.10000837e-01 1.41684806e+00 5.27146399e-01 9.78625953e-01
  9.93576884e-01 3.81086627e-03 1.92267680e+00 9.77056265e-01
  2.02653980e+00 3.61950621e-02 7.31746182e-02 8.87000412e-02
  2.43342543e+00 3.09413433e-01]
 [6.03021860e-01 8.49544823e-01 1.33722037e-01 8.63191962e-01
  4.42240573e-02 2.93754697e-01 1.30921757e+00 1.03123534e+00
  1.07079268e+00 7.25184083e-01 9.14426893e-02 6.96898222e-01
  1.65102208e+00 9.29599583e-01 3.98526400e-01 1.15178072e+00
  1.15681522e-01 1.06929517e+00 5.32490432e-01 7.90502205e-02
  1.15376842e+00 1.67462921e+00 9.11390960e-01 6.23966396e-01
  3.84760708e-01 6.09869242e-01 1.12491918e+00 9.35574174e-01
  2.34023571e-01 3.55781801e-03 9.63007808e-01 4.04152364e-01
  9.60354030e-01 9.22924399e-01 8.88146460e-04 1.77376084e-02
  3.80870819e-01 8.88778985e-01 4.15414691e-01 1.99307835e+00
  3.07420865e-02 1.76828424e-03 9.21395361e-01 3.32975328e-01
  9.42702115e-01 7.50049250e-03 4.68817689e-02 3.01680458e-03
  1.44266379e+00 1.95113569e-01]
 [9.43124890e-01 1.09911191e+00 4.01397934e-03 8.61474395e-01
  7.37893432e-02 2.04661041e-01 1.40852964e+00 9.56348240e-01
  1.05784702e+00 3.15543175e-01 7.84217790e-02 1.42563200e+00
  2.39513373e+00 1.38096225e+00 7.41467476e-01 9.38833356e-01
  3.56515199e-01 9.09778476e-01 6.12165272e-01 4.10038024e-01
  1.40974894e-02 8.50266457e-01 1.16463518e+00 3.72878879e-01
  7.25303769e-01 6.82359874e-01 9.31361258e-01 5.51458061e-01
  8.39761049e-02 1.08745598e-05 1.06816745e+00 5.12375832e-01
  1.52195251e+00 1.17578900e+00 3.12506631e-02 1.67474020e-02
  5.95478177e-01 6.00272298e-01 3.21786366e-02 4.52442997e-04
  1.58342749e-01 2.15238765e-01 1.51425612e+00 1.04945791e+00
  1.27134264e+00 1.42605333e-02 2.70163000e-01 3.94319668e-02
  1.10968685e+00 3.03246409e-01]
 [2.90221632e-01 8.91858757e-01 2.15762258e-01 8.59456480e-01
  1.37580812e-01 3.09840560e-01 1.25156331e+00 1.08579040e+00
  1.09914815e+00 4.30173844e-01 9.76276621e-02 8.14873993e-01
  1.74217570e+00 1.30877507e+00 3.37408751e-01 1.14813030e+00
  2.33318865e-01 1.39585590e+00 8.61991465e-01 5.15017331e-01
  8.24942350e-01 6.67469800e-02 1.35824835e+00 5.61186314e-01
  5.36956906e-01 6.85766637e-01 7.60049582e-01 8.76898766e-01
  1.96132958e-01 3.29511100e-03 8.08901787e-01 9.14312080e-02
  9.77953851e-01 1.25900245e+00 6.19565845e-01 3.94999348e-02
  3.52359951e-01 9.08503830e-01 4.98276979e-01 1.03772271e+00
  8.67371976e-01 2.18664125e-01 8.18231344e-01 7.08739519e-01
  9.18558121e-01 7.42019061e-03 1.11249842e-01 1.83351729e-02
  1.01822984e+00 2.80391097e-01]
 [1.02858806e+00 8.11832607e-01 1.21476978e-01 1.27935636e+00
  9.10913050e-02 4.64633703e-01 1.86111712e+00 6.33398235e-01
  1.53129101e+00 1.15029049e+00 4.62102835e-05 1.25169671e+00
  2.04802465e+00 1.29095662e+00 3.51859540e-01 1.71080530e+00
  1.25879601e-01 1.47929811e+00 1.63847338e-02 5.31048596e-01
  8.75466108e-01 2.07763386e+00 8.50589871e-02 1.68895093e-03
  6.46205604e-01 1.26778781e+00 1.10516036e+00 1.18207288e+00
  5.76227963e-01 1.48927858e-02 1.63119686e+00 1.14842184e-01
  1.45401728e+00 1.32781839e+00 7.84202479e-03 8.48561078e-02
  1.31841049e-01 1.38212597e+00 2.02534441e-02 4.05897379e-01
  7.01724648e-01 4.42671686e-01 1.23481965e+00 1.03147554e+00
  1.04240966e+00 2.03990079e-02 2.45854687e-02 1.72151878e-01
  1.42815304e+00 4.90316674e-02]
 [9.77502111e-03 1.53906083e+00 2.97577563e-03 1.17720079e+00
  1.90547541e-01 1.91673994e-01 1.70522463e+00 1.58242095e+00
  1.83849084e+00 1.11017764e+00 3.95517005e-03 1.86866486e+00
  9.89453852e-01 1.94399035e+00 6.29559994e-01 2.04934835e+00
  2.17542470e-01 1.74180472e+00 1.92104548e-01 1.53459251e+00
  1.80704165e+00 8.26055631e-02 1.31099081e+00 2.23006439e+00
  6.30714521e-02 1.17185760e+00 9.02638912e-01 2.02339482e+00
  1.93310618e+00 4.41208016e-03 2.05420542e+00 2.65189320e-01
  2.55303431e+00 1.79792249e+00 1.91740572e-01 7.41931349e-02
  2.71920748e-02 1.74401939e+00 1.82890650e-02 2.67707586e-01
  1.01173747e+00 9.35223419e-03 1.59012198e+00 5.93029857e-01
  1.84299064e+00 8.16615205e-03 1.20672397e-01 6.61987141e-02
  4.76982325e-01 7.16795400e-02]
 [4.76572859e-05 1.83704412e+00 3.04912142e-02 2.06731656e-03
  5.10538630e-02 2.35321466e-02 1.69581509e+00 1.66595197e+00
  1.63524139e+00 9.72190380e-01 3.77819613e-02 1.61726975e+00
  2.76100564e+00 2.64033884e-01 2.30088040e-01 2.14978790e+00
  7.79446423e-01 1.52125287e+00 1.73319608e-01 1.13575470e+00
  1.89464271e+00 7.41676509e-01 1.54064572e+00 1.46030856e-04
  2.26146862e-01 1.16626048e+00 1.17823517e+00 1.59444308e+00
  2.25876607e-02 1.27468447e-04 1.89359498e+00 1.10467291e+00
  1.87128520e+00 1.33277309e+00 2.11976796e-01 4.64253068e-01
  1.49850249e-01 1.75879347e+00 8.90719771e-01 1.94840169e+00
  9.54701081e-02 9.34193900e-04 1.26114428e+00 1.45513371e-01
  1.74218082e+00 5.36892912e-05 9.66346487e-02 1.00343756e-01
  2.24022889e+00 8.68642330e-02]
 [1.48247615e-01 8.60402465e-01 1.29395992e-01 4.48352605e-01
  3.48476350e-01 2.37161011e-01 1.50172782e+00 1.82876027e+00
  1.06739140e+00 1.13784015e+00 2.16548964e-02 1.07315993e+00
  1.07650471e+00 1.61063039e+00 2.27236897e-01 1.80394316e+00
  5.64627945e-01 1.33557439e+00 2.01880291e-01 9.31650342e-04
  1.29580438e+00 1.51388705e-01 1.47581434e+00 4.10378017e-02
  6.60368860e-01 3.61240059e-02 1.12693632e+00 1.39093816e+00
  2.53257109e-03 5.18250838e-03 1.35044086e+00 5.43401539e-01
  1.25233698e+00 7.34766662e-01 2.03018747e-02 1.46296740e-01
  1.19080484e-01 1.01570964e+00 3.92757803e-01 4.87896234e-01
  1.21814005e-01 1.49131671e-01 1.11540568e+00 5.11068881e-01
  1.56218410e+00 1.43924262e-02 4.13793065e-02 1.03063474e-03
  9.66090202e-01 7.51565471e-02]
 [7.33801305e-01 1.60842931e+00 5.78300981e-03 7.09029377e-01
  4.84723710e-02 5.39154597e-02 1.10767245e+00 1.72219718e+00
  1.70738733e+00 6.70248449e-01 1.26599178e-01 1.21473002e+00
  2.60674477e+00 1.35139441e+00 2.83086598e-01 1.53139198e+00
  1.90603092e-01 1.54271770e+00 2.92425863e-02 1.74304619e-01
  1.08791482e+00 4.59935993e-01 1.38079154e+00 2.89950632e-02
  6.28545642e-01 1.03008854e+00 2.87368358e-03 1.23266542e+00
  2.97271032e-02 3.51632237e-02 1.87656069e+00 8.56113493e-01
  9.81665194e-01 1.47125757e+00 2.84206539e-01 5.18540526e-03
  5.39090097e-01 1.05140615e+00 8.43002081e-01 1.70769858e+00
  6.10053316e-02 9.04241875e-02 1.60394883e+00 2.17504576e-01
  1.25002301e+00 8.03845655e-03 2.35196315e-02 1.93236023e-01
  9.78384554e-01 1.97463274e-01]
 [8.45142365e-01 1.45305264e+00 3.40384454e-03 7.20118344e-01
  1.12455033e-01 8.42746347e-02 1.46212053e+00 1.31290877e+00
  1.24219382e+00 8.31223845e-01 9.31654871e-03 6.01045609e-01
  4.65934157e-01 1.54993331e+00 2.93828547e-01 4.82951671e-01
  1.78090379e-01 1.79928303e+00 2.17246357e-02 8.90324451e-03
  1.39419615e+00 4.23620701e-01 1.27462471e+00 3.95861280e-04
  7.30025411e-01 1.13591707e+00 1.23166871e+00 5.63542685e-03
  3.49807441e-01 2.25166529e-02 8.96558166e-02 3.90722193e-02
  7.80405819e-01 1.18793535e+00 8.87698531e-02 6.16256177e-01
  3.82047534e-01 1.59283793e+00 1.95141792e-01 5.33870101e-01
  2.00361431e-01 3.96551967e-01 8.75653625e-01 6.87910914e-01
  8.53392124e-01 8.46156627e-02 2.42901281e-01 2.49866083e-01
  1.49881685e+00 3.49661916e-01]
 [1.86099927e-03 1.35674274e+00 3.61515384e-04 8.69162232e-02
  3.98428202e-01 2.24656403e-01 2.07145023e+00 1.45989037e+00
  1.28955889e+00 1.04828751e+00 1.57681212e-01 8.75352025e-01
  1.87581348e+00 2.41824436e+00 1.71480875e-03 2.35626030e+00
  1.97934359e-02 1.06055129e+00 1.27067745e-01 7.56795883e-01
  2.27581954e+00 2.73967981e-01 1.78795862e+00 4.72501852e-02
  1.05173910e+00 1.73571134e+00 1.45864725e+00 2.00056338e+00
  4.51593131e-01 8.24905932e-04 1.66242993e+00 1.48298845e-01
  2.04482031e+00 1.44723618e+00 1.22121505e-01 7.89854452e-02
  7.80921698e-01 1.32028472e+00 2.87671536e-01 1.16298869e-02
  3.14317465e-01 1.75196386e-03 1.35924053e+00 7.27757365e-02
  9.92210925e-01 3.28637697e-02 1.45191904e-02 8.99067968e-02
  2.20426989e+00 2.76292026e-01]
 [1.77656722e+00 1.65719032e+00 3.03105805e-02 8.13055098e-01
  1.34428600e-02 8.74292627e-02 1.61726737e+00 8.73604953e-01
  2.02238083e+00 1.20588288e-01 1.51261583e-01 1.77905822e+00
  2.04670310e+00 6.59359932e-01 2.91479230e-02 1.81091535e+00
  5.98268926e-01 1.10732174e+00 2.74338156e-01 2.09831908e-01
  8.34960282e-01 5.70559613e-02 1.82713762e-01 4.86641517e-03
  2.17744902e-01 1.00139904e+00 5.52788317e-01 1.42741978e+00
  1.92285502e+00 2.61627293e+00 2.11627483e+00 1.21517372e+00
  1.55790484e+00 1.29198396e+00 1.74012163e-03 2.60896739e-02
  3.11571397e-02 8.43002379e-01 2.74539832e-02 1.17326951e+00
  8.84460151e-01 1.57352090e+00 1.39445829e+00 1.58102021e-01
  1.79032099e+00 1.02441767e-02 2.63713002e-01 3.58857244e-01
  1.86079347e+00 1.08871154e-01]
 [3.22982103e-01 1.15816724e+00 7.10754544e-02 9.95747328e-01
  1.07639246e-01 1.34326547e-01 1.34341431e+00 1.14321089e+00
  8.07810605e-01 1.16154802e+00 2.23884489e-02 6.93465352e-01
  1.89677608e+00 8.64255250e-01 2.57493556e-01 1.07448316e+00
  1.39738664e-01 8.89913857e-01 1.94692463e-01 1.00432765e+00
  1.21564078e+00 2.10978344e-01 1.02795196e+00 4.55547601e-01
  2.02328876e-01 9.21092629e-02 7.77625263e-01 1.35777938e+00
  1.96662210e-02 1.30702490e-02 6.95193093e-03 2.55366992e-02
  9.07039046e-01 4.53403473e-01 4.15133208e-01 2.43563339e-01
  3.06966484e-01 8.14280927e-01 2.33356357e-01 2.40651499e-02
  6.21583685e-02 1.17957518e-01 9.71342504e-01 2.39718840e-01
  3.28725100e-01 9.56500322e-02 8.18485336e-04 5.98078519e-02
  9.27781641e-01 9.60978568e-02]
 [6.57520210e-03 2.04559612e+00 8.14189948e-03 1.39216289e-01
  1.86480016e-01 9.24584344e-02 1.98591137e+00 2.51109600e+00
  2.58706355e+00 1.06352234e+00 9.26892236e-02 1.69048989e+00
  7.94045150e-01 1.94058287e+00 1.30552445e-02 5.47048926e-01
  6.69468045e-02 1.58807290e+00 2.55238003e-04 3.61391020e+00
  1.98946965e+00 1.48898561e-03 5.53215444e-01 1.78043672e-04
  1.25182903e+00 1.23180282e+00 5.19057691e-01 2.11535406e+00
  5.27052641e-01 1.87662681e-05 2.44559574e+00 1.70903420e+00
  2.24211669e+00 1.71810210e+00 1.36274204e-01 1.82470754e-01
  3.09349865e-01 2.14215446e+00 5.33916093e-02 6.79891324e-03
  1.27930611e-01 3.02599045e-03 1.92783785e+00 3.62663031e-01
  1.65283680e+00 1.66975555e-03 5.42365834e-02 3.77234779e-02
  2.30475974e+00 9.78431255e-02]
 [2.59482022e-02 1.78177726e+00 1.24400540e-03 9.41498458e-01
  1.24026574e-02 2.50969660e-02 1.24827385e+00 1.53364837e+00
  1.32093453e+00 1.00419891e+00 1.45387754e-01 1.08810854e+00
  1.68463624e+00 1.76979220e+00 8.33939761e-02 1.19679916e+00
  2.79283851e-01 1.30829298e+00 5.20604014e-01 7.79489994e-01
  1.18657243e+00 1.18904054e+00 1.26988065e+00 1.57380085e-02
  8.41129303e-01 1.13162446e+00 1.32206595e+00 1.09152639e+00
  9.20162559e-01 5.62159345e-03 1.16539252e+00 1.73154533e-01
  1.10604107e-01 1.60945880e+00 4.53107327e-01 1.05249870e+00
  9.86400843e-02 1.31051886e+00 1.48832172e-01 2.37581944e+00
  1.55686176e+00 1.01836296e-02 1.22702384e+00 1.05042659e-01
  1.28985941e+00 9.64168925e-03 7.26480559e-02 1.05760053e-01
  8.50517392e-01 2.90823169e-02]
 [1.80675879e-01 1.01588786e+00 7.82553181e-02 4.15013880e-01
  2.92408075e-02 2.48414919e-01 1.22537029e+00 1.19333196e+00
  1.29280031e+00 7.30801761e-01 1.59604326e-02 9.50207949e-01
  1.65709090e+00 1.08697486e+00 1.30456872e-04 4.14185107e-01
  1.12829894e-01 1.25850093e+00 6.57604560e-02 1.13323689e+00
  1.06955528e+00 1.22346401e+00 1.10514879e+00 1.40636265e-01
  9.38773036e-01 7.21241891e-01 1.10132337e+00 1.07004690e+00
  4.29012207e-03 1.41590694e-02 1.01241028e+00 7.76636064e-01
  1.64264131e+00 1.01422817e-01 4.12180722e-01 3.18977803e-01
  1.70591369e-01 1.40205085e+00 6.02239430e-01 1.13094008e+00
  1.02277063e-01 2.08216339e-01 1.03178978e+00 7.96763182e-01
  9.82501745e-01 1.65789272e-04 8.12520981e-02 9.54864994e-02
  1.48374951e+00 2.51748085e-01]
 [2.88658679e-01 1.41997123e+00 2.28806555e-01 1.16293681e+00
  4.01177518e-02 2.87668929e-02 1.36000729e+00 1.54327536e+00
  1.30165207e+00 8.80099654e-01 7.75486976e-02 1.58500075e+00
  1.61920631e+00 1.33064055e+00 8.04175079e-01 1.38078237e+00
  1.42491922e-01 1.53328407e+00 6.81958348e-02 1.38874161e+00
  1.44197893e+00 9.41694736e-01 1.19949377e+00 5.22487700e-01
  5.01698494e-01 1.37779379e+00 1.05162418e+00 1.24624753e+00
  2.48997021e+00 4.41242754e-03 1.57240140e+00 1.03623271e+00
  1.42450380e+00 1.08968937e+00 1.30604112e+00 1.06560066e-02
  1.05713382e-01 1.33372402e+00 8.76053274e-02 2.05813074e+00
  1.43712938e+00 1.05113022e-01 1.44165802e+00 3.65868747e-01
  1.31195033e+00 1.38467252e-01 7.50469789e-02 6.37498349e-02
  1.35569131e+00 1.88198946e-02]
 [2.55372617e-02 1.09163356e+00 1.38467386e-01 8.68943632e-01
  1.24082841e-01 1.98548555e-01 1.27280045e+00 1.04566109e+00
  1.15241945e+00 1.01219869e+00 3.01225074e-02 8.54874790e-01
  6.57248795e-01 1.23858678e+00 2.54676789e-01 7.99929082e-01
  2.07417998e-02 1.15689874e+00 9.60156143e-01 7.74021029e-01
  1.07238722e+00 1.56019294e+00 6.54575706e-01 9.67329681e-01
  1.02194703e+00 6.37344480e-01 7.38290191e-01 9.51693237e-01
  4.61772382e-02 1.94636286e-05 8.38038921e-01 3.43882814e-02
  1.02907872e+00 7.02172101e-01 4.34721559e-01 3.31357241e+00
  1.39453977e-01 8.07960927e-01 1.22716971e-01 1.60402465e+00
  3.63098711e-01 5.99728944e-03 7.71327019e-01 1.26816475e+00
  8.94891381e-01 2.25039359e-04 6.66642636e-02 5.16368300e-02
  1.39641118e+00 2.32940111e-02]
 [1.64380353e-02 1.69852698e+00 8.41642823e-03 1.65457070e-01
  1.25597894e-01 9.08506196e-03 1.30639338e+00 1.47484076e+00
  1.57952929e+00 5.41344345e-01 6.88110618e-03 1.34293520e+00
  7.53931463e-01 1.21069801e+00 3.20665628e-01 1.47784305e+00
  1.80663973e-01 7.88058817e-01 1.88487813e-01 1.73997140e+00
  1.41602862e+00 1.05044830e+00 4.61924046e-01 2.96487182e-01
  1.05945206e+00 9.84685242e-01 8.49258542e-01 1.42706883e+00
  2.02415276e+00 2.67667365e-05 3.63843352e-01 1.66006864e-03
  1.21829534e+00 7.74931729e-01 3.57388675e-01 3.06688808e-02
  2.46039653e+00 1.58083093e+00 7.18564689e-02 2.00321960e+00
  1.69399023e+00 8.42319350e-05 1.24655449e+00 6.90229058e-01
  1.47860348e+00 1.42994523e-03 1.67188179e-02 1.59360375e-02
  1.92013574e+00 1.74799055e-01]
 [1.77624106e-01 8.13541532e-01 9.39195696e-03 5.99370539e-01
  2.18754020e-02 9.74562466e-02 1.75866413e+00 1.78760409e+00
  1.14036655e+00 1.19875932e+00 4.73327078e-02 1.49657047e+00
  2.27689338e+00 1.67485881e+00 2.22919852e-01 1.71832561e+00
  1.00581966e-01 1.18794310e+00 6.86956882e-01 5.96528888e-01
  1.77809036e+00 2.15543255e-01 1.47111142e+00 3.36003155e-02
  8.47999573e-01 1.36077642e+00 1.13224244e+00 1.85407710e+00
  2.09628916e+00 3.65050472e-02 1.49820364e+00 2.52817959e-01
  1.57147288e+00 1.24041831e+00 1.35887461e-02 2.04177462e-02
  7.76592374e-01 2.07197573e-02 4.81032342e-01 2.04935503e+00
  4.98120397e-01 1.43409073e-01 1.60047948e+00 8.35571811e-02
  1.13728487e+00 6.67519867e-02 2.34929636e-01 1.85577422e-02
  9.69114542e-01 7.55894005e-01]
 [1.15910848e-03 1.10599136e+00 1.96093947e-01 3.94904792e-01
  7.33522177e-02 1.79661199e-01 1.12609363e+00 1.44571352e+00
  9.93659675e-01 4.76896375e-01 1.18882313e-01 9.79989469e-01
  6.11392975e-01 8.87239873e-01 5.28479278e-01 1.39397013e+00
  2.21431211e-01 8.75243187e-01 2.88505822e-01 1.10869825e+00
  1.00320864e+00 1.07165802e+00 8.20053518e-01 4.88969296e-01
  9.12600517e-01 8.37005138e-01 9.05474842e-01 1.23713660e+00
  6.65175617e-02 3.93917505e-03 1.25360680e+00 5.00193954e-01
  9.93186533e-01 8.43821526e-01 1.00177991e+00 2.75163800e-01
  1.49419690e-02 9.60836411e-01 2.31598377e+00 1.17490482e+00
  7.95103192e-01 3.73694289e-04 8.76185715e-01 6.15338147e-01
  1.18682730e+00 1.58477138e-04 1.04919016e-01 4.57863063e-02
  1.01510942e+00 8.79611000e-02]
 [1.22003160e-01 1.42018831e+00 2.77925581e-02 6.98505640e-01
  1.03990674e-01 1.99963182e-01 1.43552983e+00 1.57394409e-01
  1.23137236e+00 7.32051075e-01 5.87658323e-02 1.59639299e+00
  2.22565413e+00 1.12130284e+00 1.43886060e-01 1.82214093e+00
  1.29453778e-01 1.40303743e+00 2.90787816e-01 5.41567206e-01
  1.24891782e+00 6.76171124e-01 1.23027468e+00 1.33038068e-03
  1.15154994e+00 9.47720170e-01 1.21135104e+00 1.50077546e+00
  6.26124367e-02 5.52117745e-05 1.78803766e+00 1.27000853e-01
  3.73308100e-02 1.22552073e+00 2.20741164e-02 9.91458967e-02
  8.53595585e-02 1.09055018e+00 8.93914461e-01 2.76938677e-01
  5.65037191e-01 1.11347775e-03 1.57886505e+00 7.12845862e-01
  1.30059004e+00 7.76074501e-03 4.05016430e-02 1.71113089e-01
  1.68921268e+00 5.72893679e-01]
 [8.09897259e-02 1.41529703e+00 2.98739178e-03 2.02750899e-02
  4.24077511e-02 1.38069108e-01 9.24964964e-01 1.43328166e+00
  1.56371677e+00 1.08527899e+00 1.37393018e-02 1.33848500e+00
  4.10738468e-01 1.21735716e+00 1.00676520e-02 2.16334748e+00
  2.64728069e-01 7.57493258e-01 2.19875869e-06 1.77157843e+00
  1.47818482e+00 1.15144970e-02 1.25278080e+00 2.25629527e-04
  7.46106267e-01 1.46444225e+00 7.63096452e-01 1.63572216e+00
  5.26851527e-02 1.67031456e-02 1.62230718e+00 3.11554223e-01
  1.98381639e+00 1.20537508e+00 4.44465846e-01 6.15336537e-01
  1.28721781e-02 9.61194515e-01 2.36993842e-02 1.12588704e-02
  6.95537865e-01 1.23606333e-05 1.26603568e+00 1.42465210e+00
  1.71532905e+00 4.71380353e-03 2.73810327e-02 2.18909159e-02
  2.17661047e+00 2.70421416e-01]
 [1.75931203e+00 1.83914328e+00 4.79672924e-02 3.12833476e+00
  9.75406229e-01 1.48719788e-01 5.64040303e-01 1.92192411e+00
  1.65849686e+00 8.95545125e-01 1.10798791e-01 1.47467339e+00
  2.17465448e+00 3.86890948e-01 2.01586857e-02 1.20143640e+00
  2.62039423e-01 1.09425640e+00 2.54413243e-02 1.04512163e-01
  1.38138282e+00 8.91192630e-02 1.42977190e+00 1.98261421e-02
  1.24024503e-01 5.96380472e-01 1.99521387e+00 6.19398177e-01
  2.09477514e-01 5.24683436e-03 1.41750658e+00 7.29636252e-01
  1.52731955e+00 1.75988734e+00 4.59163710e-02 7.61122117e-03
  9.83608127e-01 1.23690116e+00 9.06603813e-01 7.65266046e-02
  5.44146121e-01 6.41093357e-03 1.99575448e+00 2.66167521e-01
  1.16681397e+00 4.37257811e-02 9.26260054e-01 2.25574464e-01
  1.28784513e+00 1.18528478e-01]
 [7.61997938e-01 1.13100219e+00 1.69832990e-01 5.58398604e-01
  1.63872018e-01 3.63937289e-01 1.44315612e+00 1.40264964e+00
  1.32760215e+00 1.04443860e+00 6.57125488e-02 1.02703094e+00
  2.12367654e+00 1.08823323e+00 5.01551270e-01 1.50438392e+00
  3.46712619e-01 1.44412351e+00 4.49824184e-01 1.47871763e-01
  8.45457196e-01 1.16145456e+00 1.17462981e+00 4.49133903e-01
  1.12167224e-01 8.64631653e-01 9.12738442e-01 1.10850143e+00
  1.16084795e-02 3.47318761e-02 8.61040056e-01 2.63179205e-02
  7.99095511e-01 1.48800802e+00 3.41198035e-02 8.16573739e-01
  2.19769701e-02 1.64402032e+00 1.27505437e-01 5.75295448e-01
  1.15609996e-01 6.97380960e-01 2.75703450e-03 7.73482859e-01
  1.20376265e+00 1.26381025e-01 2.81525683e-02 6.28583357e-02
  1.19355953e+00 4.19007778e-01]
 [6.92968220e-02 1.46983707e+00 8.10962319e-02 2.37989143e-01
  2.26343825e-01 3.95012230e-01 1.60238183e+00 1.89402997e+00
  1.79084516e+00 3.09406549e-01 5.89716423e-04 1.76495385e+00
  2.57707715e+00 1.56266963e+00 3.74621540e-01 1.41643858e+00
  4.48971689e-02 1.87846363e-01 8.80651642e-03 7.13535964e-01
  1.37918949e+00 1.66570079e+00 1.25750613e+00 2.25937134e-03
  6.94619358e-01 1.47359574e+00 1.24466121e+00 1.74575126e+00
  2.71352434e+00 3.63289728e-05 1.66841221e+00 7.97079325e-01
  1.83511090e+00 1.69487786e+00 4.20001671e-02 2.40301043e-01
  5.92011586e-02 1.62078607e+00 3.51262875e-02 3.27818537e+00
  7.29556561e-01 8.56420621e-02 1.47964060e+00 1.24020971e-01
  1.80067706e+00 6.92413654e-04 1.92758948e-01 1.58297308e-02
  2.03293204e+00 1.33147940e-01]
 [3.71006340e-01 8.56659532e-01 3.71355861e-02 1.36777067e+00
  3.36297452e-01 3.56921017e-01 1.20943677e+00 1.98721588e+00
  1.69666708e-01 1.07118022e+00 1.38863148e-02 1.13255417e+00
  7.27284968e-01 1.25512135e+00 1.37090012e-01 5.32968879e-01
  1.51803076e-01 1.49439013e+00 3.94011295e-04 4.77748215e-02
  1.45603967e+00 3.58864516e-01 1.27853453e+00 8.65582004e-02
  2.45077968e-01 1.45212054e+00 1.84815967e+00 1.83297053e-01
  6.33348674e-02 3.26935295e-03 9.72319424e-01 2.66362466e-02
  1.76972687e+00 1.16629708e+00 1.44853413e-01 7.87276864e-01
  1.14216216e-01 1.65781045e+00 6.24572873e-01 6.43079221e-01
  3.49710323e-02 2.72222728e-01 1.11776531e+00 1.73019320e-02
  2.76392698e-03 2.12843493e-01 5.01391947e-01 3.20790976e-01
  2.36321211e-01 2.51488149e-01]
 [5.98953485e-01 9.94096696e-01 8.78392532e-03 1.08793843e+00
  6.05162382e-02 1.29344508e-01 1.52583230e+00 1.50461173e+00
  1.03824091e+00 8.57881486e-01 8.11425820e-02 1.12839460e+00
  1.76072180e+00 1.07691669e+00 1.07713193e-01 9.76192832e-01
  1.00482441e-01 9.39285338e-01 1.91951990e-01 9.72046614e-01
  1.50574696e+00 1.84691846e+00 1.30062997e+00 1.17182083e-01
  3.71867210e-01 7.36949801e-01 7.86287785e-01 1.08209240e+00
  4.34161127e-02 3.44851497e-03 1.07575858e+00 5.30610323e-01
  1.13805664e+00 1.04852462e+00 2.26260512e-03 1.40128329e-01
  4.28683877e-01 1.46790421e+00 3.29128206e-01 2.55863452e+00
  7.68082798e-01 1.89988211e-01 1.36331213e+00 4.50619322e-04
  9.36181426e-01 2.17895174e+00 2.55732499e-02 4.52914685e-02
  1.45881951e+00 1.33029652e+00]
 [2.76736528e-01 1.31159723e+00 1.59108415e-01 1.13970006e+00
  2.49393508e-01 2.53335446e-01 8.72338235e-01 1.15277040e+00
  1.05448532e+00 2.76154131e-01 3.37119512e-02 6.09072864e-01
  9.40020829e-02 5.23290396e-01 6.00780249e-02 1.07581496e+00
  2.75797486e-01 3.30039859e-01 8.41509085e-03 4.06474799e-01
  1.28927732e+00 1.98962316e-02 8.88510406e-01 2.38098800e-01
  1.06819212e+00 8.90701115e-01 6.35024831e-02 1.01598620e+00
  1.74910843e-01 1.83022339e-02 7.85324574e-01 3.82127911e-01
  1.12032545e+00 7.61937022e-01 4.66821417e-02 1.18762694e-01
  2.23822862e-01 8.06651413e-01 6.09386079e-02 4.68133725e-02
  3.41914862e-01 1.83437590e-03 1.19689858e+00 1.14361954e+00
  6.98228776e-01 2.28163350e-04 4.90708542e+00 6.38150796e-02
  1.60319614e+00 2.34054595e-01]
 [6.00836992e-01 1.13824415e+00 1.87929943e-01 5.42793095e-01
  2.46327579e-01 2.44317085e-01 4.96965826e-01 1.23443055e+00
  1.04547369e+00 1.02761483e+00 4.68815230e-02 7.84198284e-01
  3.70877399e-03 7.70356834e-01 8.91355336e-01 3.87757574e-03
  8.74629989e-02 7.02102125e-01 4.40231152e-02 6.74997792e-02
  1.00917768e+00 3.60669680e-02 5.48976123e-01 2.53717750e-02
  3.12800169e-01 1.20592093e+00 2.91114390e-01 6.73642576e-01
  1.17653862e-01 4.74312417e-02 1.08602476e+00 2.13254631e-01
  8.39527607e-01 5.34361243e-01 2.79547185e-01 2.63511270e-01
  1.70822963e-02 1.13714623e+00 2.83393674e-02 7.78192431e-02
  2.11456031e-01 4.99257166e-03 9.37074900e-01 5.55905819e-01
  1.05762899e+00 2.01880410e-02 1.71625823e-01 4.73852253e+00
  2.05334634e-01 2.38863319e-01]
 [6.22525215e-01 9.69448447e-01 1.13765700e-02 1.13907039e+00
  6.80280089e-01 7.25194037e-01 1.70010269e+00 1.19971859e+00
  1.39996982e+00 1.20105076e+00 2.47607753e-03 1.28039587e+00
  1.22171140e+00 1.26125813e+00 1.77077308e-01 1.69391894e+00
  1.66011192e-02 1.62156200e+00 6.47272229e-01 9.16100025e-01
  1.49919343e+00 1.25678408e+00 1.60721183e+00 6.59847707e-02
  7.51431763e-01 1.39291787e+00 1.48785245e+00 1.15695667e+00
  7.29868233e-01 3.35348770e-02 1.13952768e+00 1.30838165e-02
  1.28017652e+00 1.00193739e+00 1.06979758e-01 1.60135567e-01
  5.75732775e-02 1.03492963e+00 3.87257040e-01 2.58443564e-01
  4.04152364e-01 4.84116733e-01 1.05020177e+00 2.66113901e-04
  1.39794540e+00 3.77266668e-02 4.63792495e-02 1.68135583e-01
  4.56093985e-04 5.15309684e-02]
 [1.20579280e-01 9.72480714e-01 4.74035501e-01 9.39506292e-01
  2.40279838e-01 1.62162855e-01 1.41312802e+00 1.41270518e+00
  1.15909803e+00 1.08286786e+00 6.06139824e-02 9.91291165e-01
  2.22914249e-01 6.88377857e-01 2.74508953e-01 1.46741354e+00
  7.74379969e-02 8.78290117e-01 4.53824610e-01 1.47930801e+00
  9.87201989e-01 1.69899178e+00 7.15040505e-01 7.08388269e-01
  1.19641948e+00 6.57497883e-01 6.47601008e-01 1.11744392e+00
  2.42388751e-02 3.62269096e-02 5.71546078e-01 4.24591489e-02
  9.35047746e-01 1.03236222e+00 9.19926703e-01 1.36845052e-01
  1.05075210e-01 6.76659584e-01 1.25718027e-01 1.72380393e-03
  1.01962954e-01 1.38807977e-02 6.28858149e-01 8.55797946e-01
  1.25846004e+00 6.55708864e-05 4.64086607e-02 1.72074772e-02
  7.81982899e-01 3.20477343e+00]]
x0 : [5.90682449e+01 5.79984970e-02 3.27994633e+00 5.76993561e+01
 9.14715156e-02 6.79600191e+00 5.91745224e+01 8.42621259e-04
 4.68333864e+00 5.69030609e+01 5.58678322e-02 5.52279997e+00
 6.65304794e+01 3.50597501e-02 4.70309305e+00 6.85677643e+01
 1.51080312e-02 4.66186237e+00 5.74180489e+01 6.27241563e-04
 6.66801214e+00 5.94187737e+01 4.18365672e-02 5.55032015e+00
 5.95098457e+01 3.91904585e-04 6.64416790e+00 5.68586693e+01
 3.10780270e-05 5.28400660e+00 5.87588997e+01 2.25440040e-03
 6.47350550e+00 5.88761940e+01 1.41501129e-02 5.74761534e+00
 5.97132378e+01 3.72316614e-02 5.49862480e+00 5.70589218e+01
 2.41909921e-02 6.09177113e+00 5.83495255e+01 3.01067979e-04
 4.92320490e+00 6.10989799e+01 2.40484271e-02 5.84858608e+00
 6.41869507e+01 4.45278138e-02 5.06187248e+00 5.85570526e+01
 7.57105574e-02 5.93050432e+00 5.92032623e+01 3.85815045e-03
 5.40831852e+00 6.45614395e+01 5.07112816e-02 5.37173748e+00
 6.13148727e+01 6.19032327e-03 6.65889978e+00 6.65351791e+01
 1.13558825e-02 5.19438887e+00 5.78321457e+01 2.25686301e-02
 5.31208992e+00 6.30888519e+01 3.43862884e-02 5.50915718e+00
 6.20790138e+01 6.88742995e-02 6.68148327e+00 5.73142090e+01
 4.54804115e-02 6.55101442e+00 5.81355286e+01 2.20237616e-02
 5.74085903e+00 5.87036743e+01 1.12682749e-02 5.79897976e+00
 5.92123604e+01 1.97839388e-03 6.12480068e+00 6.15924988e+01
 5.67200296e-02 3.39519525e+00 5.84689331e+01 8.86280313e-02
 5.93792009e+00 6.24913368e+01 5.73826874e-05 6.33125305e+00
 5.73560905e+01 1.31176440e-02 5.93176556e+00 5.78454094e+01
 6.07389047e-05 5.82172060e+00 5.80804596e+01 1.72424142e-03
 5.02342415e+00 6.48964615e+01 7.06527149e-03 3.45159674e+00
 6.39460793e+01 8.56401399e-02 5.86592770e+00 5.79262543e+01
 4.91438732e-02 6.27439260e+00 6.10527725e+01 1.00074168e-02
 4.94941282e+00 6.11664848e+01 1.14180921e-02 5.74048328e+00
 6.10284348e+01 7.77734220e-02 6.74596119e+00 5.79899940e+01
 4.27353109e-04 2.00306702e+00 5.67468491e+01 6.67411759e-02
 5.93772840e+00 5.83086014e+01 9.75555032e-02 6.27400923e+00
 5.83895187e+01 1.25424350e-02 6.89515686e+00 6.32448692e+01
 9.80137475e-03 3.71027231e+00 6.42920074e+01 1.96242239e-02
 4.74839592e+00 6.88553696e+01 2.44476162e-02 2.79095030e+00
 6.14032631e+01 6.61109388e-03 6.74987173e+00 6.89449921e+01
 3.35323103e-02 4.40012360e+00]
nUIV_to_SIR : {'slope': array([11.383127], dtype=float32), 'threshold': array([1.0079312], dtype=float32)}
