SIR MODEL PARAMETERS
beta : 67.5
gamma : 0.75
x0 : [0.99 0.01 0.  ]
num_hosts : 50
NUIV MODEL PARAMETERS
beta : [6.73587918e-02 4.42228198e-01 4.51269150e-02 1.89422833e-09
 1.86911388e-03 9.41787584e-05 2.09152859e-07 2.03137042e-05
 2.06843242e-06 1.18929675e-08 8.38992710e-05 5.98504243e-07
 9.56517688e-05 3.21463984e-03 6.44225656e-05 8.76940405e-08
 5.25301004e-07 5.72766934e-04 3.67771900e-05 2.61862791e-04
 8.45507770e-08 1.14106581e-01 1.45172962e-04 5.63243928e-04
 9.41327698e-07 1.12159626e-06 5.39266523e-07 1.17699010e-03
 4.83280601e-05 5.54644279e-02 1.37347346e-02 1.74333170e-08
 3.82750266e-04 3.77466495e-05 4.97467481e-02 6.39033360e-08
 9.58961376e-04 4.58491296e-01 1.11409211e-08 7.54180655e-04
 4.14768583e-04 3.64170372e-02 7.40132748e-07 1.32058528e-06
 1.51034212e-04 3.26469466e-02 5.28973565e-02 1.17219967e-08
 4.70799208e-03 3.65492590e-02]
delta : [0.06622114 1.8949836  0.14918348 0.5641388  2.5722144  0.55672455
 2.791531   2.4845736  2.7638085  0.19112152 0.17506635 0.0311693
 0.2237163  2.5095382  0.21554816 2.173729   2.5298347  2.195526
 0.10986682 0.40823516 0.29651913 2.3980334  2.140381   0.26544014
 2.3223846  0.65486664 2.3704302  1.0878271  1.9027388  0.12914611
 2.2456663  1.624522   1.2934613  0.35828903 0.30711126 0.08152301
 2.3059964  2.4359257  3.066144   0.36146456 1.8753687  0.40799814
 2.2583394  2.2440884  2.6710436  0.1717166  2.6756237  2.0363884
 2.9825966  2.0948646 ]
p : [3.93294024e+00 1.07853459e-02 1.41570866e+00 2.04042315e+00
 1.12622213e-02 1.07616722e-03 5.63791335e-01 3.03583853e-02
 9.12078306e-08 8.81635725e-01 1.23213840e+00 2.31726542e-01
 1.18258826e-01 2.64171243e-01 6.59503877e-01 8.72634947e-02
 2.58914791e-02 3.50801460e-02 6.77836239e-01 3.93347517e-02
 5.82322776e-02 7.60957226e-02 5.67048276e-03 7.41067708e-01
 1.74148038e-01 8.50455642e-01 5.66262243e-05 1.05755925e-01
 3.03852499e-01 3.40083241e+00 9.55239087e-02 9.66177831e-05
 9.24715549e-02 2.38227025e-02 2.71110702e+00 6.91371322e-01
 1.07918240e-01 9.55382735e-03 1.77672997e-01 1.14594781e+00
 3.63611965e-03 2.54492235e+00 1.23783328e-01 4.99440253e-01
 8.56968910e-02 3.01358366e+00 6.74784678e-05 1.85500845e-01
 4.40184265e-01 9.27084237e-02]
c : [8.2320051e-10 1.7834460e+00 1.5333381e+00 1.9112067e-08 1.8628124e+00
 1.7479066e+00 1.6791072e+00 2.0401084e+00 1.7923808e+00 1.7295637e+00
 1.6665133e+00 1.9660074e+00 1.3508468e+00 1.9991770e+00 1.8733332e+00
 1.7830321e+00 1.9083555e+00 1.9789065e+00 1.3837023e+00 4.8815697e-01
 1.7633011e+00 2.1400955e+00 2.2492018e+00 1.6944064e+00 1.7878627e+00
 2.4253144e-03 1.9539944e+00 1.8602306e+00 1.9015994e+00 3.0250873e-09
 1.8106204e+00 1.8899930e+00 1.7029623e+00 1.3297260e+00 4.2093713e-08
 5.9604323e-01 1.9061264e+00 1.9680150e+00 2.1054716e+00 1.0443835e+00
 2.1057723e+00 2.3621674e-07 1.8113773e+00 1.8255349e+00 1.3493776e+00
 7.0424562e-08 2.0100632e+00 2.2965031e+00 1.0047177e+00 2.2024710e+00]
t : [[5.25051296e-01 2.75163181e-09 1.13267751e-08 3.12599063e+00
  2.76149836e-09 5.46763879e-09 1.03089421e-08 1.47614720e-09
  1.19931176e-08 3.53610687e-08 7.19858528e-09 2.52511168e-08
  1.20183614e-08 2.53472621e-07 2.56614530e-09 2.45915932e-09
  2.92902129e-08 5.73103343e-08 1.59916510e-07 2.70218010e-07
  7.89841881e-09 1.62668412e-09 7.42356593e-11 4.92880670e-09
  2.80340373e-07 1.78987219e-03 7.50253477e-08 5.06426845e-10
  2.33477291e-08 6.63763378e-03 4.43891457e-09 6.19028029e-09
  2.56905741e-09 3.21760808e-07 9.41985607e+00 3.44661225e-06
  3.30478400e-08 1.05140541e-09 9.29133159e-10 3.74509268e-09
  1.23820720e-09 1.08306818e+01 2.16853269e-09 1.96047241e-11
  2.96166025e-08 2.06293392e+00 8.09410941e-11 1.27181306e-06
  1.57610653e-08 1.51873934e-07]
 [3.73126507e+00 1.09244478e+00 1.84861481e+00 3.28991383e-01
  1.75767560e-02 4.28140797e-02 9.52486694e-01 1.17765866e-01
  7.66112208e-01 7.20743895e-01 2.63177872e-01 2.72715420e-01
  2.20488334e+00 7.75070071e-01 2.61944652e-01 7.13121355e-01
  1.23823117e-02 1.44894695e+00 2.57124543e+00 2.54671884e+00
  8.61380756e-01 7.56210983e-01 7.87697673e-01 7.26722836e-01
  7.33996391e-01 3.32847536e-01 1.13650572e+00 3.61796558e-01
  1.04696937e-01 4.38220939e-03 3.02824765e-01 6.29663914e-02
  9.26417470e-01 3.13907683e-01 9.29757178e-01 5.20069778e-01
  3.26917954e-02 4.30582166e-01 3.33138168e-01 1.06254911e+00
  3.11229262e-03 7.71886349e-01 1.06408226e+00 1.42204487e+00
  9.88966644e-01 1.23409438e+00 4.65715043e-02 6.67747632e-02
  1.67292655e+00 4.27925646e-01]
 [5.17498970e+00 2.24270467e-02 1.37413633e+00 1.07458150e+00
  3.78093570e-02 2.33879238e-02 1.68824457e-02 4.26744409e-02
  8.28506723e-02 1.93106546e-03 3.22795510e-02 2.95764858e-06
  6.93502963e-01 4.31921726e-05 1.50780082e-01 5.51917814e-02
  7.06377923e-02 1.06748626e-01 6.69227421e-01 1.97116864e+00
  3.03319067e-01 1.01905197e-01 9.24720988e-02 2.09537834e-01
  1.34309858e-01 1.30993295e+00 5.98592758e-01 9.71179828e-02
  5.21838013e-03 1.81464723e-03 1.48375690e-01 9.81687626e-05
  2.79018313e-01 5.93519747e-01 1.17543614e+00 1.39970868e-03
  2.92844679e-02 3.53067145e-02 1.40644517e-02 5.45982830e-02
  2.16435030e-04 1.80374622e+00 1.58755016e-02 3.46647471e-01
  2.58780360e-01 2.13906097e+00 5.66525161e-02 1.52804777e-01
  1.16094992e-01 7.19044581e-02]
 [3.60999680e+00 1.10113434e-03 1.94417879e-01 6.58629648e-03
  4.46885750e-02 5.58101945e-02 3.42422277e-02 2.14546680e-01
  4.11637276e-01 7.33913407e-02 2.90522847e-04 5.49994700e-04
  6.34568036e-01 1.56792987e-03 3.62958431e-01 4.18659598e-02
  2.34237015e-02 1.01683445e-01 5.49387783e-02 2.64300674e-01
  4.23460722e-01 1.29438028e-01 6.83438193e-05 5.74916422e-01
  6.65191472e-01 1.79143584e+00 1.70967206e-01 4.09072090e-04
  3.12088872e-03 1.29797947e+00 2.26479024e-01 3.97386437e-04
  4.22392003e-02 6.57764196e-01 4.25429392e+00 2.50980374e-03
  2.37503331e-02 1.54502006e-04 1.33596109e-02 3.06292437e-02
  3.01817479e-03 4.87944460e+00 2.03724414e-01 2.02067406e-03
  7.71828403e-04 2.06994462e+00 7.71321431e-02 1.81280464e-01
  8.02694738e-01 4.30368520e-02]
 [1.43614149e+00 6.32378221e-01 1.22466862e+00 2.28045997e-03
  3.58779716e+00 1.53704528e-02 1.04601228e+00 6.62381470e-01
  2.98489064e-01 8.04802358e-01 2.13805413e+00 1.30501792e-01
  8.38859260e-01 7.70469308e-01 5.92236161e-01 4.24122840e-01
  3.31251584e-02 5.77792645e-01 8.82431090e-01 1.02097285e+00
  7.01461732e-01 6.77555263e-01 1.00081956e+00 5.77255428e-01
  8.49822938e-01 5.53271413e-01 1.09908366e+00 5.51826954e-01
  9.89571869e-01 2.79165000e-01 7.54853070e-01 2.02818494e-03
  7.48702705e-01 2.79522598e-01 5.72003782e-01 4.87227410e-01
  2.18547434e-02 4.72337574e-01 2.81095296e-01 1.04397202e+00
  9.08589184e-01 7.76376903e-01 9.14148152e-01 6.26580596e-01
  6.91965103e-01 1.13407731e+00 1.20343221e-02 9.28945243e-02
  6.68022990e-01 2.09635749e-01]
 [2.00520015e+00 9.37333047e-01 7.12200522e-01 1.49252504e-01
  2.37898082e-01 3.53551078e+00 5.98460913e-01 5.11251748e-01
  2.32200101e-01 1.48465708e-02 1.00937888e-01 2.55498201e-01
  1.09281063e+00 1.64384786e-02 4.13851619e-01 4.23494935e-01
  2.43616104e-02 9.71764684e-01 3.00862265e+00 1.71467400e+00
  1.03849494e+00 9.81902331e-03 4.97128516e-01 7.81808853e-01
  1.23373711e+00 1.08323431e+00 1.05608559e+00 9.12817478e-01
  1.04819417e-01 2.88299453e-02 2.16620311e-01 1.08684793e-01
  8.72360826e-01 9.58190501e-01 8.12351286e-01 4.84070331e-02
  2.35724643e-01 8.63332570e-01 1.71345636e-01 1.09064609e-01
  1.48572862e-01 7.17914164e-01 1.09326029e+00 9.25334156e-01
  9.24454391e-01 3.36827707e+00 3.23169120e-02 5.68766855e-02
  8.41121495e-01 2.45648324e-01]
 [4.16003990e+00 5.46080805e-02 1.46553367e-01 5.76777995e-01
  5.05109616e-02 8.35050493e-02 1.81612146e+00 2.98533827e-01
  3.60446312e-02 4.21218395e-01 9.25518334e-01 3.50645691e-01
  7.83230126e-01 1.66565344e-01 4.20667492e-02 5.93962312e-01
  9.92883220e-02 1.07577629e-01 8.99262726e-01 9.67318714e-01
  5.99830449e-01 3.50042105e-01 7.86490977e-01 1.05261910e+00
  7.84604371e-01 9.23847020e-01 5.66936076e-01 1.10795815e-03
  4.32348315e-06 3.29579561e-05 2.60667573e-03 5.33605016e-05
  2.43318573e-01 1.15412943e-01 8.73454750e-01 1.46801416e-02
  8.34585056e-02 2.74039537e-01 2.09983494e-02 7.61575997e-01
  6.04240298e-02 1.32126808e+00 5.74473217e-02 2.86180198e-01
  9.10896182e-01 3.09634471e+00 1.42416328e-01 3.38371061e-02
  6.93943739e-01 5.08989170e-02]
 [2.04548526e+00 7.90158987e-01 1.43714619e+00 7.37090129e-04
  5.78164868e-02 1.17166638e-01 8.59044015e-01 6.21614099e-01
  1.03219604e+00 8.12027335e-01 2.18574509e-01 9.76019084e-01
  1.41608000e+00 1.23301589e+00 5.10939717e-01 6.00218948e-04
  1.82938546e-01 1.11299694e+00 9.63304639e-01 1.36858475e+00
  1.11367953e+00 3.46436715e+00 1.28261793e+00 1.59670484e+00
  1.25829470e+00 4.83426571e-01 1.46896112e+00 1.93245038e-01
  1.62272871e-01 3.14287357e-02 7.58238912e-01 1.74861848e-01
  9.51944709e-01 7.42357194e-01 1.50418624e-01 1.16837823e+00
  1.43187433e-01 6.67810857e-01 1.52277008e-01 1.60212480e-02
  4.45569046e-02 5.66721082e-01 1.10901535e+00 1.25518870e+00
  1.04249096e+00 1.33052611e+00 1.50300145e-01 1.03564292e-01
  1.16913807e+00 8.80636275e-02]
 [4.66994286e+00 7.96859339e-02 2.00054070e-04 1.89175880e+00
  1.12491913e-01 1.17492996e-01 9.49138775e-03 7.25547131e-03
  1.88695705e+00 3.05053562e-01 4.44123223e-02 2.72846576e-02
  1.03506586e-02 3.17462981e-02 1.38988197e-01 3.77795310e-04
  1.19816780e-01 4.00482938e-02 6.99747205e-02 8.20661604e-01
  1.94882095e-01 9.67370637e-04 6.30263805e-01 1.62209585e-01
  6.48493245e-02 1.74320900e+00 3.12174932e-04 4.34790581e-01
  6.83878316e-04 2.84243106e-05 1.01103215e-03 3.47292125e-02
  2.94779658e-01 4.74706054e-01 1.28752315e+00 1.40580873e-04
  5.05786911e-02 2.63791442e-01 5.93926869e-02 9.98498872e-04
  1.56980590e-03 1.76435876e+00 2.51448364e-03 6.89975265e-03
  6.26530528e-01 3.84383750e+00 1.21270843e-01 1.85841188e-01
  6.02156639e-01 1.92420423e-01]
 [2.75462246e+00 2.36502141e-01 1.32393014e+00 7.35250175e-01
  1.12503923e-01 2.40327157e-02 7.08880424e-01 8.06964099e-01
  8.03171039e-01 6.12371981e-01 7.94192031e-03 2.50752773e-02
  2.97754556e-01 2.61390597e-01 2.44935825e-01 6.16446495e-01
  1.91623166e-01 1.08619168e-01 1.61579990e+00 1.63984370e+00
  1.91808734e-02 5.61594248e-01 7.26767778e-01 1.27781153e+00
  7.39018142e-01 3.57736379e-01 1.05830359e+00 6.40357912e-01
  8.37436119e-07 1.14330202e-01 5.18212855e-01 1.13255367e-01
  6.85302615e-02 9.41776633e-01 1.49570429e+00 3.25064245e-03
  2.30933368e-01 4.42794949e-01 6.61876127e-02 5.57421863e-01
  3.85393873e-02 8.60406637e-01 5.40821671e-01 6.08080149e-01
  5.84641937e-03 1.27747738e+00 6.95784390e-02 2.47392982e-01
  8.65357935e-01 4.38713096e-02]
 [5.35599709e+00 8.07961449e-02 3.14678133e-01 2.04843149e-01
  1.03610635e-01 1.18962638e-02 4.59997445e-01 8.01362172e-02
  4.04640049e-01 1.44027084e-01 4.33462000e+00 2.96164870e-01
  2.20926142e+00 3.84872198e-01 3.76322083e-02 7.00106144e-01
  4.02735882e-02 4.71187353e-01 3.38397455e+00 1.39991009e+00
  1.79897776e-04 1.05341949e-01 1.66095849e-02 1.60991395e+00
  2.87427567e-02 7.11909235e-01 8.26112270e-01 5.51503241e-01
  1.10352921e-05 1.01532172e-02 5.11949509e-02 3.79164028e-03
  2.99906265e-02 7.71478534e-01 9.04474080e-01 5.26717864e-02
  2.69949492e-02 1.20890222e-03 5.99841494e-03 2.26336196e-01
  1.57710692e-05 8.64814520e-01 4.55891162e-01 5.96733034e-01
  5.46039045e-01 2.92882514e+00 1.02014236e-01 6.59739152e-02
  1.79884744e+00 6.64444044e-02]
 [1.91777861e+00 8.67671192e-01 1.00676465e+00 8.85469615e-01
  2.38042846e-01 5.95610850e-02 9.36450243e-01 3.93878102e-01
  4.56485838e-01 2.21778110e-01 3.14643383e-02 9.22474980e-01
  9.62584972e-01 2.63488710e-01 3.35086253e-04 4.45852339e-01
  1.41068444e-01 8.05359542e-01 9.78712142e-01 8.47335994e-01
  2.66612321e-01 5.39107859e-01 3.43085438e-01 7.25820839e-01
  1.04759562e+00 1.04231429e+00 6.58940017e-01 4.64035988e-01
  9.70612518e-07 3.49094793e-02 1.36749566e-01 1.11240320e-01
  8.33381772e-01 9.26798999e-01 1.20052743e+00 8.08192730e-01
  1.16011634e-01 3.75722796e-02 3.27802859e-02 3.66923571e-01
  9.91591439e-02 1.55175984e+00 8.04994881e-01 4.16575745e-02
  3.27052921e-01 2.36385417e+00 1.60078913e-01 1.52478367e-01
  7.26539552e-01 3.36740687e-02]
 [5.20338345e+00 2.61341911e-02 3.02024782e-01 1.20063746e+00
  4.05995585e-02 1.60613880e-01 1.40189445e-02 2.40582675e-02
  7.07017491e-03 1.19298054e-02 1.59664918e-02 1.84560135e-01
  2.22513986e+00 1.85997691e-02 3.97843122e-03 2.79243011e-02
  1.33013368e-01 2.92846441e-01 1.36142209e-01 1.45360136e+00
  4.59680334e-02 1.61040236e-06 3.24578583e-03 6.01772103e-04
  4.51837061e-03 1.53924394e+00 2.00060189e-01 1.22394631e-04
  4.81853494e-04 6.42570674e-01 2.73575008e-01 3.25845368e-02
  2.32344970e-01 1.78761527e-01 1.38376617e+00 7.57009462e-02
  8.20541978e-02 1.97676122e-01 6.79833964e-02 4.29562572e-03
  2.62241490e-04 2.63319778e+00 8.79440643e-03 7.68220518e-03
  7.12997973e-01 2.38462114e+00 5.28925322e-02 2.75574982e-01
  1.79770961e-01 1.88973740e-01]
 [2.89404535e+00 8.83879419e-03 2.70619899e-01 1.33645368e+00
  8.62783045e-02 2.78713077e-01 6.43792570e-01 9.69177112e-03
  5.68247497e-01 1.39675867e-02 3.32485214e-02 1.67658284e-01
  9.75899935e-01 1.15464628e+00 3.88842106e-01 1.84093922e-01
  1.61192194e-01 8.69754672e-01 9.08965230e-01 8.19338262e-01
  3.94455165e-01 1.94373250e-01 9.39297020e-01 2.46915668e-01
  7.41998494e-01 1.08030772e+00 1.20026124e+00 4.43892539e-01
  4.20981996e-05 1.02602532e-02 3.38474631e-01 4.78917360e-02
  1.84157360e-02 9.14030448e-02 1.42841005e+00 1.05269067e-01
  6.16163015e-02 8.20566058e-01 1.35840774e-01 9.44317222e-01
  9.11912601e-03 1.72636330e+00 6.74561784e-02 7.27916479e-01
  6.20970011e-01 2.33133268e+00 1.87808111e-01 6.26033843e-02
  3.44790459e-01 1.70689091e-01]
 [2.20863652e+00 1.34437695e-01 2.21812749e+00 1.60946269e-02
  5.70349209e-02 1.35163981e-02 1.41450953e+00 9.12827849e-01
  3.68926734e-01 7.42439866e-01 1.37934470e+00 7.91119635e-01
  2.44753528e+00 4.40892786e-01 8.26131523e-01 8.11606944e-02
  8.74178261e-02 1.45724738e+00 2.53008723e+00 1.27516282e+00
  9.74112749e-01 3.01782012e+00 1.59429133e+00 2.14681506e+00
  1.21948671e+00 1.13669284e-01 1.95498836e+00 4.01435584e-01
  9.38653797e-02 1.49905530e-03 2.36175120e-01 5.74473143e-02
  1.12213862e+00 2.53678948e-01 3.40615451e-01 2.08247347e-05
  7.11056471e-01 1.00962317e+00 3.92849535e-01 1.67576885e+00
  2.79912120e-03 2.07630917e-01 1.19858682e+00 1.16974556e+00
  1.20506144e+00 3.05741541e-02 3.64566237e-01 8.11709166e-02
  1.49222541e+00 2.76942179e-02]
 [5.79768562e+00 7.72980526e-02 5.67026198e-01 5.85406482e-01
  1.47189066e-01 4.50360365e-02 9.35671404e-02 4.03473228e-02
  3.55858505e-01 6.95423931e-02 3.21731679e-02 4.47161309e-02
  4.43853298e-03 1.91536054e-01 5.87223545e-02 7.34073067e+00
  8.77229720e-02 4.61523487e-05 1.80192627e-02 3.27195555e-01
  2.17885082e-03 2.20612902e-03 5.50193071e-01 4.32453901e-02
  6.71128407e-02 1.56991351e+00 1.08880691e-01 1.81689145e-04
  2.30131648e-03 1.21923232e+00 7.59264221e-03 3.46273929e-02
  1.32896937e-04 8.77191573e-02 8.77375245e-01 1.07253179e-01
  1.81393456e-02 6.84228465e-02 2.71803308e-02 1.88965779e-02
  7.40420306e-03 1.31275058e+00 4.57442135e-01 1.87759385e-01
  3.04381773e-02 3.09607410e+00 1.51367143e-01 2.46481046e-01
  5.39175749e-01 1.14856504e-01]
 [1.52602661e+00 1.20298350e+00 1.32119358e+00 8.62801731e-01
  2.81393111e-01 3.21843177e-01 8.82446170e-01 1.02008092e+00
  9.77597415e-01 4.27986175e-01 3.30184937e-01 3.90653253e-01
  1.09664154e+00 1.21905839e+00 9.13321674e-01 4.99201447e-01
  3.38430166e+00 9.85788524e-01 1.42622900e+00 1.13797724e+00
  9.85636115e-01 2.81931281e+00 8.11154485e-01 1.03925776e+00
  1.07013702e+00 5.94045877e-01 9.42200243e-01 5.74414730e-01
  2.63291836e-01 4.79390435e-02 1.16329658e+00 3.21316898e-01
  1.75010964e-01 1.03588915e+00 6.63579166e-01 2.94973850e-01
  2.39486024e-02 5.31103551e-01 2.65318085e-03 3.79412144e-01
  1.38344362e-01 7.24742532e-01 5.14428675e-01 7.19910681e-01
  1.18478823e+00 1.15637541e+00 2.46804267e-01 9.43230540e-02
  8.88444901e-01 1.91929676e-02]
 [4.27086830e+00 2.70598203e-01 9.61788177e-01 1.57782781e+00
  4.60751615e-02 1.18629009e-01 3.30292396e-02 4.41858508e-02
  4.09544073e-02 4.04305935e-01 1.47224392e-03 9.81270000e-02
  6.66457295e-01 4.12988156e-01 1.33856712e-02 4.88828570e-02
  2.40094773e-02 1.20835865e+00 8.50661218e-01 1.36853147e+00
  3.81542295e-01 3.76780361e-01 5.25190771e-01 3.99432480e-01
  6.27811551e-01 1.70388436e+00 4.52957213e-01 3.52175564e-01
  2.16266885e-02 3.51854086e-01 7.18632415e-02 2.07857117e-02
  4.14569557e-01 6.27297699e-01 2.29709411e+00 3.21859225e-05
  1.28552005e-01 2.43376732e-01 1.15067467e-01 5.30576333e-04
  6.04524044e-03 1.97146714e+00 1.16904832e-01 1.09788217e-01
  6.95294857e-01 2.88334966e+00 6.09496720e-02 8.15353617e-02
  8.14312756e-01 8.59945789e-02]
 [4.86335993e+00 1.30808830e-01 9.67559367e-02 7.50778258e-01
  5.61049916e-02 1.09310389e-01 1.53912827e-02 4.37540375e-03
  1.07115462e-01 5.93071058e-03 1.88483242e-02 4.19267379e-02
  1.03226222e-01 1.47916004e-02 7.30103180e-02 1.73362903e-02
  9.22770873e-02 5.32824397e-01 3.02711129e+00 1.24326491e+00
  5.02385870e-02 4.03959966e-05 4.11884576e-01 4.56464827e-01
  6.59041907e-05 1.81582713e+00 1.24228802e-02 1.31898960e-02
  6.68013142e-03 5.56841586e-03 2.84436122e-02 1.46306716e-02
  1.13096014e-01 1.63304899e-02 1.31846762e+00 5.92154637e-02
  2.13828366e-02 1.16558326e-02 3.10095102e-02 5.17341541e-03
  6.16844464e-03 1.46385777e+00 2.56711602e-01 4.31394279e-01
  5.09022236e-01 3.55966139e+00 6.99399561e-02 1.34696975e-01
  5.28192878e-01 1.52048275e-01]
 [6.22966385e+00 2.29152647e-05 1.46794528e-01 1.44899487e+00
  3.71935517e-02 5.48005290e-02 1.79117188e-01 3.01421098e-02
  1.01649195e-01 7.06357136e-02 4.40228541e-06 4.33378991e-05
  2.39913240e-01 1.84155777e-02 2.35349443e-02 1.49350181e-01
  6.04097396e-02 1.59539208e-01 2.44281501e-01 9.92301106e-01
  1.86760679e-01 1.60145368e-02 5.48924208e-02 3.52005303e-01
  2.60183448e-03 6.63773954e-01 2.50264049e-01 1.23924925e-03
  2.44557654e-08 7.29551435e-01 2.73764022e-02 1.89498041e-06
  1.99912698e-03 8.95644277e-02 6.98613942e-01 1.80092733e-03
  7.63995387e-03 5.70903358e-04 6.10452773e-08 8.07255507e-03
  1.47300710e-07 1.56061971e+00 5.56505099e-02 5.69459167e-04
  1.96955293e-01 7.51142740e+00 4.32955548e-02 1.21371813e-04
  6.69546127e-01 1.05523512e-01]
 [3.57948160e+00 2.94152319e-01 3.61888349e-01 1.25806260e+00
  7.27289692e-02 1.58955246e-01 5.28723478e-01 5.29766493e-02
  1.77205399e-01 5.09208906e-03 3.29592917e-03 4.46144432e-01
  8.99399519e-01 5.96777737e-01 5.84514618e-01 1.11617319e-01
  1.79086268e-01 2.03175053e-01 1.01777995e+00 6.29039109e-01
  1.44862986e+00 9.77963507e-02 6.18546605e-01 9.07917857e-01
  5.37987709e-01 9.96640384e-01 4.85242546e-01 7.01959990e-03
  2.26180255e-02 8.08156073e-01 1.13076635e-01 1.84573664e-03
  5.91073990e-01 4.78637367e-01 9.27283704e-01 6.84084545e-04
  8.26137885e-02 5.26580075e-03 3.88313532e-02 2.07502558e-03
  1.46961911e-05 1.99225509e+00 8.17502439e-01 8.64450753e-01
  8.12381923e-01 3.53574967e+00 6.28227443e-02 3.88415419e-02
  5.44036746e-01 2.38065004e-01]
 [3.18472481e+00 2.93213904e-01 9.61830258e-01 9.95197237e-01
  1.42326862e-01 2.47244179e-01 7.98988104e-01 4.47742105e-01
  5.25675774e-01 2.09176857e-02 1.80667788e-02 2.06178397e-01
  1.18499887e+00 8.42423379e-01 2.19545439e-01 6.03763461e-01
  2.00697631e-01 1.24626434e+00 1.26932704e+00 1.00958228e+00
  1.73031166e-01 8.05432200e-01 1.20648730e+00 1.14028752e+00
  4.99961197e-01 7.72664666e-01 6.87077165e-01 2.36665085e-02
  1.87537037e-02 1.43289356e-03 1.36692405e-01 6.76179901e-02
  5.16207516e-01 9.25759435e-01 1.54317784e+00 1.60178337e-02
  1.98601946e-01 3.28869820e-01 1.41524658e-01 7.96528235e-02
  1.11965656e-01 1.65687370e+00 9.88075137e-02 6.85662806e-01
  7.38540649e-01 1.65077853e+00 1.33806795e-01 2.40610819e-02
  7.70263791e-01 2.57846713e-01]
 [3.92859626e+00 8.48332820e-06 1.30248964e+00 1.19135237e+00
  9.61068943e-02 2.88089961e-01 8.70242178e-01 4.00001667e-02
  5.26214540e-01 6.71100020e-01 5.51544689e-02 1.79593652e-01
  7.18814313e-01 4.18264568e-01 2.69678593e-01 4.32594687e-01
  1.22116610e-01 1.06341505e+00 2.51759887e-01 1.28746688e+00
  2.62073212e-04 1.19193816e+00 4.81003642e-01 4.64377522e-01
  6.55734479e-01 1.35868049e+00 7.16839671e-01 2.02149332e-01
  1.52492011e-03 3.86704922e-01 4.88973886e-01 8.24339986e-02
  5.24358869e-01 5.38925648e-01 1.31071270e+00 5.29616773e-02
  1.10947363e-01 4.27632630e-01 3.33533250e-02 5.11074066e-03
  1.60849448e-02 1.39602697e+00 4.74283814e-01 1.02679467e+00
  4.83903855e-01 2.23278761e+00 3.98108140e-02 2.36868382e-01
  7.48647630e-01 5.43101355e-02]
 [5.24146080e+00 6.84346305e-04 1.63887925e-02 2.50829434e+00
  7.57927299e-02 7.38771558e-02 4.16687503e-02 1.30537497e-02
  2.38706935e-02 1.27259895e-01 1.39548611e-05 7.35230697e-03
  2.16318876e-03 1.75111204e-01 1.12790301e-01 1.77163421e-03
  5.97641394e-02 4.05440450e-01 2.12652743e-01 1.52516198e+00
  5.80890588e-02 1.25734496e-03 1.23674303e-01 2.93251657e+00
  2.90858094e-02 2.54007745e+00 8.52741767e-03 1.58882827e-01
  9.01654456e-03 5.95671594e-01 6.12041913e-05 2.96201943e-05
  1.76111564e-01 2.49013618e-01 2.11596370e+00 2.73670834e-02
  1.87644046e-02 2.25358680e-02 1.70553252e-02 2.47061090e-03
  1.92632172e-02 2.65210819e+00 5.11387773e-02 2.63888836e-02
  1.47395492e-01 2.47330999e+00 5.90659976e-02 1.62754402e-01
  1.98212467e-04 5.51231727e-02]
 [4.31994629e+00 3.02259952e-01 5.76350868e-01 3.31024587e-01
  4.13060635e-02 1.28540769e-02 3.91658843e-02 7.35238045e-02
  6.94607645e-02 1.85021132e-01 1.06317297e-01 4.93408239e-04
  5.82698047e-01 1.02289459e-02 5.49275540e-02 1.86192676e-01
  2.94825528e-02 4.43946004e-01 5.26219964e-01 1.88593638e+00
  3.65143150e-01 1.04333609e-01 6.89131021e-01 2.98649698e-01
  1.45570683e+00 1.69425058e+00 3.86854231e-01 3.92406508e-02
  5.66499057e-06 1.11225232e-01 3.27553190e-02 4.16504592e-03
  1.95545882e-01 1.07178390e-01 1.96840870e+00 1.12164116e+00
  7.01496229e-02 1.14896201e-01 2.69551594e-02 3.82489152e-02
  9.82085825e-04 1.80028129e+00 2.13767197e-02 8.53011757e-03
  5.45080483e-01 2.52980471e+00 9.57865268e-02 1.46211639e-01
  1.00064552e+00 6.79713637e-02]
 [7.27780151e+00 2.87918283e-07 2.49999808e-04 1.66683185e+00
  1.58508323e-04 1.30978338e-02 6.22983089e-06 8.23933631e-03
  2.68695146e-07 1.79810412e-02 3.61462139e-06 2.57625477e-08
  1.58113508e-07 8.40892736e-03 2.41114994e-05 8.93512988e-05
  2.17535288e-07 2.43232953e-05 3.04361009e-07 7.87729323e-02
  5.41964138e-04 8.41767100e-09 6.80391560e-04 3.18626291e-03
  1.97387679e-04 1.14926529e+00 4.44056823e-05 4.93877509e-04
  6.63590995e-08 2.05079958e-01 6.11553162e-07 3.00263037e-09
  2.47228172e-07 1.38363021e-03 1.19742835e+00 2.82557420e-02
  8.12283065e-03 4.20953548e-08 1.27940780e-06 5.95656546e-09
  1.85587226e-07 3.16661048e+00 2.70665146e-06 5.63016283e-06
  2.39472184e-02 1.35456734e+01 1.22226635e-02 1.62505724e-08
  4.51339338e-06 2.67016329e-02]
 [4.36953306e+00 3.85769308e-01 2.32360631e-01 1.04711294e+00
  4.55673784e-02 3.67659628e-02 2.24773958e-02 3.22600931e-01
  3.79055440e-01 6.85997605e-02 1.75666623e-02 4.83495370e-03
  6.21764958e-01 1.85020775e-01 1.95233852e-01 1.67920992e-01
  1.28646195e-01 7.90063381e-01 1.09012112e-01 8.75871062e-01
  5.01073373e-04 5.83145022e-02 7.18213677e-01 4.00457621e-01
  5.32281101e-01 1.60581815e+00 1.14621508e+00 9.58663644e-04
  1.27978325e-02 5.44502676e-01 3.73669893e-01 1.83752476e-04
  3.02628311e-03 5.32975554e-01 2.18701100e+00 8.57531931e-03
  1.22912921e-01 1.43541144e-02 3.74158472e-02 1.38950258e-01
  5.30321209e-04 1.78047943e+00 5.46281397e-01 1.42753869e-01
  1.06365830e-01 1.88101029e+00 2.87249684e-02 1.99198961e-01
  1.83041955e-08 1.63478911e-01]
 [2.72428656e+00 8.75790417e-01 2.48478723e+00 8.09113029e-03
  1.39116526e-01 9.00650024e-02 9.65834558e-01 6.21560276e-01
  5.92341065e-01 6.27671361e-01 1.12207162e+00 1.17984831e-01
  1.92525208e-01 1.06738794e+00 7.34869957e-01 1.93635136e-01
  1.81608589e-03 2.01203251e+00 4.01249826e-02 1.00753486e+00
  8.72821748e-01 1.17033458e+00 1.88328421e+00 5.20716548e-01
  1.27888823e+00 2.39465192e-01 1.99636889e+00 4.03286159e-01
  4.07122493e-01 6.55557811e-02 1.12692855e-01 6.61283880e-02
  6.05561912e-01 5.48101962e-01 6.95674181e-01 2.30786419e+00
  3.50781739e-01 1.06775427e+00 2.45267302e-01 4.86221999e-01
  2.30108768e-01 6.42850578e-01 4.46317077e-01 1.40256524e+00
  1.01447999e+00 9.72166434e-02 2.64209479e-01 2.70794749e-01
  1.39588892e+00 2.95212865e-01]
 [1.18085539e+00 6.00390792e-01 2.84839702e+00 2.15984955e-02
  6.65206850e-01 1.56971157e+00 1.84530723e+00 7.36407816e-01
  6.97977781e-01 8.72466922e-01 4.51125473e-01 4.65107322e-01
  2.82906318e+00 1.90022635e+00 9.21608746e-01 1.51235497e+00
  2.55796611e-02 1.84357357e+00 3.67278290e+00 1.57562017e+00
  1.65432072e+00 8.89009058e-01 2.47221160e+00 3.67126656e+00
  1.84895551e+00 1.23041924e-02 2.16394544e+00 1.21300161e+00
  2.05125546e+00 1.64273053e-01 1.00719857e+00 1.80186421e-01
  1.91733050e+00 4.19671148e-01 4.65768248e-01 6.59072548e-02
  8.70357394e-01 7.38829076e-01 5.55834472e-01 8.18737745e-02
  4.85209167e-01 7.90286231e-06 1.03432357e+00 1.33631015e+00
  1.73643768e+00 3.22924197e-01 2.77017858e-02 1.93454713e-01
  2.19458914e+00 3.24492842e-01]
 [7.46952772e+00 7.52768805e-03 2.96715571e-05 2.52301240e+00
  3.51180206e-04 3.18000275e-05 5.79815544e-03 1.18078788e-05
  7.14726106e-04 3.22356459e-06 1.59136434e-05 2.93832945e-05
  6.71217404e-03 9.47752369e-07 4.48676990e-04 1.47797009e-02
  5.84379712e-04 3.48860747e-04 1.23069063e-03 1.68063462e-01
  3.93164919e-06 2.81676366e-05 6.66014103e-06 3.24886292e-02
  2.84175039e-03 3.51006031e+00 2.63360525e-05 4.82874981e-04
  4.74285298e-05 2.03864440e-01 5.81737095e-03 7.33313846e-06
  2.57294229e-03 1.26626657e-03 1.44190991e+00 1.63919918e-04
  8.08322298e-09 3.79856533e-06 1.79873605e-05 4.31008777e-03
  2.50230460e-06 2.27789283e+00 3.39824404e-03 2.26818095e-03
  8.40673747e-04 1.48661673e+00 3.96866555e-04 7.90032907e-04
  1.46623179e-02 1.77616857e-05]
 [4.29334497e+00 6.22349799e-01 7.63589919e-01 1.37553132e+00
  1.15908831e-01 1.24290764e-01 8.56590569e-01 4.93927896e-01
  1.78770050e-01 8.75517428e-01 1.98665321e-01 1.24844775e-01
  1.22034776e+00 3.35999161e-01 2.14260474e-01 5.81196725e-01
  1.42338783e-01 6.82249486e-01 1.05779207e+00 1.98842001e+00
  7.47132897e-01 9.94786695e-02 7.73496389e-01 1.43168259e+00
  2.35000134e-01 1.00208127e+00 7.01322138e-01 8.44920993e-01
  2.44344864e-02 1.66727300e-03 1.38691556e+00 4.38319743e-02
  4.08572882e-01 2.05369294e-01 1.52859974e+00 3.80347192e-01
  1.96160540e-01 2.24493384e-01 1.26563936e-01 4.74284956e-04
  1.13197574e-02 1.64885390e+00 5.46611488e-01 2.59751320e-01
  7.78159797e-02 2.71778393e+00 2.61696484e-02 6.73748851e-02
  7.73261666e-01 1.03126816e-01]
 [7.21379280e-01 1.17906117e+00 3.52373481e+00 1.69363096e-02
  8.03100169e-01 1.23821810e-01 1.95930707e+00 1.58838177e+00
  1.65185177e+00 1.25760376e+00 1.69337070e+00 1.63422287e+00
  4.41047239e+00 1.54529393e+00 1.46844220e+00 7.34831929e-01
  8.39715824e-02 2.17511582e+00 4.75933313e+00 3.34540319e+00
  1.34625959e+00 2.00788639e-02 1.90783083e+00 3.58766246e+00
  2.02289963e+00 3.62268090e-02 1.93700588e+00 1.12758529e+00
  9.08433497e-01 1.21095717e-01 1.75948977e+00 2.79528117e+00
  2.11850429e+00 7.89410412e-01 4.46220875e-01 2.88096488e-01
  3.39659572e-01 1.40017414e+00 8.39103982e-02 1.92455016e-02
  2.91332871e-01 4.74209487e-02 1.41277945e+00 1.85498810e+00
  1.38286781e+00 2.18668953e-02 1.70757845e-01 8.49278122e-02
  3.13174629e+00 1.11739621e-01]
 [1.99821866e+00 1.02148890e+00 1.47439396e+00 1.24439105e-01
  1.55682610e-02 1.63569245e-02 5.74426532e-01 6.85100853e-01
  4.91471827e-01 6.50102556e-01 3.28042483e+00 7.00339973e-02
  1.13453388e+00 1.15995264e+00 2.86635131e-01 3.83476824e-01
  2.42184207e-01 1.21381664e+00 1.44561374e+00 1.25084913e+00
  4.68550175e-01 1.77424443e+00 1.40297639e+00 9.59338844e-01
  1.06101418e+00 3.52614373e-01 1.43001759e+00 1.75734967e-01
  1.29195705e-01 4.41266829e-03 1.91272676e-01 4.55249809e-02
  5.31235695e-01 9.58750367e-01 1.20975876e+00 3.32421422e+00
  8.49086568e-02 6.08740807e-01 3.35401773e-01 1.76155424e+00
  5.89973330e-01 2.64323890e-01 6.73766971e-01 5.34858145e-02
  1.00201833e+00 7.17574477e-01 8.56426731e-02 1.09344780e-01
  7.79881775e-01 2.90944409e-02]
 [4.14017820e+00 1.18825510e-01 5.83654761e-01 1.28526139e+00
  3.49561535e-02 1.76941842e-01 3.78468364e-01 2.58266389e-01
  4.47345734e-01 2.41048455e-01 5.02917357e-03 1.06385760e-01
  3.76435131e-01 2.67468452e-01 1.04006322e-04 3.36764567e-02
  1.03970490e-01 8.07479680e-01 1.96730494e-01 1.12380159e+00
  2.87464470e-01 1.81219026e-01 8.08790997e-02 2.36769676e-01
  7.50489593e-01 1.36081147e+00 7.95619249e-01 2.00030833e-01
  1.37642419e-04 3.44048515e-02 3.34073603e-02 1.57985801e-03
  7.93719411e-01 1.82035863e+00 1.74727845e+00 4.94649261e-01
  1.21212125e-01 5.49055278e-01 3.44857685e-02 5.99597534e-03
  1.63130730e-03 2.26798654e+00 1.62992571e-02 6.21950805e-01
  5.43383002e-01 2.50887513e+00 9.12407562e-02 1.04402550e-01
  1.00787103e+00 2.09889457e-01]
 [5.03007269e+00 2.31698692e-01 5.24439991e-01 2.65311027e+00
  3.66630182e-02 1.80425718e-02 1.24903219e-02 2.14139089e-01
  5.37341721e-02 1.41853780e-01 4.17422540e-02 1.27009600e-01
  8.60718042e-02 1.90314174e-01 1.90007329e-01 8.61677825e-02
  7.60469809e-02 7.50762284e-01 5.04249920e-06 6.53137326e-01
  2.81231642e-01 6.12924285e-02 2.93333262e-01 1.48386702e-01
  6.76779449e-03 2.19597745e+00 4.19231206e-01 8.97093210e-03
  6.64447099e-02 2.60471284e-01 1.47660792e-01 1.39556574e-02
  6.31214469e-04 2.15342697e-02 2.20865240e-06 3.92794563e-03
  5.13781868e-02 8.61999765e-02 8.26515257e-03 6.60510659e-02
  1.26990536e-03 3.08910894e+00 3.32909435e-01 6.25477657e-02
  4.70664352e-01 3.18054557e+00 6.43434972e-02 6.61850944e-02
  1.80178881e-01 1.71558354e-02]
 [2.05659890e+00 8.35180879e-01 1.62257349e+00 1.47600532e-01
  1.53507143e-01 2.32820451e-01 1.31678402e+00 7.31655240e-01
  9.01978791e-01 9.56258416e-01 1.44327927e+00 5.71737885e-01
  1.81802595e+00 1.15620565e+00 3.45572710e-01 4.32560980e-01
  3.17580886e-02 1.53576875e+00 2.04201078e+00 1.22497082e+00
  8.84010613e-01 2.96511865e+00 1.93972278e+00 2.07036734e+00
  1.30660331e+00 2.86801998e-03 1.35257316e+00 3.18877280e-01
  1.04875108e-02 6.79725036e-02 5.27306974e-01 8.41226727e-02
  1.14426088e+00 1.95552543e-01 4.83541936e-01 2.28164792e+00
  1.55176401e-01 4.69778657e-01 2.06149414e-01 1.93156075e+00
  5.15811257e-02 1.72876343e-01 6.41572356e-01 1.63796937e+00
  1.03783035e+00 4.94797498e-01 1.03235088e-01 7.79025331e-02
  1.55460048e+00 3.18253562e-02]
 [4.22378182e-01 1.36362088e+00 1.38706672e+00 3.46233719e-03
  1.85911775e-01 1.16634667e-02 1.24800169e+00 1.07946801e+00
  7.65811920e-01 8.75873744e-01 6.58143663e+00 1.28784966e+00
  1.42243838e+00 1.11082411e+00 1.09037840e+00 3.63835514e-01
  3.27061564e-01 1.22011447e+00 1.25003171e+00 9.29672718e-01
  8.46419215e-01 3.49333191e+00 1.44540393e+00 1.19582748e+00
  1.28396726e+00 2.48790160e-02 1.39288294e+00 9.41531837e-01
  1.62216294e+00 1.49618806e-02 1.62744243e-02 3.12780812e-02
  1.47257245e+00 9.17083933e-04 5.42153046e-02 2.41602287e-02
  2.49382305e+00 1.38903856e+00 1.55520499e-01 2.57050419e+00
  1.08869731e+00 1.75347924e-03 1.08107185e+00 1.31166732e+00
  1.12885630e+00 5.58793894e-04 1.70303404e-01 7.37809539e-02
  1.32532859e+00 2.29800031e-01]
 [1.50237620e+00 1.57558262e-01 2.30759215e+00 3.88728897e-03
  2.46639289e-02 7.20958635e-02 1.27851593e+00 9.15007055e-01
  4.15410936e-01 8.65039468e-01 4.48923826e+00 6.74454629e-01
  1.76357591e+00 1.05834925e+00 8.58979166e-01 7.89992929e-01
  9.81780961e-02 1.81723177e+00 2.03797150e+00 1.09655237e+00
  1.08277881e+00 2.28473616e+00 1.75202501e+00 9.27698016e-01
  1.31304884e+00 1.27727181e-01 1.84948003e+00 1.10339510e+00
  1.78260517e+00 4.26700152e-02 6.34495735e-01 6.38972819e-01
  1.36212146e+00 2.91999996e-01 1.18890777e-01 7.02274963e-04
  7.98118412e-01 4.12658274e-01 1.55989969e+00 2.25566864e+00
  1.10593833e-01 3.08728904e-01 1.09484684e+00 1.03457236e+00
  9.44272876e-01 7.39666641e-01 1.01282932e-01 1.39720757e-02
  1.23880863e+00 1.13850510e+00]
 [1.39352798e+00 8.24024796e-01 9.57009614e-01 3.98438662e-01
  9.17144641e-02 2.04057440e-01 9.00516748e-01 2.27846995e-01
  5.84551513e-01 2.22609386e-01 6.85949018e-03 7.84292996e-01
  8.38353276e-01 5.32038391e-01 6.46792829e-01 1.09334457e+00
  2.21569091e-01 8.42442214e-01 9.26077962e-01 1.09618235e+00
  4.54690307e-01 8.53888750e-01 8.14250588e-01 9.83788431e-01
  5.15275896e-01 5.74245572e-01 9.37460482e-01 3.52801710e-01
  3.88167030e-03 1.83631331e-01 5.63739575e-02 1.69916674e-01
  5.27880013e-01 6.27827942e-01 1.28741515e+00 3.45023870e-01
  5.78852519e-02 6.20857298e-01 4.36631012e+00 6.50469482e-01
  2.31130674e-01 6.13819778e-01 5.79000115e-01 5.88800371e-01
  1.07564509e+00 1.37170613e+00 1.75076455e-01 7.78722763e-02
  7.48446405e-01 1.03631012e-01]
 [4.17459917e+00 3.04692984e-01 1.50104797e+00 3.44213277e-01
  9.52601433e-02 2.32468128e-01 2.09231958e-01 9.92381712e-04
  6.98976070e-02 7.68649131e-02 2.71226734e-01 1.63180783e-01
  1.02425182e+00 1.39016295e-02 7.65695348e-02 4.17054474e-01
  1.08715720e-01 1.08673692e+00 1.39480007e+00 1.55562210e+00
  1.67632684e-01 5.33295691e-01 8.29861820e-01 1.36126316e+00
  1.17176259e+00 2.50818849e-01 1.13098037e+00 3.91759068e-01
  1.07246814e-02 6.70509273e-03 2.81052321e-01 4.85402346e-02
  1.99139532e-08 3.19021344e-01 7.31338561e-01 5.62285371e-02
  6.05394654e-02 6.88467626e-05 3.48452106e-02 1.71430063e+00
  9.41338949e-03 1.00561810e+00 6.94936454e-01 7.65201032e-01
  3.79460990e-01 1.70590937e+00 4.05811816e-02 2.04405248e-01
  1.61317945e+00 4.95421827e-01]
 [4.95299816e+00 2.28755232e-02 1.18412781e+00 3.28413182e-04
  5.05115166e-02 2.13976368e-01 5.00604212e-02 1.78652510e-01
  4.39050972e-01 8.77328277e-01 5.73592074e-02 3.87424171e-01
  3.03733158e+00 3.97486091e-01 3.09806728e-06 5.66993475e-01
  1.87053084e-01 5.23836315e-01 3.46035920e-02 2.50545478e+00
  7.06976354e-02 8.37646239e-03 1.17420149e+00 1.45157719e+00
  5.27709484e-01 7.42620289e-01 6.92443609e-01 6.94044828e-01
  3.08029726e-02 6.07760474e-02 4.36988473e-01 1.12551071e-01
  6.10031724e-01 5.23701370e-01 4.36184645e-01 1.76697803e+00
  1.31452465e-02 1.31652938e-04 3.04560661e-02 1.13264639e-02
  5.45060539e+00 1.71627194e-01 3.40140373e-01 1.23245895e+00
  1.11281765e+00 3.14480448e+00 2.27407068e-01 2.44985819e-01
  1.73466682e+00 2.70588100e-01]
 [4.82830954e+00 6.92871213e-03 1.37988776e-02 3.62373137e+00
  1.52373582e-03 2.80003455e-02 3.93227674e-06 3.27358930e-03
  1.59240772e-05 1.90241888e-04 9.75685980e-05 2.20368989e-03
  7.50518590e-03 1.52244436e-04 4.85180039e-03 3.66671234e-02
  2.10490189e-02 4.31610178e-03 4.87958285e-04 1.18048966e-01
  1.00918198e-02 2.01845887e-05 6.13484735e-06 7.85239190e-02
  3.52665707e-02 7.56292403e-01 6.63230047e-02 3.86697822e-04
  7.94843829e-04 1.19758304e-02 3.21557708e-02 2.63542915e-03
  1.86192128e-03 1.17457800e-01 4.78878069e+00 1.55099519e-02
  7.36266933e-03 2.21338570e-02 2.75891228e-03 1.19062875e-08
  1.22032936e-04 6.75406132e-04 1.90745145e-02 5.11635393e-02
  7.46850763e-03 2.18877339e+00 1.02664484e-02 9.38233882e-02
  1.53708784e-03 4.37094048e-02]
 [3.46032071e+00 3.41857076e-01 1.19161201e+00 4.34103906e-01
  1.56138584e-01 2.52942175e-01 6.44813359e-01 4.84527916e-01
  5.00126779e-01 6.28024995e-01 2.63929516e-01 1.43555000e-01
  1.04980981e+00 3.05787951e-01 4.69611585e-01 5.96422791e-01
  2.22750098e-01 1.03030312e+00 1.29942441e+00 9.59754944e-01
  6.35344088e-02 5.37007272e-01 6.29409671e-01 1.39293647e+00
  4.40324880e-02 8.47051620e-01 5.91432571e-01 3.08103472e-01
  2.87483148e-02 3.05640310e-01 1.76381543e-02 4.71964590e-02
  5.77379018e-02 8.17632854e-01 1.32210219e+00 2.03093076e+00
  2.42691040e-02 7.92962015e-01 1.19997434e-01 2.68147111e-01
  1.96613856e-02 1.65874004e+00 8.24587822e-01 7.50585735e-01
  8.49987268e-01 2.92262483e+00 4.14487161e-02 6.79297596e-02
  7.45474219e-01 2.71503687e-01]
 [4.59201241e+00 5.25177605e-02 7.83436835e-01 6.84761524e-01
  1.23871498e-01 1.53064117e-01 1.60702784e-02 2.38130823e-01
  2.17914820e-01 2.48232074e-02 5.00112353e-03 1.59693211e-01
  6.06624067e-01 1.32438228e-01 2.34564632e-01 2.23469106e-03
  3.52352001e-02 9.57192015e-07 2.36534222e-04 1.12904453e+00
  2.15317432e-05 3.79496902e-01 2.48169184e-01 2.10110813e-01
  4.29532260e-01 1.90680122e+00 3.59136730e-01 2.19597340e-01
  4.72146645e-03 3.22592398e-03 2.22132225e-02 1.55922526e-03
  2.77460814e-01 5.39456367e-01 1.39701331e+00 3.14428270e-01
  3.38148028e-02 7.22996965e-02 2.43971571e-02 5.25915802e-01
  1.50129739e-02 2.45521379e+00 8.79330859e-02 1.21765149e+00
  7.00782478e-01 2.86902690e+00 1.06800102e-01 1.17704934e-02
  8.32495213e-01 9.96353105e-02]
 [6.50537443e+00 3.80258891e-04 8.59796032e-02 5.15588522e-01
  1.60252571e-01 1.81559116e-01 2.76489947e-02 2.74703234e-01
  1.50368211e-03 2.82378703e-01 7.96073601e-02 6.33354784e-06
  1.99088827e-02 6.53514564e-02 4.78932150e-02 2.41621630e-03
  9.58827585e-02 1.36717364e-01 9.93951932e-02 7.62947202e-02
  1.65255249e-01 3.57395806e-03 5.92760369e-02 2.03618966e-03
  1.41910195e-01 9.66125727e-01 6.00031972e-01 5.97778358e-04
  1.28786853e-02 2.65523754e-02 5.09724159e-05 1.43721951e-02
  1.73988387e-01 1.01726398e-01 2.75197059e-01 1.59254527e+00
  6.45696223e-02 1.19497709e-01 5.89496605e-02 2.32028160e-02
  1.94791891e-02 1.12518299e+00 3.36080268e-02 1.17602218e-02
  1.75286674e+00 3.25868464e+00 7.17516243e-02 3.00578535e-01
  1.35786474e-01 1.76745579e-01]
 [6.17322206e+00 1.10010104e-03 8.21913630e-02 2.70169330e+00
  4.89151515e-02 6.80948868e-02 2.76005358e-01 1.63836300e-01
  4.02497873e-02 1.16619773e-01 9.41055827e-04 1.12643698e-02
  1.64375484e-01 3.64951976e-02 2.14292873e-02 2.90148687e-02
  6.11349829e-02 1.63420558e-01 1.68744624e-01 9.33561981e-01
  3.22443813e-01 2.49956697e-01 3.99367988e-01 7.37638772e-02
  4.48399484e-02 2.07118034e+00 1.31874913e-04 1.29084745e-02
  2.46600306e-04 8.77849758e-01 3.71451788e-02 4.51663276e-03
  1.33075183e-02 1.51945055e-01 2.13047934e+00 1.01012461e-01
  1.04750078e-02 1.85115620e-01 5.09718806e-03 1.08944170e-01
  1.70643069e-02 3.08821154e+00 2.72302896e-01 5.68454573e-03
  1.67607352e-01 1.01262191e-03 3.01920194e-02 4.66377661e-02
  6.92075372e-01 7.75347406e-04]
 [1.27610159e+00 1.16799998e+00 1.17076397e+00 7.86843777e-01
  2.65627384e-01 2.98933625e-01 7.64360368e-01 9.56739902e-01
  3.87681842e-01 4.73193944e-01 4.08197522e-01 4.89987880e-01
  4.73864222e+00 4.03784513e-01 2.20620736e-01 3.05669755e-01
  2.69349188e-01 7.64459372e-01 2.69675970e+00 1.53642154e+00
  1.13279831e+00 3.19392197e-02 1.03091669e+00 2.07077432e+00
  1.08461297e+00 7.59878755e-01 1.62652361e+00 8.64435315e-01
  1.62031278e-01 1.21597789e-01 6.25174761e-01 3.22789788e-01
  9.76934671e-01 6.44082010e-01 5.05771860e-02 1.20265856e-01
  2.24869579e-01 5.65008938e-01 7.11030588e-02 6.54654205e-02
  3.10654879e-01 4.10444677e-01 1.10939252e+00 1.15815747e+00
  6.92198038e-01 1.15692675e+00 4.71797514e+00 1.02205388e-01
  1.33989882e+00 2.47796044e-01]
 [3.51340985e+00 7.16608346e-01 9.35122788e-01 3.07824373e-01
  2.16670513e-01 2.26613551e-01 2.50623804e-02 6.65203512e-01
  6.02785647e-01 7.65929699e-01 6.47504851e-02 3.42364669e-01
  1.81712449e-01 3.41850519e-01 6.48545921e-01 2.26319004e-02
  1.01547725e-01 5.25535703e-01 1.38854355e-01 2.39925122e+00
  5.92486143e-01 4.68365252e-02 2.92025298e-01 2.95772374e-01
  2.34022215e-01 1.48539281e+00 1.83490798e-01 6.33349568e-02
  9.16101038e-02 1.10633068e-01 6.24966741e-01 1.35911390e-01
  2.00443909e-01 3.17169994e-01 8.44470978e-01 3.34793270e-01
  2.39401665e-02 5.87135613e-01 7.47975369e-04 8.09290409e-02
  6.85165972e-02 1.18031943e+00 6.11446559e-01 4.70260918e-01
  1.04247558e+00 6.12997198e+00 1.87903196e-01 4.84026337e+00
  9.20890927e-01 2.27153003e-01]
 [6.93197680e+00 2.48499477e-04 1.35336173e-04 9.50666904e-01
  3.40071972e-04 5.05740615e-03 5.89668974e-02 5.05965028e-04
  3.10910344e-02 1.39561951e-01 3.57155798e-08 3.95613781e-04
  3.07359936e-04 1.23260394e-02 3.01149134e-06 2.69622877e-02
  9.65717994e-03 1.23222850e-01 1.51664510e-01 6.93217993e-01
  8.69252682e-02 3.92603409e-03 1.64101973e-01 1.33458227e-02
  6.74120858e-02 2.38294339e+00 1.20518126e-01 2.91097913e-05
  5.36655932e-07 1.01358736e+00 3.81117979e-06 2.99125881e-04
  3.75963078e-04 1.09810838e-02 2.23206237e-01 7.15808645e-02
  1.73800625e-02 1.08931563e-05 5.68662799e-05 3.12018733e-06
  3.53664625e-10 1.28172243e+00 6.30773939e-05 1.53078137e-08
  1.32881343e-01 8.37061977e+00 2.37132832e-02 1.09904021e-01
  3.05815768e+00 2.95764618e-02]
 [1.72938573e+00 7.49629498e-01 1.41094339e+00 4.61226076e-01
  2.69605309e-01 1.80281773e-01 1.33195603e+00 1.14296794e+00
  8.99435222e-01 1.16777575e+00 3.17083430e+00 8.15198660e-01
  1.40308738e+00 5.98876953e-01 4.06106710e-01 1.07199502e+00
  9.28611383e-02 1.15159631e+00 2.06087828e+00 1.84749663e+00
  7.91036427e-01 3.30538273e+00 9.00648952e-01 1.35570633e+00
  1.28389919e+00 5.52953184e-01 1.03747821e+00 9.15786624e-01
  4.13921773e-02 1.86790496e-01 2.65461326e-01 7.03330860e-02
  8.84249032e-01 8.39960158e-01 9.84996259e-01 1.47199631e-01
  1.14883490e-01 4.12378579e-01 1.69726670e-01 3.77353370e-01
  2.93785691e-01 2.44616419e-01 4.79007423e-01 9.69018757e-01
  1.27364409e+00 1.70988142e+00 7.12560266e-02 3.14040668e-02
  8.85691881e-01 3.29122663e+00]]
x0 : [2.33519459e+00 2.06246316e-01 5.29942870e-01 3.54157798e-02
 2.83002271e-04 3.55211616e-01 2.72748560e-01 1.37508623e-02
 1.26363873e-01 1.72114050e+00 2.96819750e-02 5.91092743e-02
 4.31754962e-02 2.15719198e-03 3.01818233e-02 1.21210486e-01
 2.25442392e-03 2.52482519e-02 2.91728854e-01 2.52132490e-02
 3.81238163e-01 1.24815501e-01 1.36819412e-03 2.56096304e-04
 7.49439299e-02 2.60980520e-02 1.61612302e-01 6.70958817e-01
 3.11367642e-02 2.31496748e-02 1.43965602e-01 3.34818326e-02
 3.05616111e-01 1.45005986e-01 3.50279026e-02 4.58995104e-02
 3.19686742e-03 6.28928596e-04 2.14359760e-02 8.03224981e-01
 3.97400409e-02 2.34117359e-02 4.62133586e-01 8.00820440e-03
 5.49681932e-02 1.13728242e-02 5.34827868e-03 3.08170915e-01
 6.36690622e-03 8.01015354e-04 2.80320877e-03 1.37108222e-01
 3.04489979e-04 2.02063639e-02 7.85111170e-03 6.57250406e-03
 1.28593892e-01 6.64347857e-02 1.25801796e-03 6.09232247e-01
 2.64305696e-02 3.52463238e-02 1.80580929e-01 5.62774017e-02
 1.32843703e-02 1.88923012e-02 2.65513003e-01 4.11596708e-02
 9.75623028e-04 7.92513862e-02 1.88041548e-03 4.07579681e-03
 4.40485328e-01 7.08043750e-04 2.28204340e-01 1.11075068e+00
 1.84351206e-03 3.77914876e-01 5.66700578e-01 7.04834796e-03
 6.72623282e-03 1.57600775e-01 6.53628120e-03 2.81865662e-03
 6.65589347e-02 2.26584226e-02 1.67025253e-01 1.78868902e+00
 1.81897610e-01 1.36523306e+00 2.76867479e-01 1.13121020e-02
 1.05372615e-01 4.75571665e-04 1.21431867e-05 2.16264501e-01
 2.97978550e-01 4.08505201e-02 5.21301851e-03 3.20515633e-01
 1.11511741e-02 3.03265435e-04 2.70087862e+00 6.63215108e-03
 2.20991448e-01 1.18294187e-01 1.82335486e-03 7.73049938e-03
 1.45659745e-02 4.91837133e-03 1.23472116e-03 3.16054642e-01
 5.15282503e-04 2.63431994e-03 3.33860517e-02 3.27174701e-02
 7.63171613e-02 8.07255581e-02 3.30303004e-03 4.63225752e-01
 1.62746683e-02 4.62610615e-06 3.91394347e-01 2.03008986e+00
 8.30105040e-03 3.87731530e-02 3.26543450e-01 2.31764061e-05
 7.30631873e-02 4.52736914e-01 9.74928867e-03 1.52314484e-01
 2.44517595e-01 1.05545195e-02 6.36305094e-01 1.61961949e+00
 8.48556906e-02 6.72457933e-01 3.77047202e-03 7.24291848e-03
 9.58283525e-03 8.29029381e-02 4.27517761e-03 6.21065833e-02
 4.96095931e-03 3.39060351e-02 1.53380513e+00 1.10301696e-01
 3.53787182e-05 2.27495674e-02]
nUIV_to_SIR : {'slope': array([10.353095], dtype=float32), 'threshold': array([0.44294354], dtype=float32)}
