SIMULATION PARAMATERS:
SIR : {'beta': 45.0, 'gamma': 0.5, 'x0': array([0.5, 0.5, 0. ]), 'num_hosts': 50}
nUIV : {'beta': array([ 5.2834063 ,  7.7554073 ,  3.9508853 ,  7.837057  ,  2.5212169 ,
        1.9645163 ,  4.612592  ,  4.036086  ,  3.0970445 ,  5.89665   ,
        3.028244  ,  9.771647  ,  3.4098608 ,  3.658492  ,  3.5634792 ,
        2.823159  ,  4.793822  ,  0.83028865,  2.11102   ,  1.8662555 ,
        4.99575   ,  1.4260337 ,  5.027828  ,  2.2422683 ,  3.8907208 ,
       11.140734  , 11.444295  ,  3.8662162 ,  3.840855  ,  3.511556  ,
        4.1210623 ,  3.634092  ,  4.8924394 ,  4.751784  ,  8.092923  ,
        3.5401545 ,  2.6217299 ,  5.297179  ,  4.3515353 ,  4.978163  ,
        7.1254606 ,  8.182337  ,  8.872817  ,  1.8758627 ,  3.4913461 ,
        3.0688887 ,  3.919186  ,  2.9401503 ,  3.206491  ,  2.86804   ],
      dtype=float32), 'delta': array([3.73146213e-05, 3.27598548e+00, 7.39512444e-02, 6.75417542e-01,
       4.49225958e-03, 1.30092360e-06, 2.03400152e-03, 3.58517241e+00,
       3.36563730e+00, 2.92184830e-01, 7.12814694e-03, 4.08198506e-01,
       1.93919823e-01, 1.45170126e-10, 3.14031616e-02, 2.59787947e-01,
       1.44442403e+00, 3.47269082e+00, 1.28856242e-01, 1.94936209e-08,
       1.66112840e-01, 9.65034366e-02, 9.62155238e-02, 2.18277989e-07,
       2.41931132e-03, 4.12535071e-01, 8.35150301e-01, 8.48483032e-05,
       2.22072384e-04, 8.07527602e-02, 6.42728359e-02, 2.66914868e+00,
       4.27761152e-02, 1.31124705e-01, 7.58657977e-03, 8.31268847e-01,
       2.59382708e-04, 1.27504253e+00, 5.78501076e-02, 5.15144467e-01,
       2.53106563e-10, 1.23783454e-01, 7.07770735e-02, 2.43261736e-02,
       3.31226826e-01, 9.98837352e-02, 3.33394599e+00, 6.88301270e-06,
       1.23924774e-05, 1.28158259e+00], dtype=float32), 'p': array([8.3467841e-01, 6.3749292e-04, 4.4546199e-01, 5.8678295e-02,
       1.0654316e+00, 2.7463320e-01, 3.7431318e-01, 2.6892995e-02,
       2.3608911e-03, 1.6128431e-01, 2.1332917e-01, 1.7006175e-01,
       1.7614834e-02, 8.9873689e-01, 1.8034596e-02, 5.3864306e-01,
       2.7668543e-02, 2.6463373e-03, 9.0301640e-08, 9.1502225e-01,
       7.4717687e-03, 1.5755355e-01, 1.7201822e-03, 9.6530169e-01,
       9.5080090e-01, 7.8998310e-03, 9.4157632e-04, 6.7367065e-01,
       6.8247283e-01, 1.8910442e-01, 2.1267501e-01, 6.2834370e-05,
       2.8219217e-02, 5.6702149e-01, 1.3163224e-01, 1.0590203e-01,
       2.4301630e-01, 5.3155166e-03, 9.0820336e-01, 1.6775094e-01,
       1.9093095e+00, 9.5890409e-01, 1.3713136e+00, 6.2573338e-01,
       6.2086707e-04, 9.8847389e-02, 3.8871080e-02, 1.4704493e+00,
       1.0696751e+00, 1.6084650e-01], dtype=float32), 'c': array([3.4286423e-08, 2.2734251e+00, 4.6041220e-09, 2.0399163e+00,
       1.7894860e-01, 6.8072990e-02, 1.0923404e+00, 2.4525142e+00,
       1.7790399e+00, 2.2094758e+00, 2.4700178e-01, 1.5732622e+00,
       8.2681549e-01, 3.9063150e-01, 2.5237341e+00, 1.2563493e+00,
       9.1802664e-02, 5.5282831e-01, 8.7976968e-01, 9.2725927e-01,
       1.1652462e+00, 4.7322989e-01, 1.3426215e-12, 2.6912799e-01,
       4.1623423e-01, 2.0963867e+00, 4.9684364e-01, 1.4364181e+00,
       5.3535163e-01, 1.2593392e-09, 2.0234931e+00, 7.3318630e-01,
       1.1372808e+00, 1.1989765e+00, 1.2574059e+00, 1.0932587e-02,
       2.0596357e-01, 1.9183857e+00, 7.8322716e-02, 1.2542073e+00,
       1.0896635e+00, 8.2225129e-03, 5.7064998e-01, 4.3404391e-01,
       1.0181545e+00, 4.3671364e-01, 7.5105804e-01, 7.8326128e-09,
       2.2757506e-01, 3.5559154e-01], dtype=float32), 't': array([[2.44480300e+00, 1.42055079e-01, 8.57140005e-01, 1.22748971e+00,
        1.21692467e+00, 9.83894646e-01, 7.98522234e-02, 6.97866261e-01,
        2.71767259e-01, 5.29376894e-06, 1.77350923e-01, 3.68875474e-01,
        7.39151657e-01, 8.74901749e-03, 4.47787255e-01, 3.31015252e-02,
        3.51768196e-01, 2.40727395e-01, 1.92593336e-01, 8.92609119e-01,
        8.52539718e-01, 1.15488410e-01, 1.99748838e+00, 5.55656195e-01,
        2.17679709e-01, 5.34210205e-01, 1.22684360e-01, 2.01174975e-04,
        2.06290116e-03, 2.51216984e+00, 2.78448500e-02, 7.42204249e-01,
        3.99630785e-01, 2.95948293e-02, 4.75507796e-01, 2.62026930e+00,
        2.33862787e-01, 6.34407401e-02, 2.26688743e-01, 1.80534792e+00,
        1.18725038e+00, 4.95722592e-01, 2.63426876e+00, 1.07676476e-01,
        3.23504120e-01, 1.70809233e+00, 3.71550679e-01, 8.58443618e-01,
        6.56300664e-01, 3.02081823e+00],
       [9.61918570e-03, 9.57095683e-01, 2.20695093e-01, 3.27216893e-01,
        3.41050553e+00, 2.47855496e+00, 1.89873576e-01, 6.00775778e-02,
        5.70535939e-03, 2.43398428e-01, 1.45775557e-01, 3.91757101e-01,
        2.75197923e-01, 2.00678542e-01, 1.38083220e-01, 4.54767078e-01,
        2.30213952e+00, 1.62665397e-01, 9.91350263e-02, 2.26072997e-01,
        2.68898606e-01, 4.27739769e-01, 2.94042081e-01, 6.86355412e-01,
        2.48499423e-01, 2.39019275e-01, 2.50713319e-01, 8.98932889e-02,
        3.86640131e-01, 2.48040065e-01, 4.14671078e-02, 4.33788955e-01,
        2.08101183e-01, 5.11798747e-02, 3.35714936e-01, 9.04699266e-01,
        1.62312353e+00, 1.53064961e-02, 6.92745626e-01, 1.47231985e-02,
        7.68366814e-01, 1.58876270e-01, 3.11303377e-01, 1.39523908e-01,
        2.58884132e-01, 2.46155813e-01, 1.58181882e+00, 1.83364785e+00,
        2.41538405e-01, 3.45841074e+00],
       [1.00258276e-01, 4.43713218e-01, 4.31700850e+00, 4.21648979e-01,
        2.75832629e+00, 9.62356806e-01, 5.93620513e-08, 6.22500062e-01,
        1.14458166e-02, 1.44243002e-01, 3.76298815e-01, 5.84147573e-01,
        1.12018853e-01, 5.75559447e-03, 7.43836880e-01, 4.68497217e-01,
        8.86200368e-01, 3.87225509e-01, 1.92281827e-01, 6.20446987e-02,
        1.12843990e+00, 7.16435671e-01, 6.07489049e-01, 5.12622714e-01,
        3.46001238e-01, 1.42267868e-01, 2.54338026e-01, 6.26342297e-02,
        6.82247162e-04, 5.76745495e-02, 6.50453448e-01, 9.64089394e-01,
        9.95476171e-02, 7.78162503e-04, 5.19858263e-02, 8.38320702e-03,
        1.10809803e+00, 1.52479897e-05, 4.53422427e-01, 3.84712517e-02,
        1.96519780e+00, 2.55421340e-01, 1.53279698e+00, 2.18968377e-01,
        2.65748262e-01, 3.80635798e-01, 1.27751267e+00, 9.46434617e-01,
        4.76437867e-01, 4.37450218e+00],
       [8.60589296e-02, 2.18672067e-08, 2.60639220e-01, 9.81601655e-01,
        3.27768373e+00, 2.05134821e+00, 1.39598653e-01, 7.22743928e-01,
        8.87597725e-03, 5.35953417e-02, 2.75968552e-01, 2.84718495e-04,
        1.69923887e-01, 3.03364766e-04, 8.47279608e-01, 1.06494598e-01,
        1.85319149e+00, 2.88053989e-01, 2.31563866e-01, 3.29508364e-01,
        3.81507039e-01, 8.16607997e-02, 5.09317160e-01, 2.02023372e-01,
        1.06636271e-01, 4.22876000e-01, 3.07802022e-01, 3.88069488e-02,
        4.82731033e-03, 5.23513258e-01, 3.28376561e-01, 7.60525107e-01,
        2.81303197e-01, 3.12818855e-04, 3.02482128e-01, 1.04901067e-03,
        1.50298381e+00, 7.27669299e-02, 2.31324449e-01, 1.03759561e-02,
        1.57176638e+00, 2.76580423e-01, 6.26827776e-01, 1.07055135e-01,
        3.92555445e-02, 3.15984279e-01, 1.32841575e+00, 1.38357747e+00,
        9.91046876e-02, 4.07127476e+00],
       [5.97123988e-02, 1.20653531e-05, 1.74451604e-01, 1.87232636e-03,
        2.31720492e-01, 3.73175049e+00, 1.18823379e-01, 7.99165666e-03,
        7.16652676e-06, 2.75396445e-07, 9.94997397e-02, 1.37420641e-02,
        1.71250594e-03, 4.49309289e-01, 1.60191064e-07, 1.46468347e-02,
        2.68350530e+00, 2.53348090e-02, 1.55821159e-01, 2.38837730e-02,
        5.33241369e-02, 3.53783339e-01, 2.64970988e-01, 1.56485200e-01,
        2.90706962e-01, 1.28593441e-04, 1.37238160e-01, 6.64812997e-02,
        1.84590447e+00, 1.17776811e+00, 3.49515062e-06, 9.13988879e-06,
        8.41376483e-02, 6.50938272e-01, 7.96105042e-02, 4.19005346e+00,
        1.92634082e+00, 1.84205864e-02, 6.35205448e-01, 1.17370240e-01,
        6.63879097e-01, 2.83110827e-01, 2.11791873e-01, 1.01176068e-01,
        8.84092879e-03, 3.19598526e-01, 1.44558317e-05, 2.05355859e+00,
        8.02086219e-02, 2.52368426e+00],
       [3.78601730e-01, 6.82998717e-01, 2.18037665e-02, 1.11825415e-03,
        2.15071917e+00, 1.54124767e-01, 5.38937896e-02, 3.46995562e-01,
        1.73861394e-03, 5.17861079e-03, 2.03789279e-01, 2.58036107e-01,
        1.70146391e-01, 6.05604611e-02, 2.08353415e-01, 8.88869584e-01,
        4.00914526e+00, 1.28144547e-01, 7.99289774e-05, 1.57258734e-01,
        6.10271633e-01, 2.31651347e-02, 1.34446084e-01, 7.75647700e-01,
        1.10778376e-01, 3.14394861e-01, 1.20881818e-01, 1.11851087e-02,
        5.26951313e-01, 9.99040082e-02, 3.53440712e-03, 2.22328377e+00,
        4.72476184e-02, 1.87865841e+00, 1.19775556e-01, 4.91479300e-02,
        1.88837051e+00, 9.98312831e-02, 1.83206558e-01, 3.32817659e-02,
        4.98913765e-01, 1.35890805e-04, 9.80613306e-02, 1.54775336e-01,
        1.00922152e-01, 9.18085873e-02, 2.05108619e+00, 1.65027344e+00,
        1.02472737e-01, 1.90966892e+00],
       [1.55251756e-01, 1.32022843e-01, 7.80351698e-01, 2.42854744e-01,
        1.83185089e+00, 5.90349436e-01, 5.66449690e+00, 5.13535321e-01,
        3.55821685e-03, 7.44671345e-01, 9.82875898e-02, 3.77716392e-01,
        3.97890091e-01, 4.59730905e-03, 3.01307682e-02, 3.43240976e-01,
        2.60114878e-01, 1.69213876e-01, 2.90391445e-01, 2.58842826e-01,
        1.03372133e+00, 3.04782420e-01, 1.37717739e-01, 9.55566466e-02,
        9.23184454e-02, 2.70180017e-01, 2.42402896e-01, 1.43173384e-02,
        1.09308223e-06, 1.95848554e-01, 7.16077513e-04, 1.97603076e-04,
        2.47184619e-01, 7.72819761e-03, 6.19404554e-01, 1.06043056e-01,
        4.21978012e-02, 1.05694622e-01, 1.01343417e+00, 8.71428907e-01,
        1.76347089e+00, 3.80621254e-01, 3.62440944e+00, 2.50157088e-01,
        1.37779191e-01, 6.43289864e-01, 7.58021995e-02, 1.38024199e+00,
        1.75740540e-01, 3.17150879e+00],
       [1.05636440e-01, 3.49461555e-01, 2.73894668e-01, 6.90622395e-03,
        2.01739573e+00, 2.20027280e+00, 8.98833349e-02, 1.14459908e+00,
        2.17185877e-02, 8.26045051e-02, 2.51791030e-01, 7.02644646e-01,
        2.53474832e-01, 1.14299208e-01, 5.10351919e-02, 4.91770288e-06,
        1.85124731e+00, 2.33135670e-01, 3.30669951e-04, 3.25619221e-01,
        2.13710293e-01, 7.64625296e-02, 2.60685056e-01, 2.42340863e-01,
        1.62671030e-01, 1.91384614e-01, 3.23688760e-02, 9.69562680e-03,
        1.67134985e-01, 1.16263390e-01, 1.55018732e-01, 7.22014830e-02,
        1.02359124e-01, 3.43792066e-02, 6.01186650e-04, 2.39992404e+00,
        1.64583504e+00, 2.70634554e-02, 1.12154394e-01, 4.57182480e-03,
        9.61211681e-01, 1.90706104e-01, 3.36498708e-01, 2.44881958e-02,
        3.06789577e-01, 6.01384267e-02, 1.22499406e+00, 1.81317210e+00,
        1.69056639e-01, 4.15951252e+00],
       [1.75796583e-01, 6.11087799e-01, 4.65298705e-02, 7.15632319e-01,
        2.47290659e+00, 2.07976985e+00, 2.54616020e-06, 3.69272411e-01,
        9.44648683e-01, 6.40151024e-01, 2.26088017e-01, 3.49531531e-01,
        2.88513303e-01, 6.18628711e-02, 8.53518069e-01, 8.60504746e-01,
        1.98956621e+00, 1.80307671e-01, 1.64177630e-03, 4.75868732e-01,
        6.51988566e-01, 9.57324654e-02, 1.12645075e-01, 1.58333167e-01,
        2.58388460e-01, 3.20451796e-01, 1.03062671e-02, 2.18023852e-01,
        1.52998343e-02, 8.37390125e-02, 2.48445466e-01, 1.62898695e+00,
        1.22098006e-01, 9.48451400e-01, 3.28230381e-01, 4.58919853e-02,
        1.52124822e+00, 4.98603106e-01, 6.91851825e-02, 2.76620358e-01,
        8.71260464e-01, 3.22689235e-01, 7.27808997e-02, 5.90338372e-02,
        1.44743294e-01, 1.10669628e-01, 1.05956864e+00, 1.42006218e+00,
        1.32318139e-01, 2.89556170e+00],
       [1.94896474e-01, 8.67704153e-02, 1.79464549e-01, 2.40652040e-01,
        2.74184012e+00, 2.39825416e+00, 2.32004255e-01, 8.12521160e-01,
        2.14534644e-02, 9.28296208e-01, 1.53787732e-01, 1.50795851e-04,
        3.15596670e-01, 5.43914780e-07, 1.08836934e-01, 3.77111405e-01,
        1.51286197e+00, 1.43882319e-01, 2.28557438e-01, 1.85297772e-01,
        1.33507922e-01, 6.23924017e-01, 3.57591301e-01, 3.83882523e-01,
        2.70678192e-01, 9.73850489e-02, 2.31999010e-01, 8.91424641e-02,
        1.98467504e-04, 2.87212312e-01, 1.91614091e-01, 7.94423819e-02,
        2.98095383e-02, 1.06063627e-01, 2.85626143e-01, 2.90185027e-02,
        9.85439539e-01, 2.56774854e-02, 3.12802941e-02, 1.34977484e-02,
        1.03871214e+00, 3.20799500e-01, 8.49758327e-01, 2.33902797e-01,
        5.82346581e-02, 1.08363375e-01, 1.68192589e+00, 1.42789352e+00,
        2.76824087e-02, 3.83540726e+00],
       [2.54785031e-01, 5.27478278e-01, 7.04838455e-01, 5.14641225e-01,
        1.80951989e+00, 1.36022055e+00, 1.12503007e-01, 5.98022461e-01,
        4.42172617e-01, 6.45600080e-01, 3.38722515e+00, 9.83944058e-01,
        3.37236762e-01, 3.83993355e-03, 2.86249250e-01, 5.96992254e-01,
        1.60407150e+00, 1.93759665e-01, 8.59292373e-02, 2.73953319e-01,
        5.46807544e-10, 4.80827063e-01, 1.24128744e-01, 2.06446946e-01,
        1.38136223e-01, 9.50924098e-01, 6.87986538e-02, 2.05960676e-01,
        3.80362413e-04, 4.74595428e-02, 2.34446153e-01, 7.85975277e-01,
        3.31786066e-01, 6.39087856e-01, 3.81835639e-01, 7.43569881e-02,
        1.00375748e+00, 9.50850926e-11, 3.42510414e+00, 8.61303627e-01,
        1.39511049e+00, 3.77954245e-01, 3.14224631e-01, 1.28165990e-01,
        2.68842906e-01, 6.43880486e-01, 8.45087409e-01, 9.26892400e-01,
        3.56619358e-02, 5.09297800e+00],
       [2.17202798e-01, 7.69063175e-01, 1.87211767e-01, 1.08273804e-01,
        2.08247757e+00, 2.23809934e+00, 2.47867361e-01, 3.69735658e-01,
        5.90517311e-06, 3.92794871e-04, 2.09514350e-01, 1.90333039e-01,
        2.96046227e-01, 5.85985269e-08, 9.13415643e-05, 5.21137178e-01,
        1.31781781e+00, 2.34834716e-01, 2.99195886e-01, 6.52504936e-02,
        1.45640364e-03, 2.14156494e-01, 5.49211651e-02, 7.33733326e-02,
        1.42822042e-01, 4.84906703e-01, 2.54537910e-01, 5.80036901e-02,
        1.85235217e-01, 1.43800259e-01, 3.32659809e-03, 7.40559623e-02,
        2.32524946e-01, 2.00869769e-01, 2.93534935e-01, 2.20741034e+00,
        8.66087675e-01, 5.67139685e-02, 5.56608327e-02, 2.68473476e-02,
        1.29486549e+00, 1.71810642e-01, 3.88920099e-01, 5.80750518e-02,
        1.50421049e-12, 8.54166150e-02, 1.01287591e+00, 1.42284334e+00,
        1.73813194e-01, 3.62422442e+00],
       [1.66573927e-01, 9.94167104e-02, 1.66901603e-01, 4.08253282e-01,
        2.03802013e+00, 1.24148047e+00, 2.41829445e-10, 1.91013739e-01,
        5.84878951e-11, 3.01489830e-01, 1.00449383e-01, 1.34490585e+00,
        3.57744384e+00, 8.56913924e-02, 3.55977505e-01, 1.07402360e+00,
        1.40660810e+00, 1.80630937e-01, 1.52203709e-01, 5.60280755e-02,
        7.69470155e-01, 1.14200972e-01, 3.35152507e-01, 4.17430490e-01,
        3.48030984e-01, 4.44759786e-01, 2.74259329e-01, 2.19658386e-06,
        7.69189796e-07, 4.54871356e-01, 9.01280046e-01, 2.68331575e+00,
        7.58255199e-02, 5.10993242e-01, 3.34400684e-01, 1.39318973e-01,
        1.03714383e+00, 4.42496508e-01, 2.13977084e-01, 9.37929928e-01,
        6.69411838e-01, 7.44160488e-02, 6.73995078e-01, 4.97644767e-02,
        9.69134644e-02, 1.80432260e-01, 6.07221127e-01, 9.62548971e-01,
        2.17949495e-01, 3.35613894e+00],
       [3.60552341e-01, 2.80292220e-02, 2.95949554e+00, 5.22264540e-01,
        2.17856455e+00, 2.54106611e-01, 9.78385433e-05, 7.77912745e-03,
        8.63660825e-04, 1.37853394e-05, 1.01566106e-01, 8.54648277e-02,
        1.53403491e-01, 5.40790939e+00, 2.46043690e-03, 6.36482053e-03,
        1.10775125e+00, 9.39097907e-03, 2.15829145e-02, 1.42972559e-01,
        3.43341619e-01, 8.08423817e-01, 5.73155642e-01, 1.63135707e+00,
        4.65435088e-01, 3.32644151e-04, 2.80095055e-03, 5.37958369e-03,
        3.70031446e-02, 7.60087729e-01, 4.47659404e-05, 7.39825666e-01,
        9.59059969e-03, 5.52183241e-02, 2.97087729e-01, 1.07313776e+00,
        5.98911531e-02, 2.24000603e-01, 3.60867357e+00, 1.25393784e+00,
        1.44933954e-01, 4.06917763e+00, 2.08047223e+00, 8.53907224e-03,
        7.29563965e-07, 4.47695541e+00, 4.32324409e-03, 1.21586180e+00,
        5.03758430e-01, 2.68740129e+00],
       [2.18350828e-01, 1.09706802e-04, 4.05416608e-01, 5.30559570e-03,
        3.28634095e+00, 2.25157666e+00, 1.57381028e-01, 6.32569253e-01,
        2.14294740e-03, 1.36068329e-01, 2.85295278e-01, 4.75774497e-01,
        2.68802106e-01, 5.26926851e-06, 1.53494775e+00, 7.44748337e-04,
        5.91659963e-01, 2.18261451e-01, 2.78105944e-01, 4.29221615e-02,
        1.74951836e-01, 1.14226148e-01, 4.46877837e-01, 3.62126768e-01,
        1.50841266e-01, 2.43463218e-01, 1.61395088e-01, 3.23437713e-02,
        2.71602272e-04, 3.55862796e-01, 9.75290823e-06, 1.41413733e-01,
        1.78820074e-01, 5.70474149e-05, 2.84800678e-01, 6.53647934e-04,
        7.86698833e-02, 2.63045058e-06, 8.45970929e-01, 2.41295478e-04,
        5.84145248e-01, 4.21803415e-01, 7.40798473e-01, 5.35277431e-05,
        2.55075634e-01, 8.51401210e-01, 1.41945988e-01, 1.70258653e+00,
        1.27386466e-01, 5.12076139e+00],
       [1.63516775e-01, 5.74382782e-01, 1.19360380e-01, 1.66539464e-03,
        2.34361720e+00, 8.43987942e-01, 4.45120372e-02, 6.45546079e-01,
        5.12542069e-01, 4.40525353e-01, 2.13616952e-01, 1.19255829e+00,
        6.30471170e-01, 2.63925251e-02, 5.99732101e-01, 1.13904703e+00,
        1.27842963e+00, 7.02363178e-02, 1.08373761e-01, 4.67423558e-01,
        1.50168389e-01, 4.77641672e-02, 1.74965516e-01, 1.13545448e-01,
        5.74893355e-01, 7.28489041e-01, 4.07368302e-01, 1.53428182e-01,
        2.90248450e-02, 1.18758500e+00, 2.56413311e-01, 2.65493226e+00,
        1.79515500e-11, 1.20100550e-01, 7.77373612e-01, 2.42279358e-02,
        2.86809653e-01, 3.39179248e-01, 4.15133476e+00, 9.05175626e-01,
        1.22942483e+00, 1.83932781e+00, 7.34039366e-01, 3.30800086e-01,
        1.33165598e-01, 4.24211264e-01, 9.97948289e-01, 1.27520454e+00,
        3.25228691e-01, 4.17335892e+00],
       [2.52650023e-01, 1.03390050e+00, 1.54768914e-01, 4.58620518e-01,
        1.80000591e+00, 1.50927758e+00, 3.25863808e-01, 8.80439222e-01,
        1.34367673e-02, 5.74771687e-02, 3.69532883e-01, 3.15277994e-01,
        4.06783342e-01, 2.28236496e-01, 5.87378621e-01, 6.81256533e-01,
        1.92796186e-01, 2.89255023e-01, 4.09715027e-01, 8.41892064e-01,
        1.60880685e-01, 1.69361293e-01, 3.92766535e-01, 5.03757596e-01,
        2.67179519e-01, 1.26190003e-04, 3.90469283e-02, 2.40879992e-08,
        3.10730487e-01, 1.48165837e-01, 4.38450485e-01, 4.93463188e-01,
        2.04859421e-01, 5.88480495e-02, 4.53661501e-01, 1.27773798e+00,
        2.45571280e+00, 2.54137456e-01, 7.66505420e-01, 5.86289525e-01,
        6.83352351e-01, 3.61453950e-01, 2.02847272e-01, 3.28162432e-01,
        3.80167961e-01, 4.59543973e-01, 1.56056166e+00, 1.83028233e+00,
        3.62055033e-01, 3.42310619e+00],
       [2.28679508e-01, 1.01091540e+00, 5.61956838e-02, 4.44248825e-01,
        2.11586523e+00, 9.54853594e-01, 1.60389319e-01, 6.72139227e-01,
        2.30463341e-01, 8.51912439e-01, 6.41939342e-02, 5.14245093e-01,
        7.51576126e-02, 2.23499676e-03, 1.93647161e-01, 3.09776831e-02,
        1.87614262e+00, 4.25237799e+00, 8.78621340e-02, 1.82207525e-01,
        1.16787159e+00, 1.36052430e-01, 1.88754439e-01, 2.32733339e-01,
        7.29709491e-02, 4.75735843e-01, 3.38735759e-01, 1.71336338e-01,
        3.73739313e-05, 4.02068168e-01, 5.88157117e-01, 3.63241762e-01,
        8.47137868e-02, 7.04194367e-01, 1.92131221e-01, 3.04842144e-02,
        6.36636078e-01, 5.77950776e-01, 3.80890608e-01, 4.69050020e-01,
        1.04654610e+00, 2.19008461e-01, 5.65868497e-01, 3.62283945e-01,
        1.59660697e-01, 7.69449845e-02, 1.31194210e+00, 1.16155219e+00,
        4.36904654e-02, 5.45095253e+00],
       [2.32970566e-01, 9.69712794e-01, 3.07829589e-01, 2.87830055e-01,
        2.11280894e+00, 1.14268255e+00, 9.58915427e-02, 1.62486017e-01,
        6.65511549e-01, 3.75040472e-01, 1.28991008e-01, 1.06383729e+00,
        2.28605315e-01, 3.98753255e-05, 8.14975142e-01, 5.62181659e-02,
        1.70737922e+00, 6.13910556e-02, 4.36766911e+00, 3.55608374e-01,
        8.95861268e-01, 5.70074655e-02, 1.04148887e-01, 7.09123239e-02,
        1.01117097e-01, 5.80554485e-01, 5.00903241e-02, 1.40083997e-04,
        4.12599295e-01, 1.01303093e-01, 1.19548731e-01, 3.21712732e+00,
        8.85571390e-02, 3.31429653e-02, 2.00884864e-01, 8.12311843e-02,
        8.14321935e-01, 3.88622023e-02, 4.87130702e-01, 4.06880587e-01,
        6.86159909e-01, 2.54339516e-01, 1.07119620e-01, 6.91715926e-02,
        1.34352848e-01, 8.32036585e-02, 1.24241328e+00, 1.05482101e+00,
        7.27856308e-02, 3.64060092e+00],
       [1.07957311e-01, 3.86884960e-04, 2.84453958e-01, 5.41119039e-01,
        2.57591915e+00, 3.39549035e-01, 1.20903462e-06, 2.07327187e-01,
        5.47122303e-03, 4.01809484e-01, 2.11363927e-01, 8.62051398e-02,
        3.48940253e-01, 1.06870038e-02, 1.12411559e-01, 3.24733675e-01,
        6.60404444e-01, 1.32158831e-01, 1.34261668e-01, 4.00800705e+00,
        7.79479265e-01, 2.37593912e-02, 7.48494267e-01, 4.66875434e-02,
        6.21303558e-01, 8.40647019e-08, 1.10477231e-01, 4.23372164e-08,
        2.85581965e-03, 8.72187793e-01, 5.93178608e-02, 5.70832491e-01,
        7.19689822e-04, 4.71791206e-03, 2.26296950e-02, 6.24318458e-02,
        4.66954149e-03, 2.07982012e-07, 6.24770164e+00, 1.07195520e+00,
        6.81549072e-01, 1.45819235e+00, 2.78062153e+00, 1.20774040e-03,
        6.53043535e-05, 4.95472074e-01, 6.47127211e-01, 3.32238525e-01,
        2.17337478e-02, 3.48556519e+00],
       [7.60997012e-02, 5.98523676e-01, 1.74578190e-01, 1.02791739e+00,
        2.10732651e+00, 1.76207364e+00, 1.97170615e-01, 3.35423917e-01,
        1.46695394e-02, 3.01472731e-02, 1.12755209e-01, 1.91325557e+00,
        2.80441582e-01, 1.74035802e-01, 1.02474165e+00, 1.19251943e+00,
        1.37641919e+00, 1.12976663e-01, 2.33134121e-01, 2.52356831e-14,
        3.32257271e-01, 1.24249160e-01, 1.93229392e-01, 7.74665773e-02,
        1.68226317e-01, 1.16397768e-01, 2.51189321e-01, 1.99106168e-07,
        1.58812047e-03, 5.14863968e-01, 2.11975336e-01, 1.32819167e-07,
        1.73044011e-01, 7.53400564e-01, 1.55030325e-01, 6.94713220e-02,
        2.64166951e-01, 4.22837678e-03, 2.35415921e-02, 9.31117415e-01,
        7.76382983e-01, 1.51900113e-01, 4.78582114e-01, 1.27241477e-01,
        8.58454257e-02, 1.80156618e-01, 2.52897441e-01, 1.75119007e+00,
        1.45172745e-01, 2.59428263e+00],
       [2.80912340e-01, 4.52370435e-01, 2.22420663e-01, 8.83995742e-02,
        2.25054288e+00, 1.02020323e+00, 1.95913032e-01, 7.20933855e-01,
        2.05654606e-01, 2.05296146e-07, 3.18280131e-01, 2.11215869e-01,
        1.22223131e-01, 4.06295480e-03, 3.43488812e-01, 4.24918503e-01,
        1.09740841e+00, 7.30473623e-02, 1.39743805e-01, 4.96723473e-01,
        8.30283538e-02, 3.29862618e+00, 7.72853270e-02, 1.37455508e-01,
        1.65974230e-01, 1.87049732e-01, 3.53858382e-01, 5.49392402e-02,
        1.31949992e-03, 3.87955979e-02, 1.54559642e-01, 1.07737958e+00,
        3.31990033e-01, 3.23908627e-01, 3.01011682e-01, 1.22560014e-03,
        9.32451069e-01, 3.05728931e-02, 1.57005477e+00, 1.43652827e-01,
        1.35611713e+00, 1.64694145e-01, 7.92687535e-01, 2.52198488e-01,
        4.11206931e-01, 3.01710993e-01, 1.00701034e+00, 1.72182548e+00,
        5.37426062e-02, 4.37162733e+00],
       [9.63638201e-02, 3.95696647e-02, 9.80209261e-02, 3.97713244e-01,
        2.43062234e+00, 1.24907184e+00, 8.04998577e-02, 2.37511849e-05,
        2.64580637e-01, 6.25123501e-01, 2.04880998e-01, 7.01539397e-01,
        2.82861680e-01, 3.59303877e-02, 5.56689858e-01, 1.02867770e+00,
        1.76433218e+00, 1.49518043e-01, 1.82149634e-01, 2.86090851e-01,
        1.48080944e-05, 3.87574546e-02, 3.36449957e+00, 3.85128051e-01,
        2.18526244e-01, 7.17417359e-01, 5.03003478e-01, 1.18455313e-01,
        3.47232599e-05, 4.31626379e-01, 7.43706226e-01, 8.43488872e-01,
        2.32852146e-01, 2.16269106e-01, 8.63831576e-12, 2.48427950e-02,
        1.37395549e+00, 7.99594522e-02, 1.74541271e-03, 3.39213647e-02,
        1.47752714e+00, 3.82853955e-01, 6.22123003e-01, 1.09095216e-01,
        2.05813974e-01, 1.68616429e-01, 1.97988772e+00, 1.15064776e+00,
        1.17016315e-01, 5.19923592e+00],
       [3.74060363e-01, 1.74400017e-01, 6.40672088e-01, 1.81008220e+00,
        1.89400339e+00, 6.53692365e-01, 1.28820874e-02, 1.13087699e-01,
        1.05303433e-03, 1.21820509e+00, 3.46355498e-01, 7.96725929e-01,
        1.54860950e+00, 4.81334468e-03, 5.70782006e-01, 4.74591494e-01,
        3.87460105e-02, 9.91787985e-02, 1.85178474e-01, 1.36821615e-02,
        1.32836485e+00, 3.36912155e-01, 4.32410628e-01, 2.34679484e+00,
        1.12852931e+00, 1.07692242e-01, 4.52923119e-01, 5.78682218e-03,
        1.86624750e-02, 1.86762428e+00, 7.30163231e-02, 6.45915449e-01,
        5.30394465e-02, 5.92425205e-02, 2.51790076e-01, 8.05378556e-02,
        5.10574818e-01, 5.15146155e-07, 4.03736066e-03, 1.73218822e+00,
        1.32610047e+00, 2.78559595e-01, 3.29370856e+00, 3.04368138e-01,
        2.01626480e-01, 1.36261988e+00, 2.67427325e-01, 6.90303028e-01,
        2.13877392e+00, 3.48007822e+00],
       [1.74798444e-01, 7.66788900e-01, 1.99021697e-01, 3.02359015e-02,
        1.88581526e+00, 8.88771534e-01, 3.70448269e-02, 3.97893608e-01,
        1.25435488e-02, 1.08341646e+00, 3.87140972e-06, 4.93333310e-01,
        3.26656252e-01, 6.80114748e-03, 1.61188915e-01, 6.76593125e-01,
        2.99192429e-01, 2.81919360e-01, 4.13369149e-01, 3.54548618e-02,
        1.83213401e+00, 9.77517724e-01, 1.16098426e-01, 1.09974158e+00,
        1.88063598e+00, 3.30574065e-01, 4.57414895e-01, 1.06856646e-03,
        1.13807283e-01, 8.16172510e-02, 9.32666212e-02, 1.81874776e+00,
        1.84372693e-01, 1.42054021e-01, 3.39598298e-01, 1.28800094e+00,
        5.57149276e-02, 2.54778355e-01, 3.32230282e+00, 2.00373530e+00,
        1.06473327e+00, 1.04539096e+00, 2.98304582e+00, 2.35614747e-01,
        1.97465286e-01, 6.84745848e-01, 3.77311498e-01, 7.73780942e-01,
        6.08497448e-02, 3.07735276e+00],
       [2.96111733e-01, 5.63057847e-02, 1.13564633e-01, 2.37122105e-04,
        2.65223360e+00, 2.01285100e+00, 1.87596351e-01, 1.01391733e+00,
        3.18772020e-03, 4.92703795e-01, 2.05070704e-01, 2.59928197e-01,
        7.78249577e-02, 1.41626015e-01, 5.76574504e-01, 9.98960197e-01,
        1.26307094e+00, 2.35524312e-01, 2.34615788e-01, 1.60878628e-01,
        3.06394190e-01, 4.21030298e-02, 2.02303916e-01, 2.49304041e-01,
        2.38282949e-01, 1.04764366e+00, 2.45590135e-01, 1.32571608e-02,
        7.10820034e-02, 2.28316486e-01, 2.14655876e-01, 1.43205345e-01,
        2.23734230e-01, 3.98455595e-05, 3.67963254e-01, 1.61950499e-01,
        1.60548675e+00, 1.53268147e-02, 9.50823605e-01, 8.95559788e-03,
        1.25270760e+00, 1.35011807e-01, 5.49263954e-01, 2.44112581e-01,
        2.63630390e-01, 3.23742837e-01, 1.63276422e+00, 1.20208228e+00,
        4.07790914e-02, 4.05393267e+00],
       [8.08952376e-02, 1.05668795e+00, 3.58331501e-01, 2.61375964e-01,
        2.13148952e+00, 1.39085269e+00, 2.95906141e-02, 1.06106699e+00,
        5.71865439e-01, 3.41473907e-01, 1.65820271e-01, 2.11666390e-01,
        9.29983407e-02, 3.06032859e-02, 7.10213840e-01, 4.56077665e-01,
        1.37956786e+00, 7.94594884e-02, 3.50411355e-01, 3.23355973e-01,
        3.03459078e-01, 4.78970289e-01, 1.00586653e-01, 2.11783171e-01,
        1.14240155e-01, 6.01867020e-01, 4.30791187e+00, 4.68879156e-02,
        1.18097156e-01, 4.39879566e-01, 9.32385206e-01, 2.69985485e+00,
        2.14579776e-01, 4.37787265e-01, 7.46637955e-02, 6.09614886e-03,
        6.45907223e-01, 1.02284318e-02, 9.28129554e-01, 9.89457965e-02,
        8.78273726e-01, 2.17340708e-01, 8.80865008e-02, 2.96373218e-01,
        1.14949949e-01, 3.17940801e-01, 1.58733499e+00, 9.16255534e-01,
        3.26189622e-02, 4.54310226e+00],
       [1.50657207e-01, 4.62422222e-01, 5.96878171e-01, 9.88892615e-02,
        2.82556272e+00, 1.65792549e+00, 3.42964716e-02, 2.96441615e-01,
        1.56575945e-04, 1.98682383e-01, 2.05088453e-03, 1.45331085e-01,
        2.74227798e-01, 1.43769467e-02, 2.27968246e-01, 3.51922691e-01,
        3.50981504e-01, 1.21411778e-01, 1.88881531e-01, 1.33242711e-01,
        4.36255127e-01, 1.04523623e+00, 1.36781728e+00, 7.24869728e-01,
        3.20264846e-01, 2.27006420e-01, 2.22527325e-01, 4.03125381e+00,
        9.23812203e-03, 2.36149168e+00, 2.54032943e-06, 1.29158890e+00,
        1.46804094e-01, 1.93886948e-03, 5.06161571e-01, 3.74732018e+00,
        2.80483633e-01, 8.41152221e-02, 1.88934243e+00, 7.64708529e-05,
        1.76229036e+00, 2.20885351e-01, 1.73345900e+00, 1.85742959e-01,
        7.28369206e-02, 6.24035001e-02, 2.48745352e-01, 1.25776517e+00,
        1.63750783e-01, 2.50580502e+00],
       [3.65029693e-01, 6.34782889e-04, 7.30877936e-01, 8.41991901e-01,
        1.46247065e+00, 4.54629064e-01, 3.14772279e-08, 4.65272497e-05,
        2.12771134e-08, 4.55052584e-01, 4.01481599e-01, 7.48507737e-04,
        9.23238337e-01, 7.14690541e-05, 7.75882370e-07, 5.65876067e-01,
        7.32303739e-01, 1.16890818e-01, 1.69581965e-01, 4.17098433e-01,
        1.58532190e+00, 7.80041292e-02, 2.28289664e-01, 2.21336171e-01,
        5.99163651e-01, 4.75805163e-01, 2.54992366e-01, 2.48674216e-04,
        3.17272115e+00, 1.68864417e+00, 6.31587231e-04, 2.02439094e+00,
        2.30518714e-01, 1.49098471e-01, 5.90147257e-01, 8.06978866e-02,
        2.99826264e-04, 1.10278153e-09, 3.39529419e+00, 2.11321640e+00,
        1.29854751e+00, 3.63745809e+00, 2.88032293e+00, 1.43201614e-04,
        3.52997063e-07, 8.30856934e-02, 6.71381533e-01, 1.00351858e+00,
        1.11056149e+00, 2.75272059e+00],
       [1.16781168e-01, 9.09452736e-01, 1.71190634e-01, 4.53003973e-01,
        2.77855301e+00, 1.62578118e+00, 2.98779309e-01, 2.28096545e-03,
        4.24254119e-01, 9.67060696e-05, 1.16322830e-01, 1.35989144e-01,
        3.93187195e-01, 3.65481765e-06, 3.28788191e-01, 7.15590298e-01,
        1.17995188e-01, 3.30388963e-01, 2.47330353e-01, 2.91924953e-01,
        4.82941903e-02, 8.73357713e-01, 2.28062142e-02, 2.43910193e-01,
        2.61848152e-01, 3.41340780e-01, 1.39040530e-01, 9.69215780e-02,
        3.57529934e-05, 3.07790947e+00, 7.26951599e-01, 1.58548027e-01,
        3.19173753e-01, 6.80045038e-02, 4.12465304e-01, 1.60033684e-02,
        1.21634066e+00, 1.91383995e-02, 7.22897947e-02, 4.43149731e-02,
        1.13611937e+00, 5.42861922e-03, 1.17374420e+00, 3.62755507e-01,
        2.26162158e-10, 3.13452899e-01, 1.12568104e+00, 1.21981847e+00,
        1.07833400e-01, 5.91589355e+00],
       [2.61592746e-01, 4.77308750e-01, 2.98408896e-01, 5.14548682e-02,
        2.99075222e+00, 1.96873450e+00, 1.39197797e-01, 4.55550909e-01,
        1.97412744e-02, 2.76929408e-01, 7.29887886e-03, 1.39190987e-01,
        1.64900735e-01, 2.30756942e-02, 1.13148376e-01, 4.16546911e-01,
        1.15137935e+00, 2.27741122e-01, 2.55794227e-01, 1.29964441e-01,
        1.06102943e-01, 3.24019223e-01, 2.51120508e-01, 1.28329128e-01,
        4.67186086e-02, 2.27436314e-09, 2.35286802e-01, 7.03263059e-02,
        2.55463928e-01, 9.63400081e-02, 1.60247326e+00, 5.82889438e-01,
        2.06077054e-01, 1.16980232e-06, 2.48311877e-01, 7.21629262e-01,
        6.03802741e-01, 8.19013044e-02, 1.95366776e+00, 1.28094405e-01,
        1.05864489e+00, 4.35339034e-01, 5.64458013e-01, 7.65712336e-02,
        3.82415857e-03, 4.50254053e-01, 4.97046933e-02, 1.88091850e+00,
        1.93155825e-01, 3.76646805e+00],
       [4.62281734e-01, 4.91529077e-01, 1.20072007e-01, 6.10039532e-01,
        2.81700110e+00, 2.27310705e+00, 1.06520608e-01, 8.35242033e-01,
        7.93054402e-02, 3.15948576e-01, 2.81264007e-01, 1.02809536e+00,
        1.13680817e-01, 7.13521391e-02, 4.32902247e-01, 7.25508900e-03,
        2.50649095e+00, 7.45617300e-02, 1.40974317e-08, 6.36810809e-02,
        3.37556541e-01, 8.25855210e-02, 4.53396410e-01, 6.02431774e-01,
        7.40108117e-02, 7.79627711e-02, 2.76485175e-01, 6.64051622e-03,
        1.98373471e-07, 7.27361977e-01, 4.74889159e-01, 2.27217913e+00,
        1.33939639e-01, 7.45631084e-02, 9.58423391e-02, 9.46734786e-01,
        1.27704847e+00, 4.63000660e-08, 1.77267477e-01, 3.86601955e-01,
        1.05157316e+00, 1.34361833e-01, 1.27829778e+00, 2.46600553e-01,
        1.02720588e-01, 5.89136183e-01, 9.82404947e-01, 1.70819020e+00,
        3.07098180e-01, 4.98102522e+00],
       [1.04944251e-01, 9.39037323e-01, 5.34743905e-01, 1.30745307e-01,
        3.37940693e+00, 1.95127809e+00, 1.13889076e-01, 7.21727133e-01,
        2.38418143e-04, 2.05327079e-01, 2.05491260e-01, 1.66522264e-01,
        3.53073597e-01, 1.14993751e-03, 2.00328752e-01, 1.52199890e-03,
        2.11041108e-01, 2.01109648e-01, 2.13140517e-01, 5.06927788e-01,
        5.87494695e-04, 4.41356122e-01, 2.10275874e-01, 5.48910233e-04,
        9.70167145e-02, 3.68844181e-01, 1.44603774e-01, 2.04656416e-07,
        3.00911441e-02, 4.35705148e-02, 2.49036103e-02, 1.86904624e-01,
        4.92253208e+00, 6.72368515e-07, 1.12088725e-01, 3.13522309e-01,
        1.10929656e+00, 1.53175309e-01, 1.65608570e-01, 7.59335905e-02,
        2.12038541e+00, 3.62632751e-01, 1.00814688e+00, 2.21907243e-01,
        2.40350902e-01, 2.28724822e-01, 6.08056784e-01, 1.28495109e+00,
        9.10696760e-03, 3.29978466e+00],
       [4.28030699e-01, 3.19768820e-04, 6.41532063e-01, 8.88128270e-05,
        3.25520015e+00, 4.90183085e-01, 1.08914788e-08, 1.50646970e-01,
        1.84712808e-05, 8.91209692e-02, 1.07095294e-01, 1.98345765e-01,
        4.75167364e-01, 2.91515113e-04, 2.01419163e-02, 9.35886204e-02,
        1.67094782e-01, 1.92398593e-01, 6.29197972e-10, 6.92002028e-02,
        1.12534635e-01, 4.33133662e-01, 1.64033826e-02, 5.17414570e-01,
        3.59436423e-01, 3.45790545e-06, 2.03351900e-01, 3.00878728e-05,
        8.19844306e-02, 4.30560797e-01, 1.77604239e-03, 1.19105518e-01,
        1.17249690e-01, 3.35311794e+00, 4.67842728e-01, 3.73344922e+00,
        1.92544714e-01, 9.44515504e-03, 3.98884559e+00, 1.07357770e-01,
        5.67543089e-01, 5.24670780e-01, 1.48564589e+00, 1.83420494e-01,
        1.09540811e-02, 9.27509546e-01, 5.95904350e-01, 1.55883503e+00,
        2.54532009e-01, 3.65538812e+00],
       [2.02026218e-01, 5.24178386e-01, 1.53756857e-01, 1.75530780e-02,
        3.08577061e+00, 2.13135362e+00, 1.56642403e-02, 6.08966827e-01,
        4.77600079e-05, 1.25618041e-01, 2.56578177e-01, 1.98298730e-02,
        2.75606811e-01, 2.53362656e-02, 4.91094500e-01, 1.11387275e-01,
        8.69280159e-01, 1.00197934e-01, 2.24698677e-08, 1.44268319e-01,
        2.17245609e-01, 2.66633600e-01, 2.92246222e-01, 1.65224567e-01,
        6.83160761e-06, 4.24872816e-01, 2.24441350e-01, 4.55388315e-02,
        1.23438768e-01, 4.00280148e-01, 1.44783002e-07, 4.50165898e-01,
        1.96926892e-02, 6.55879267e-04, 4.57831669e+00, 2.56071362e-04,
        9.89338100e-01, 5.01108496e-03, 1.15122594e-01, 3.70744965e-04,
        1.11647379e+00, 1.63585514e-01, 3.57107848e-01, 2.22548805e-02,
        2.11654440e-01, 5.72617203e-02, 9.79392171e-01, 1.57084441e+00,
        3.69572192e-02, 6.09608650e+00],
       [2.83380717e-01, 7.28811920e-01, 2.53343135e-01, 5.96643150e-01,
        1.75783837e+00, 8.35959792e-01, 2.49052614e-01, 6.13480031e-01,
        5.00814319e-02, 6.10493600e-01, 4.62244153e-01, 9.49060440e-01,
        7.09911346e-01, 1.21770494e-01, 6.57478254e-03, 7.27384686e-01,
        1.32590473e+00, 2.04259276e-01, 2.32817426e-01, 4.02445614e-01,
        7.05625892e-01, 1.04555465e-01, 3.22848320e-01, 1.05236948e-01,
        3.13659281e-01, 7.50364604e-10, 4.85032052e-01, 5.60583360e-03,
        6.53229058e-02, 1.11505695e-01, 1.10550351e-01, 1.57103062e+00,
        3.08827668e-01, 4.46904898e-02, 6.25364602e-01, 1.65050101e+00,
        5.90804517e-01, 5.13631925e-02, 8.36827457e-02, 2.98222423e-01,
        1.01071107e+00, 2.24477625e+00, 1.28476083e+00, 1.02663934e-01,
        3.92729938e-01, 5.58608711e-01, 1.72216308e+00, 1.24020159e+00,
        1.73827067e-01, 4.08532238e+00],
       [2.30238423e-01, 1.09118938e+00, 3.84458542e-01, 1.79682195e-01,
        1.98991525e+00, 2.63287973e+00, 4.50047135e-01, 6.40188396e-01,
        1.62375391e-01, 5.69420168e-03, 9.58380044e-01, 1.19747114e+00,
        6.18155718e-01, 4.62899088e-08, 4.38335955e-01, 7.39393890e-01,
        2.33554929e-01, 5.22267222e-01, 4.37519938e-01, 9.39237654e-01,
        2.10579142e-01, 2.67319709e-01, 5.26699007e-01, 3.26556951e-01,
        5.63145101e-01, 3.24153029e-06, 4.26905096e-01, 3.91206950e-01,
        2.57665932e-01, 1.50890067e-01, 1.11049330e-05, 1.55455315e+00,
        2.08310321e-01, 7.52867237e-02, 7.04658091e-01, 2.72260513e-03,
        7.25324094e-01, 1.22413775e-02, 1.13794774e-01, 4.83850501e-02,
        1.52341437e+00, 7.23820150e-01, 5.87870955e-01, 5.48216343e-01,
        6.63257360e-01, 5.45788705e-01, 1.74703860e+00, 1.69462585e+00,
        2.37709433e-01, 3.05406594e+00],
       [2.69152224e-01, 1.22446704e-06, 4.55682784e-01, 1.09953448e-01,
        4.39762354e+00, 1.81240654e+00, 2.04362512e-01, 6.16980076e-01,
        1.13261258e-02, 8.38772282e-02, 3.02652806e-01, 4.55910228e-02,
        2.44789824e-01, 1.85741275e-03, 4.33709890e-01, 9.39725190e-02,
        1.36722177e-01, 9.15897936e-02, 1.51853174e-01, 1.18773639e-01,
        2.46862695e-02, 1.86730623e-01, 3.94311339e-01, 3.37212682e-01,
        1.35738179e-01, 1.91937357e-01, 2.21128732e-01, 1.97381988e-01,
        6.71336353e-02, 3.26049954e-01, 7.33605325e-02, 1.12507127e-01,
        2.89465010e-01, 7.08910963e-03, 3.96648869e-02, 1.02490857e-02,
        4.79302436e-01, 3.84539080e+00, 1.27948308e+00, 6.85712090e-04,
        1.43377352e+00, 2.40718290e-01, 7.16566265e-01, 1.05849877e-01,
        9.45207551e-02, 1.22799270e-01, 4.98110196e-03, 2.01909471e+00,
        8.77979863e-03, 3.87103176e+00],
       [4.77914602e-01, 2.08139002e-01, 4.92248267e-01, 2.91133281e-02,
        2.26563978e+00, 5.31834126e-01, 4.51047942e-02, 7.31657849e-07,
        1.54844731e-01, 1.41891735e-02, 2.15929762e-01, 7.18120813e-01,
        6.30670309e-01, 1.06054040e-06, 3.30270268e-05, 1.07028794e+00,
        5.18986762e-01, 2.46472016e-01, 2.48083845e-01, 5.70290685e-01,
        8.71477379e-09, 8.17277372e-01, 1.14431369e+00, 6.91185415e-01,
        1.87392294e+00, 3.82171010e-07, 2.32370853e-01, 1.73256293e-01,
        8.62238631e-02, 9.19327855e-01, 1.48752779e-01, 7.54085064e-01,
        1.05783837e-02, 3.88630718e-01, 1.73463210e-01, 2.08858991e+00,
        7.06417812e-03, 2.06977005e-10, 7.68058658e-01, 6.50403082e-01,
        6.86415255e-01, 2.54496098e+00, 1.46182275e+00, 9.56149176e-02,
        1.33280352e-01, 2.25447249e+00, 3.48199576e-01, 1.23837531e+00,
        1.08889234e+00, 3.61607432e+00],
       [2.65011191e-01, 6.86973989e-01, 2.29504451e-01, 5.00405252e-01,
        2.98582387e+00, 1.16087341e+00, 1.12400472e-01, 4.97624171e-07,
        5.60057524e-04, 9.15597603e-02, 2.50780225e-01, 1.15939045e+00,
        3.77656102e-01, 7.49471774e-09, 2.72102445e-01, 1.25600886e+00,
        1.61224687e+00, 2.32912108e-01, 2.98038542e-01, 1.62627511e-02,
        1.99988633e-01, 6.87204897e-02, 3.00764114e-01, 3.29004377e-01,
        1.26883760e-01, 1.45514771e-01, 2.55502850e-01, 3.66046429e-02,
        3.30270022e-01, 4.23237950e-01, 3.93634111e-01, 8.10521126e-01,
        7.84576908e-02, 4.93287924e-04, 3.17789435e-01, 1.33656383e-01,
        1.05334449e+00, 3.96852382e-02, 2.04701617e-01, 1.03756440e+00,
        1.20988858e+00, 2.22341716e-01, 3.01242143e-01, 2.30277866e-01,
        1.25767478e-11, 3.33025336e-01, 1.54170620e+00, 1.39501250e+00,
        1.29566520e-01, 3.05666327e+00],
       [2.18779787e-01, 2.43028775e-02, 1.34764701e-01, 1.36908874e-01,
        2.04013491e+00, 1.20331907e+00, 2.90861100e-01, 4.57831502e-01,
        4.27390958e-08, 1.08382988e+00, 4.29401487e-01, 1.70893848e+00,
        8.92024457e-01, 2.88100591e-06, 2.33282708e-02, 2.58667397e+00,
        6.38908029e-01, 6.21262729e-01, 6.30157888e-01, 3.21420431e-01,
        2.28339985e-01, 5.02535284e-01, 1.58021539e-01, 1.96797118e-01,
        8.07516634e-01, 1.10110545e+00, 6.34296715e-01, 4.25249600e-04,
        1.58693751e-06, 4.43292141e-01, 4.55921412e-01, 9.31514502e-01,
        3.77138704e-01, 2.45068295e-05, 6.74848139e-01, 3.14004922e+00,
        1.48991358e+00, 4.17481363e-02, 4.57044871e-06, 1.24907470e+00,
        3.20891201e-01, 1.33633471e+00, 8.87173951e-01, 2.60053009e-01,
        5.12889266e-01, 2.41936490e-01, 1.08218443e+00, 1.01231575e+00,
        5.78161120e-01, 2.21439433e+00],
       [2.30614126e-01, 1.24722433e+00, 4.64026257e-02, 1.02048075e+00,
        1.49878383e+00, 9.68080103e-01, 8.96258727e-02, 1.36345100e+00,
        8.24721098e-01, 9.45720136e-01, 1.94514364e-01, 1.92739904e-01,
        3.45572978e-01, 4.47972889e-06, 1.31559953e-01, 1.15207350e+00,
        9.45227027e-01, 7.59811521e-01, 5.44519305e-01, 6.07714593e-01,
        1.49714077e+00, 1.19933747e-01, 3.27402204e-01, 2.81471997e-01,
        8.86608437e-02, 8.28185061e-04, 2.08329067e-01, 1.50487560e-03,
        3.76217827e-06, 2.60305107e-01, 2.05795243e-01, 2.99297380e+00,
        2.35647663e-01, 6.34141028e-01, 3.78600091e-01, 9.14727025e-06,
        1.90668464e-01, 5.81256986e-01, 1.72891414e+00, 1.46695662e+00,
        9.77775514e-01, 2.50308132e+00, 3.48292649e-01, 8.83585215e-02,
        2.08294616e-04, 5.22042327e-02, 2.23390884e-06, 8.35419357e-01,
        2.61170089e-01, 3.34687853e+00],
       [4.21930164e-01, 1.65372878e-01, 1.97020769e-01, 1.79537505e-01,
        2.62158012e+00, 1.09064329e+00, 9.70359147e-02, 4.11622047e-01,
        5.07063530e-02, 5.79327524e-01, 3.42467576e-01, 4.22455102e-01,
        3.86745840e-01, 1.16622783e-02, 2.31416404e-01, 1.02502048e+00,
        6.24084473e-01, 1.98194250e-01, 2.51410574e-01, 2.25634590e-01,
        1.12950909e-06, 1.11648214e+00, 2.77491784e+00, 1.07156336e-01,
        4.80318099e-01, 4.80904710e-03, 3.67903590e-01, 9.11737443e-04,
        1.17364518e-01, 1.02723849e+00, 1.12672485e-01, 5.92911184e-01,
        4.42657483e-06, 2.21450314e-01, 6.82910144e-01, 5.65858936e+00,
        1.39687073e+00, 6.90420665e-10, 3.18286508e-01, 3.94650809e-02,
        1.05973601e+00, 7.50365496e-01, 1.39325333e+00, 3.22440267e-01,
        1.99017540e-01, 8.15486908e-02, 1.14687729e+00, 1.41851163e+00,
        7.94774890e-01, 3.74664450e+00],
       [5.35636485e-01, 2.25652263e-01, 1.22823834e-01, 4.27311286e-02,
        1.72712111e+00, 7.87566602e-01, 7.30210617e-02, 5.72716892e-01,
        9.24967155e-02, 7.32720764e-08, 1.73921883e-01, 7.47930765e-01,
        2.22553343e-01, 8.64444673e-02, 3.63236159e-01, 4.63259481e-02,
        9.87498045e-01, 4.93262976e-01, 1.30297914e-01, 4.96010929e-01,
        2.58974403e-01, 1.16725214e-01, 8.60043645e-01, 9.81212080e-01,
        2.86050946e-01, 5.64769387e-01, 3.13101798e-01, 1.12788891e-03,
        1.07084103e-02, 2.55298138e-01, 1.75626134e-03, 1.12785649e+00,
        1.72640681e-01, 2.46542007e-01, 7.81978786e-01, 9.22354043e-01,
        5.42954206e-01, 1.22558465e-02, 2.19874606e-01, 1.48568976e+00,
        1.19408500e+00, 7.47936592e-02, 2.86364388e+00, 3.43083262e+00,
        1.77690238e-01, 4.92501885e-01, 1.47515729e-01, 1.44950807e+00,
        1.05975367e-01, 2.68736863e+00],
       [2.72293150e-01, 2.04977214e-01, 6.34252310e-01, 2.47333080e-01,
        2.90898275e+00, 1.28827012e+00, 2.57000089e-01, 1.24548304e+00,
        1.52720055e-02, 6.73480868e-01, 3.83063257e-01, 2.39823014e-03,
        5.35999298e-01, 3.23316865e-02, 6.00310862e-01, 1.00336067e-01,
        4.55318242e-02, 2.80192405e-01, 2.53641486e-01, 4.73770708e-01,
        4.76459354e-01, 1.07581615e+00, 5.19332051e-01, 4.79546905e-01,
        2.15459600e-01, 9.18543518e-01, 7.10263923e-02, 6.07855320e-02,
        6.73841983e-02, 3.76063287e-01, 3.99125020e-05, 1.22796349e-01,
        1.10131755e-01, 2.18975428e-03, 3.22321296e-01, 1.17627048e+00,
        1.39208174e+00, 3.39628309e-01, 1.00279355e+00, 5.89647055e-01,
        1.71989608e+00, 1.14129677e-01, 9.74348068e-01, 4.06314731e-01,
        3.88910842e+00, 5.74540615e-01, 2.02277780e-01, 1.00478172e+00,
        2.67617162e-02, 1.92397761e+00],
       [2.60346532e-01, 1.89577043e-02, 4.37905192e-01, 9.98859832e-06,
        2.87927580e+00, 1.74386322e+00, 1.99930221e-01, 6.68018997e-01,
        4.89171782e-07, 1.07845142e-01, 1.54578894e-01, 1.05650410e-01,
        4.53216404e-01, 1.97195694e-01, 4.49129317e-07, 3.09191596e-11,
        1.76625526e+00, 3.21853518e-01, 3.45476300e-01, 2.07189232e-01,
        3.16679627e-01, 1.04866341e-01, 2.46641397e-01, 4.87943172e-01,
        7.38624454e-01, 3.51203902e-08, 6.90017939e-02, 1.98382467e-01,
        7.91226793e-03, 9.21154022e-01, 6.72897915e-09, 2.12566882e-01,
        2.45742664e-01, 2.08216812e-02, 5.09333685e-02, 2.77005583e-01,
        8.71813416e-01, 3.41274962e-03, 5.00078976e-01, 1.41390517e-01,
        1.15175903e+00, 3.33980381e-01, 4.17081892e-01, 2.31685136e-02,
        1.84598699e-01, 3.98824215e+00, 1.87336397e+00, 1.80535102e+00,
        2.38129169e-01, 3.12677455e+00],
       [1.43702835e-01, 9.52608347e-01, 2.96917886e-01, 5.87110519e-01,
        2.31832027e+00, 1.42553294e+00, 9.08408463e-02, 7.50065923e-01,
        4.33240086e-03, 7.86799646e-04, 2.73119837e-01, 3.50870699e-01,
        2.67144650e-01, 4.52848617e-04, 2.03578384e-06, 7.27312684e-01,
        1.13622153e+00, 2.34911844e-01, 9.17473342e-03, 3.65729094e-01,
        7.04812407e-01, 8.16420987e-02, 2.70810753e-01, 4.25917625e-01,
        2.40618587e-01, 2.25061908e-01, 4.58197668e-02, 5.65091521e-02,
        6.01316616e-03, 3.10057521e-01, 7.32950643e-02, 2.36697763e-01,
        2.88052410e-01, 1.05232056e-02, 1.84105799e-01, 4.18857522e-02,
        1.12532341e+00, 2.34296191e-02, 6.76253065e-02, 2.19130069e-01,
        8.39932323e-01, 6.32682443e-01, 4.39991862e-01, 1.63486779e-01,
        2.91415869e-09, 5.25395155e-01, 6.08343422e-01, 1.75779641e+00,
        1.36759028e-01, 4.02573633e+00],
       [5.79802096e-01, 5.08076921e-02, 5.21335721e-01, 3.35256271e-02,
        1.85085213e+00, 1.11253953e+00, 4.35135420e-03, 7.08897337e-02,
        2.59676948e-03, 1.04396611e-01, 1.33221552e-01, 4.71868157e-01,
        4.11937982e-01, 1.66466665e-02, 2.01622993e-02, 1.06854057e+00,
        1.85984170e+00, 5.78155704e-02, 7.91325122e-02, 4.14762855e-01,
        9.17728539e-06, 2.05641553e-01, 5.60318851e+00, 5.87423921e-01,
        1.80263269e+00, 1.96050131e-03, 2.40464248e-02, 2.45875809e-02,
        5.74193358e-01, 1.22435105e+00, 1.98769854e-07, 1.88432589e-01,
        8.26448598e-09, 3.57143044e-01, 3.36843818e-01, 5.33663940e+00,
        9.12391365e-01, 5.57485400e-08, 6.03398848e+00, 4.93909642e-02,
        1.97298110e-01, 3.26820350e+00, 1.51741159e+00, 7.38048600e-03,
        5.11140330e-03, 5.15433550e+00, 2.18934208e-01, 4.79112953e-01,
        5.13198316e-01, 2.56542397e+00],
       [5.27601123e-01, 4.84513730e-05, 1.86761320e+00, 1.30999458e+00,
        1.21086013e+00, 5.44856906e-01, 7.15917442e-04, 4.53258455e-02,
        1.19244969e-02, 1.10429609e+00, 4.17192608e-01, 2.57395655e-01,
        1.58582151e+00, 3.03136534e-04, 7.24078427e-06, 6.14946544e-01,
        6.75174773e-01, 8.07741359e-02, 5.40751629e-02, 3.01029384e-02,
        1.38285542e+00, 3.61779988e-01, 1.37216926e-01, 5.15057683e-01,
        5.34120500e-01, 4.52981114e-01, 1.03199258e-01, 1.74832053e-07,
        7.52801643e-05, 1.80573809e+00, 2.16292236e-02, 1.73706675e+00,
        8.62196982e-02, 2.42740706e-01, 6.64442539e-01, 6.41233504e-01,
        1.35060325e-01, 1.24587078e-08, 3.00055742e+00, 1.73342824e+00,
        9.71948028e-01, 7.04707444e-01, 3.56916380e+00, 2.16683581e-01,
        4.31219488e-02, 2.27667108e-01, 4.61950064e-01, 7.82828271e-01,
        1.31397820e+00, 3.32642770e+00],
       [5.58266103e-01, 1.04158558e-01, 2.50261009e-01, 2.37964727e-02,
        1.81261551e+00, 2.24354696e+00, 2.35241875e-01, 5.23231745e-01,
        1.83126912e-01, 7.04196170e-02, 1.16981792e+00, 4.93276119e-01,
        7.21769452e-01, 2.16879323e-01, 1.04259880e-05, 7.18955100e-01,
        3.57911086e+00, 3.07892710e-01, 4.11993235e-01, 2.01542765e-01,
        1.50934875e-01, 9.31184664e-02, 6.24930680e-01, 3.03337276e-01,
        2.33749464e-01, 4.76158299e-02, 4.06357080e-01, 1.95013031e-01,
        1.16597497e+00, 9.41102445e-01, 1.45621482e-09, 1.40810883e+00,
        4.45178866e-01, 6.01384521e-01, 3.14673513e-01, 4.36206073e-01,
        2.22469854e+00, 1.89177766e-01, 5.08785367e-01, 2.97539476e-02,
        5.96273601e-01, 2.62164674e-03, 4.92667817e-02, 3.41411978e-01,
        4.50355232e-01, 2.75538564e-01, 2.01214862e+00, 2.24239445e+00,
        3.68721128e-01, 6.16070256e-02]], dtype=float32), 'x0': array([9.80145633e-02, 1.58850059e-01, 7.86743294e-06, 1.33285344e-01,
       3.66042211e-17, 2.64857212e-12, 5.96295856e-03, 6.84658717e-03,
       7.80149782e-03, 5.83536744e-01, 4.82465290e-02, 3.99892554e-02,
       5.74317157e-01, 2.19394088e-01, 9.07418579e-02, 4.21338618e-01,
       8.61805675e-05, 1.46365181e-01, 4.62336364e-10, 1.73824698e-01,
       1.00722909e-02, 7.61493668e-02, 4.51346190e-19, 5.60133136e-04,
       2.96755154e-02, 2.77146969e-11, 1.22082902e-05, 2.08388567e-01,
       3.48053090e-02, 1.28645601e-03, 2.68562115e-08, 3.68786566e-02,
       1.71712774e-04, 8.74050558e-01, 4.84647341e-02, 2.93401062e-01,
       7.36958534e-02, 7.30653629e-02, 3.37606459e-03, 1.12804341e+00,
       1.00482166e+00, 9.53902083e-04, 4.75079887e-08, 4.85722460e-02,
       5.90799376e-03, 1.13202477e+00, 1.97418138e-01, 1.84000954e-02,
       6.83399856e-01, 7.05221537e-05, 3.36239152e-02, 5.28625810e-10,
       7.35448508e-12, 5.20725043e-05, 6.14839792e-06, 1.00300595e-01,
       6.22416032e-04, 1.55341417e-01, 2.69562602e-01, 6.97240606e-02,
       5.05596757e-01, 7.15951610e-04, 7.27316856e-01, 7.70582110e-02,
       2.69698501e-02, 5.38260303e-02, 1.78405158e-02, 1.30337983e-01,
       4.36418504e-02, 1.79883957e-01, 1.68384358e-01, 6.85964478e-04,
       2.86090612e-01, 1.60473585e-01, 3.75317410e-03, 5.05777076e-02,
       6.63939910e-03, 1.00223979e-05, 9.90638455e-06, 5.69657641e-06,
       1.81830197e-04, 2.43098754e-02, 2.71697283e-01, 1.48078678e-02,
       8.52942526e-01, 4.39542264e-01, 1.22600980e-02, 1.96228877e-01,
       4.12939340e-02, 2.94137560e-02, 1.01357221e-10, 1.17680347e-02,
       6.62345730e-04, 2.49638304e-01, 1.46496149e-10, 3.69742338e-07,
       2.26927344e-09, 5.91781661e-02, 1.10351525e-01, 1.10222483e+00,
       5.81075251e-01, 4.64788027e-05, 2.17917794e-03, 3.68971552e-04,
       2.99261250e-02, 3.06954324e-01, 2.04897132e-02, 1.05740863e-03,
       6.38118386e-02, 1.00533133e-02, 1.29585527e-02, 2.62899790e-04,
       1.31095669e-06, 3.18001918e-02, 8.27662408e-01, 1.47065178e-01,
       2.81488180e-01, 5.93114018e-01, 1.74360292e-04, 3.27404857e-01,
       9.53409135e-01, 9.53714401e-02, 5.30914962e-01, 7.72693679e-02,
       2.95006998e-07, 7.04578832e-02, 5.52981555e-01, 1.99645292e-04,
       2.54356533e-01, 4.79028106e-09, 7.33077060e-03, 1.20918278e-03,
       8.50446102e-10, 5.87794892e-02, 1.01698721e-02, 2.69273579e-01,
       2.48611812e-03, 4.00018544e-05, 4.46695358e-01, 9.17604326e-11,
       2.55121146e-09, 1.12955606e+00, 5.39578140e-01, 7.05604106e-02,
       5.26997805e-01, 4.25736547e-01, 5.35945129e-03, 3.25142336e-03,
       3.66892716e-09, 3.67591929e-05], dtype=float32), 'nUIV_to_SIR': {'weight': array([[ 1.49349   ,  0.32632738,  0.02799955],
       [ 1.2536523 ,  1.2533187 , -0.42787972],
       [-0.415656  ,  0.6061137 ,  0.9539559 ]], dtype=float32)}}
SIR MODEL PARAMETERS
beta : 45.0
gamma : 0.5
x0 : [0.5 0.5 0. ]
num_hosts : 50
NUIV MODEL PARAMETERS
beta : [ 5.2834063   7.7554073   3.9508853   7.837057    2.5212169   1.9645163
  4.612592    4.036086    3.0970445   5.89665     3.028244    9.771647
  3.4098608   3.658492    3.5634792   2.823159    4.793822    0.83028865
  2.11102     1.8662555   4.99575     1.4260337   5.027828    2.2422683
  3.8907208  11.140734   11.444295    3.8662162   3.840855    3.511556
  4.1210623   3.634092    4.8924394   4.751784    8.092923    3.5401545
  2.6217299   5.297179    4.3515353   4.978163    7.1254606   8.182337
  8.872817    1.8758627   3.4913461   3.0688887   3.919186    2.9401503
  3.206491    2.86804   ]
delta : [3.73146213e-05 3.27598548e+00 7.39512444e-02 6.75417542e-01
 4.49225958e-03 1.30092360e-06 2.03400152e-03 3.58517241e+00
 3.36563730e+00 2.92184830e-01 7.12814694e-03 4.08198506e-01
 1.93919823e-01 1.45170126e-10 3.14031616e-02 2.59787947e-01
 1.44442403e+00 3.47269082e+00 1.28856242e-01 1.94936209e-08
 1.66112840e-01 9.65034366e-02 9.62155238e-02 2.18277989e-07
 2.41931132e-03 4.12535071e-01 8.35150301e-01 8.48483032e-05
 2.22072384e-04 8.07527602e-02 6.42728359e-02 2.66914868e+00
 4.27761152e-02 1.31124705e-01 7.58657977e-03 8.31268847e-01
 2.59382708e-04 1.27504253e+00 5.78501076e-02 5.15144467e-01
 2.53106563e-10 1.23783454e-01 7.07770735e-02 2.43261736e-02
 3.31226826e-01 9.98837352e-02 3.33394599e+00 6.88301270e-06
 1.23924774e-05 1.28158259e+00]
p : [8.3467841e-01 6.3749292e-04 4.4546199e-01 5.8678295e-02 1.0654316e+00
 2.7463320e-01 3.7431318e-01 2.6892995e-02 2.3608911e-03 1.6128431e-01
 2.1332917e-01 1.7006175e-01 1.7614834e-02 8.9873689e-01 1.8034596e-02
 5.3864306e-01 2.7668543e-02 2.6463373e-03 9.0301640e-08 9.1502225e-01
 7.4717687e-03 1.5755355e-01 1.7201822e-03 9.6530169e-01 9.5080090e-01
 7.8998310e-03 9.4157632e-04 6.7367065e-01 6.8247283e-01 1.8910442e-01
 2.1267501e-01 6.2834370e-05 2.8219217e-02 5.6702149e-01 1.3163224e-01
 1.0590203e-01 2.4301630e-01 5.3155166e-03 9.0820336e-01 1.6775094e-01
 1.9093095e+00 9.5890409e-01 1.3713136e+00 6.2573338e-01 6.2086707e-04
 9.8847389e-02 3.8871080e-02 1.4704493e+00 1.0696751e+00 1.6084650e-01]
c : [3.4286423e-08 2.2734251e+00 4.6041220e-09 2.0399163e+00 1.7894860e-01
 6.8072990e-02 1.0923404e+00 2.4525142e+00 1.7790399e+00 2.2094758e+00
 2.4700178e-01 1.5732622e+00 8.2681549e-01 3.9063150e-01 2.5237341e+00
 1.2563493e+00 9.1802664e-02 5.5282831e-01 8.7976968e-01 9.2725927e-01
 1.1652462e+00 4.7322989e-01 1.3426215e-12 2.6912799e-01 4.1623423e-01
 2.0963867e+00 4.9684364e-01 1.4364181e+00 5.3535163e-01 1.2593392e-09
 2.0234931e+00 7.3318630e-01 1.1372808e+00 1.1989765e+00 1.2574059e+00
 1.0932587e-02 2.0596357e-01 1.9183857e+00 7.8322716e-02 1.2542073e+00
 1.0896635e+00 8.2225129e-03 5.7064998e-01 4.3404391e-01 1.0181545e+00
 4.3671364e-01 7.5105804e-01 7.8326128e-09 2.2757506e-01 3.5559154e-01]
t : [[2.44480300e+00 1.42055079e-01 8.57140005e-01 1.22748971e+00
  1.21692467e+00 9.83894646e-01 7.98522234e-02 6.97866261e-01
  2.71767259e-01 5.29376894e-06 1.77350923e-01 3.68875474e-01
  7.39151657e-01 8.74901749e-03 4.47787255e-01 3.31015252e-02
  3.51768196e-01 2.40727395e-01 1.92593336e-01 8.92609119e-01
  8.52539718e-01 1.15488410e-01 1.99748838e+00 5.55656195e-01
  2.17679709e-01 5.34210205e-01 1.22684360e-01 2.01174975e-04
  2.06290116e-03 2.51216984e+00 2.78448500e-02 7.42204249e-01
  3.99630785e-01 2.95948293e-02 4.75507796e-01 2.62026930e+00
  2.33862787e-01 6.34407401e-02 2.26688743e-01 1.80534792e+00
  1.18725038e+00 4.95722592e-01 2.63426876e+00 1.07676476e-01
  3.23504120e-01 1.70809233e+00 3.71550679e-01 8.58443618e-01
  6.56300664e-01 3.02081823e+00]
 [9.61918570e-03 9.57095683e-01 2.20695093e-01 3.27216893e-01
  3.41050553e+00 2.47855496e+00 1.89873576e-01 6.00775778e-02
  5.70535939e-03 2.43398428e-01 1.45775557e-01 3.91757101e-01
  2.75197923e-01 2.00678542e-01 1.38083220e-01 4.54767078e-01
  2.30213952e+00 1.62665397e-01 9.91350263e-02 2.26072997e-01
  2.68898606e-01 4.27739769e-01 2.94042081e-01 6.86355412e-01
  2.48499423e-01 2.39019275e-01 2.50713319e-01 8.98932889e-02
  3.86640131e-01 2.48040065e-01 4.14671078e-02 4.33788955e-01
  2.08101183e-01 5.11798747e-02 3.35714936e-01 9.04699266e-01
  1.62312353e+00 1.53064961e-02 6.92745626e-01 1.47231985e-02
  7.68366814e-01 1.58876270e-01 3.11303377e-01 1.39523908e-01
  2.58884132e-01 2.46155813e-01 1.58181882e+00 1.83364785e+00
  2.41538405e-01 3.45841074e+00]
 [1.00258276e-01 4.43713218e-01 4.31700850e+00 4.21648979e-01
  2.75832629e+00 9.62356806e-01 5.93620513e-08 6.22500062e-01
  1.14458166e-02 1.44243002e-01 3.76298815e-01 5.84147573e-01
  1.12018853e-01 5.75559447e-03 7.43836880e-01 4.68497217e-01
  8.86200368e-01 3.87225509e-01 1.92281827e-01 6.20446987e-02
  1.12843990e+00 7.16435671e-01 6.07489049e-01 5.12622714e-01
  3.46001238e-01 1.42267868e-01 2.54338026e-01 6.26342297e-02
  6.82247162e-04 5.76745495e-02 6.50453448e-01 9.64089394e-01
  9.95476171e-02 7.78162503e-04 5.19858263e-02 8.38320702e-03
  1.10809803e+00 1.52479897e-05 4.53422427e-01 3.84712517e-02
  1.96519780e+00 2.55421340e-01 1.53279698e+00 2.18968377e-01
  2.65748262e-01 3.80635798e-01 1.27751267e+00 9.46434617e-01
  4.76437867e-01 4.37450218e+00]
 [8.60589296e-02 2.18672067e-08 2.60639220e-01 9.81601655e-01
  3.27768373e+00 2.05134821e+00 1.39598653e-01 7.22743928e-01
  8.87597725e-03 5.35953417e-02 2.75968552e-01 2.84718495e-04
  1.69923887e-01 3.03364766e-04 8.47279608e-01 1.06494598e-01
  1.85319149e+00 2.88053989e-01 2.31563866e-01 3.29508364e-01
  3.81507039e-01 8.16607997e-02 5.09317160e-01 2.02023372e-01
  1.06636271e-01 4.22876000e-01 3.07802022e-01 3.88069488e-02
  4.82731033e-03 5.23513258e-01 3.28376561e-01 7.60525107e-01
  2.81303197e-01 3.12818855e-04 3.02482128e-01 1.04901067e-03
  1.50298381e+00 7.27669299e-02 2.31324449e-01 1.03759561e-02
  1.57176638e+00 2.76580423e-01 6.26827776e-01 1.07055135e-01
  3.92555445e-02 3.15984279e-01 1.32841575e+00 1.38357747e+00
  9.91046876e-02 4.07127476e+00]
 [5.97123988e-02 1.20653531e-05 1.74451604e-01 1.87232636e-03
  2.31720492e-01 3.73175049e+00 1.18823379e-01 7.99165666e-03
  7.16652676e-06 2.75396445e-07 9.94997397e-02 1.37420641e-02
  1.71250594e-03 4.49309289e-01 1.60191064e-07 1.46468347e-02
  2.68350530e+00 2.53348090e-02 1.55821159e-01 2.38837730e-02
  5.33241369e-02 3.53783339e-01 2.64970988e-01 1.56485200e-01
  2.90706962e-01 1.28593441e-04 1.37238160e-01 6.64812997e-02
  1.84590447e+00 1.17776811e+00 3.49515062e-06 9.13988879e-06
  8.41376483e-02 6.50938272e-01 7.96105042e-02 4.19005346e+00
  1.92634082e+00 1.84205864e-02 6.35205448e-01 1.17370240e-01
  6.63879097e-01 2.83110827e-01 2.11791873e-01 1.01176068e-01
  8.84092879e-03 3.19598526e-01 1.44558317e-05 2.05355859e+00
  8.02086219e-02 2.52368426e+00]
 [3.78601730e-01 6.82998717e-01 2.18037665e-02 1.11825415e-03
  2.15071917e+00 1.54124767e-01 5.38937896e-02 3.46995562e-01
  1.73861394e-03 5.17861079e-03 2.03789279e-01 2.58036107e-01
  1.70146391e-01 6.05604611e-02 2.08353415e-01 8.88869584e-01
  4.00914526e+00 1.28144547e-01 7.99289774e-05 1.57258734e-01
  6.10271633e-01 2.31651347e-02 1.34446084e-01 7.75647700e-01
  1.10778376e-01 3.14394861e-01 1.20881818e-01 1.11851087e-02
  5.26951313e-01 9.99040082e-02 3.53440712e-03 2.22328377e+00
  4.72476184e-02 1.87865841e+00 1.19775556e-01 4.91479300e-02
  1.88837051e+00 9.98312831e-02 1.83206558e-01 3.32817659e-02
  4.98913765e-01 1.35890805e-04 9.80613306e-02 1.54775336e-01
  1.00922152e-01 9.18085873e-02 2.05108619e+00 1.65027344e+00
  1.02472737e-01 1.90966892e+00]
 [1.55251756e-01 1.32022843e-01 7.80351698e-01 2.42854744e-01
  1.83185089e+00 5.90349436e-01 5.66449690e+00 5.13535321e-01
  3.55821685e-03 7.44671345e-01 9.82875898e-02 3.77716392e-01
  3.97890091e-01 4.59730905e-03 3.01307682e-02 3.43240976e-01
  2.60114878e-01 1.69213876e-01 2.90391445e-01 2.58842826e-01
  1.03372133e+00 3.04782420e-01 1.37717739e-01 9.55566466e-02
  9.23184454e-02 2.70180017e-01 2.42402896e-01 1.43173384e-02
  1.09308223e-06 1.95848554e-01 7.16077513e-04 1.97603076e-04
  2.47184619e-01 7.72819761e-03 6.19404554e-01 1.06043056e-01
  4.21978012e-02 1.05694622e-01 1.01343417e+00 8.71428907e-01
  1.76347089e+00 3.80621254e-01 3.62440944e+00 2.50157088e-01
  1.37779191e-01 6.43289864e-01 7.58021995e-02 1.38024199e+00
  1.75740540e-01 3.17150879e+00]
 [1.05636440e-01 3.49461555e-01 2.73894668e-01 6.90622395e-03
  2.01739573e+00 2.20027280e+00 8.98833349e-02 1.14459908e+00
  2.17185877e-02 8.26045051e-02 2.51791030e-01 7.02644646e-01
  2.53474832e-01 1.14299208e-01 5.10351919e-02 4.91770288e-06
  1.85124731e+00 2.33135670e-01 3.30669951e-04 3.25619221e-01
  2.13710293e-01 7.64625296e-02 2.60685056e-01 2.42340863e-01
  1.62671030e-01 1.91384614e-01 3.23688760e-02 9.69562680e-03
  1.67134985e-01 1.16263390e-01 1.55018732e-01 7.22014830e-02
  1.02359124e-01 3.43792066e-02 6.01186650e-04 2.39992404e+00
  1.64583504e+00 2.70634554e-02 1.12154394e-01 4.57182480e-03
  9.61211681e-01 1.90706104e-01 3.36498708e-01 2.44881958e-02
  3.06789577e-01 6.01384267e-02 1.22499406e+00 1.81317210e+00
  1.69056639e-01 4.15951252e+00]
 [1.75796583e-01 6.11087799e-01 4.65298705e-02 7.15632319e-01
  2.47290659e+00 2.07976985e+00 2.54616020e-06 3.69272411e-01
  9.44648683e-01 6.40151024e-01 2.26088017e-01 3.49531531e-01
  2.88513303e-01 6.18628711e-02 8.53518069e-01 8.60504746e-01
  1.98956621e+00 1.80307671e-01 1.64177630e-03 4.75868732e-01
  6.51988566e-01 9.57324654e-02 1.12645075e-01 1.58333167e-01
  2.58388460e-01 3.20451796e-01 1.03062671e-02 2.18023852e-01
  1.52998343e-02 8.37390125e-02 2.48445466e-01 1.62898695e+00
  1.22098006e-01 9.48451400e-01 3.28230381e-01 4.58919853e-02
  1.52124822e+00 4.98603106e-01 6.91851825e-02 2.76620358e-01
  8.71260464e-01 3.22689235e-01 7.27808997e-02 5.90338372e-02
  1.44743294e-01 1.10669628e-01 1.05956864e+00 1.42006218e+00
  1.32318139e-01 2.89556170e+00]
 [1.94896474e-01 8.67704153e-02 1.79464549e-01 2.40652040e-01
  2.74184012e+00 2.39825416e+00 2.32004255e-01 8.12521160e-01
  2.14534644e-02 9.28296208e-01 1.53787732e-01 1.50795851e-04
  3.15596670e-01 5.43914780e-07 1.08836934e-01 3.77111405e-01
  1.51286197e+00 1.43882319e-01 2.28557438e-01 1.85297772e-01
  1.33507922e-01 6.23924017e-01 3.57591301e-01 3.83882523e-01
  2.70678192e-01 9.73850489e-02 2.31999010e-01 8.91424641e-02
  1.98467504e-04 2.87212312e-01 1.91614091e-01 7.94423819e-02
  2.98095383e-02 1.06063627e-01 2.85626143e-01 2.90185027e-02
  9.85439539e-01 2.56774854e-02 3.12802941e-02 1.34977484e-02
  1.03871214e+00 3.20799500e-01 8.49758327e-01 2.33902797e-01
  5.82346581e-02 1.08363375e-01 1.68192589e+00 1.42789352e+00
  2.76824087e-02 3.83540726e+00]
 [2.54785031e-01 5.27478278e-01 7.04838455e-01 5.14641225e-01
  1.80951989e+00 1.36022055e+00 1.12503007e-01 5.98022461e-01
  4.42172617e-01 6.45600080e-01 3.38722515e+00 9.83944058e-01
  3.37236762e-01 3.83993355e-03 2.86249250e-01 5.96992254e-01
  1.60407150e+00 1.93759665e-01 8.59292373e-02 2.73953319e-01
  5.46807544e-10 4.80827063e-01 1.24128744e-01 2.06446946e-01
  1.38136223e-01 9.50924098e-01 6.87986538e-02 2.05960676e-01
  3.80362413e-04 4.74595428e-02 2.34446153e-01 7.85975277e-01
  3.31786066e-01 6.39087856e-01 3.81835639e-01 7.43569881e-02
  1.00375748e+00 9.50850926e-11 3.42510414e+00 8.61303627e-01
  1.39511049e+00 3.77954245e-01 3.14224631e-01 1.28165990e-01
  2.68842906e-01 6.43880486e-01 8.45087409e-01 9.26892400e-01
  3.56619358e-02 5.09297800e+00]
 [2.17202798e-01 7.69063175e-01 1.87211767e-01 1.08273804e-01
  2.08247757e+00 2.23809934e+00 2.47867361e-01 3.69735658e-01
  5.90517311e-06 3.92794871e-04 2.09514350e-01 1.90333039e-01
  2.96046227e-01 5.85985269e-08 9.13415643e-05 5.21137178e-01
  1.31781781e+00 2.34834716e-01 2.99195886e-01 6.52504936e-02
  1.45640364e-03 2.14156494e-01 5.49211651e-02 7.33733326e-02
  1.42822042e-01 4.84906703e-01 2.54537910e-01 5.80036901e-02
  1.85235217e-01 1.43800259e-01 3.32659809e-03 7.40559623e-02
  2.32524946e-01 2.00869769e-01 2.93534935e-01 2.20741034e+00
  8.66087675e-01 5.67139685e-02 5.56608327e-02 2.68473476e-02
  1.29486549e+00 1.71810642e-01 3.88920099e-01 5.80750518e-02
  1.50421049e-12 8.54166150e-02 1.01287591e+00 1.42284334e+00
  1.73813194e-01 3.62422442e+00]
 [1.66573927e-01 9.94167104e-02 1.66901603e-01 4.08253282e-01
  2.03802013e+00 1.24148047e+00 2.41829445e-10 1.91013739e-01
  5.84878951e-11 3.01489830e-01 1.00449383e-01 1.34490585e+00
  3.57744384e+00 8.56913924e-02 3.55977505e-01 1.07402360e+00
  1.40660810e+00 1.80630937e-01 1.52203709e-01 5.60280755e-02
  7.69470155e-01 1.14200972e-01 3.35152507e-01 4.17430490e-01
  3.48030984e-01 4.44759786e-01 2.74259329e-01 2.19658386e-06
  7.69189796e-07 4.54871356e-01 9.01280046e-01 2.68331575e+00
  7.58255199e-02 5.10993242e-01 3.34400684e-01 1.39318973e-01
  1.03714383e+00 4.42496508e-01 2.13977084e-01 9.37929928e-01
  6.69411838e-01 7.44160488e-02 6.73995078e-01 4.97644767e-02
  9.69134644e-02 1.80432260e-01 6.07221127e-01 9.62548971e-01
  2.17949495e-01 3.35613894e+00]
 [3.60552341e-01 2.80292220e-02 2.95949554e+00 5.22264540e-01
  2.17856455e+00 2.54106611e-01 9.78385433e-05 7.77912745e-03
  8.63660825e-04 1.37853394e-05 1.01566106e-01 8.54648277e-02
  1.53403491e-01 5.40790939e+00 2.46043690e-03 6.36482053e-03
  1.10775125e+00 9.39097907e-03 2.15829145e-02 1.42972559e-01
  3.43341619e-01 8.08423817e-01 5.73155642e-01 1.63135707e+00
  4.65435088e-01 3.32644151e-04 2.80095055e-03 5.37958369e-03
  3.70031446e-02 7.60087729e-01 4.47659404e-05 7.39825666e-01
  9.59059969e-03 5.52183241e-02 2.97087729e-01 1.07313776e+00
  5.98911531e-02 2.24000603e-01 3.60867357e+00 1.25393784e+00
  1.44933954e-01 4.06917763e+00 2.08047223e+00 8.53907224e-03
  7.29563965e-07 4.47695541e+00 4.32324409e-03 1.21586180e+00
  5.03758430e-01 2.68740129e+00]
 [2.18350828e-01 1.09706802e-04 4.05416608e-01 5.30559570e-03
  3.28634095e+00 2.25157666e+00 1.57381028e-01 6.32569253e-01
  2.14294740e-03 1.36068329e-01 2.85295278e-01 4.75774497e-01
  2.68802106e-01 5.26926851e-06 1.53494775e+00 7.44748337e-04
  5.91659963e-01 2.18261451e-01 2.78105944e-01 4.29221615e-02
  1.74951836e-01 1.14226148e-01 4.46877837e-01 3.62126768e-01
  1.50841266e-01 2.43463218e-01 1.61395088e-01 3.23437713e-02
  2.71602272e-04 3.55862796e-01 9.75290823e-06 1.41413733e-01
  1.78820074e-01 5.70474149e-05 2.84800678e-01 6.53647934e-04
  7.86698833e-02 2.63045058e-06 8.45970929e-01 2.41295478e-04
  5.84145248e-01 4.21803415e-01 7.40798473e-01 5.35277431e-05
  2.55075634e-01 8.51401210e-01 1.41945988e-01 1.70258653e+00
  1.27386466e-01 5.12076139e+00]
 [1.63516775e-01 5.74382782e-01 1.19360380e-01 1.66539464e-03
  2.34361720e+00 8.43987942e-01 4.45120372e-02 6.45546079e-01
  5.12542069e-01 4.40525353e-01 2.13616952e-01 1.19255829e+00
  6.30471170e-01 2.63925251e-02 5.99732101e-01 1.13904703e+00
  1.27842963e+00 7.02363178e-02 1.08373761e-01 4.67423558e-01
  1.50168389e-01 4.77641672e-02 1.74965516e-01 1.13545448e-01
  5.74893355e-01 7.28489041e-01 4.07368302e-01 1.53428182e-01
  2.90248450e-02 1.18758500e+00 2.56413311e-01 2.65493226e+00
  1.79515500e-11 1.20100550e-01 7.77373612e-01 2.42279358e-02
  2.86809653e-01 3.39179248e-01 4.15133476e+00 9.05175626e-01
  1.22942483e+00 1.83932781e+00 7.34039366e-01 3.30800086e-01
  1.33165598e-01 4.24211264e-01 9.97948289e-01 1.27520454e+00
  3.25228691e-01 4.17335892e+00]
 [2.52650023e-01 1.03390050e+00 1.54768914e-01 4.58620518e-01
  1.80000591e+00 1.50927758e+00 3.25863808e-01 8.80439222e-01
  1.34367673e-02 5.74771687e-02 3.69532883e-01 3.15277994e-01
  4.06783342e-01 2.28236496e-01 5.87378621e-01 6.81256533e-01
  1.92796186e-01 2.89255023e-01 4.09715027e-01 8.41892064e-01
  1.60880685e-01 1.69361293e-01 3.92766535e-01 5.03757596e-01
  2.67179519e-01 1.26190003e-04 3.90469283e-02 2.40879992e-08
  3.10730487e-01 1.48165837e-01 4.38450485e-01 4.93463188e-01
  2.04859421e-01 5.88480495e-02 4.53661501e-01 1.27773798e+00
  2.45571280e+00 2.54137456e-01 7.66505420e-01 5.86289525e-01
  6.83352351e-01 3.61453950e-01 2.02847272e-01 3.28162432e-01
  3.80167961e-01 4.59543973e-01 1.56056166e+00 1.83028233e+00
  3.62055033e-01 3.42310619e+00]
 [2.28679508e-01 1.01091540e+00 5.61956838e-02 4.44248825e-01
  2.11586523e+00 9.54853594e-01 1.60389319e-01 6.72139227e-01
  2.30463341e-01 8.51912439e-01 6.41939342e-02 5.14245093e-01
  7.51576126e-02 2.23499676e-03 1.93647161e-01 3.09776831e-02
  1.87614262e+00 4.25237799e+00 8.78621340e-02 1.82207525e-01
  1.16787159e+00 1.36052430e-01 1.88754439e-01 2.32733339e-01
  7.29709491e-02 4.75735843e-01 3.38735759e-01 1.71336338e-01
  3.73739313e-05 4.02068168e-01 5.88157117e-01 3.63241762e-01
  8.47137868e-02 7.04194367e-01 1.92131221e-01 3.04842144e-02
  6.36636078e-01 5.77950776e-01 3.80890608e-01 4.69050020e-01
  1.04654610e+00 2.19008461e-01 5.65868497e-01 3.62283945e-01
  1.59660697e-01 7.69449845e-02 1.31194210e+00 1.16155219e+00
  4.36904654e-02 5.45095253e+00]
 [2.32970566e-01 9.69712794e-01 3.07829589e-01 2.87830055e-01
  2.11280894e+00 1.14268255e+00 9.58915427e-02 1.62486017e-01
  6.65511549e-01 3.75040472e-01 1.28991008e-01 1.06383729e+00
  2.28605315e-01 3.98753255e-05 8.14975142e-01 5.62181659e-02
  1.70737922e+00 6.13910556e-02 4.36766911e+00 3.55608374e-01
  8.95861268e-01 5.70074655e-02 1.04148887e-01 7.09123239e-02
  1.01117097e-01 5.80554485e-01 5.00903241e-02 1.40083997e-04
  4.12599295e-01 1.01303093e-01 1.19548731e-01 3.21712732e+00
  8.85571390e-02 3.31429653e-02 2.00884864e-01 8.12311843e-02
  8.14321935e-01 3.88622023e-02 4.87130702e-01 4.06880587e-01
  6.86159909e-01 2.54339516e-01 1.07119620e-01 6.91715926e-02
  1.34352848e-01 8.32036585e-02 1.24241328e+00 1.05482101e+00
  7.27856308e-02 3.64060092e+00]
 [1.07957311e-01 3.86884960e-04 2.84453958e-01 5.41119039e-01
  2.57591915e+00 3.39549035e-01 1.20903462e-06 2.07327187e-01
  5.47122303e-03 4.01809484e-01 2.11363927e-01 8.62051398e-02
  3.48940253e-01 1.06870038e-02 1.12411559e-01 3.24733675e-01
  6.60404444e-01 1.32158831e-01 1.34261668e-01 4.00800705e+00
  7.79479265e-01 2.37593912e-02 7.48494267e-01 4.66875434e-02
  6.21303558e-01 8.40647019e-08 1.10477231e-01 4.23372164e-08
  2.85581965e-03 8.72187793e-01 5.93178608e-02 5.70832491e-01
  7.19689822e-04 4.71791206e-03 2.26296950e-02 6.24318458e-02
  4.66954149e-03 2.07982012e-07 6.24770164e+00 1.07195520e+00
  6.81549072e-01 1.45819235e+00 2.78062153e+00 1.20774040e-03
  6.53043535e-05 4.95472074e-01 6.47127211e-01 3.32238525e-01
  2.17337478e-02 3.48556519e+00]
 [7.60997012e-02 5.98523676e-01 1.74578190e-01 1.02791739e+00
  2.10732651e+00 1.76207364e+00 1.97170615e-01 3.35423917e-01
  1.46695394e-02 3.01472731e-02 1.12755209e-01 1.91325557e+00
  2.80441582e-01 1.74035802e-01 1.02474165e+00 1.19251943e+00
  1.37641919e+00 1.12976663e-01 2.33134121e-01 2.52356831e-14
  3.32257271e-01 1.24249160e-01 1.93229392e-01 7.74665773e-02
  1.68226317e-01 1.16397768e-01 2.51189321e-01 1.99106168e-07
  1.58812047e-03 5.14863968e-01 2.11975336e-01 1.32819167e-07
  1.73044011e-01 7.53400564e-01 1.55030325e-01 6.94713220e-02
  2.64166951e-01 4.22837678e-03 2.35415921e-02 9.31117415e-01
  7.76382983e-01 1.51900113e-01 4.78582114e-01 1.27241477e-01
  8.58454257e-02 1.80156618e-01 2.52897441e-01 1.75119007e+00
  1.45172745e-01 2.59428263e+00]
 [2.80912340e-01 4.52370435e-01 2.22420663e-01 8.83995742e-02
  2.25054288e+00 1.02020323e+00 1.95913032e-01 7.20933855e-01
  2.05654606e-01 2.05296146e-07 3.18280131e-01 2.11215869e-01
  1.22223131e-01 4.06295480e-03 3.43488812e-01 4.24918503e-01
  1.09740841e+00 7.30473623e-02 1.39743805e-01 4.96723473e-01
  8.30283538e-02 3.29862618e+00 7.72853270e-02 1.37455508e-01
  1.65974230e-01 1.87049732e-01 3.53858382e-01 5.49392402e-02
  1.31949992e-03 3.87955979e-02 1.54559642e-01 1.07737958e+00
  3.31990033e-01 3.23908627e-01 3.01011682e-01 1.22560014e-03
  9.32451069e-01 3.05728931e-02 1.57005477e+00 1.43652827e-01
  1.35611713e+00 1.64694145e-01 7.92687535e-01 2.52198488e-01
  4.11206931e-01 3.01710993e-01 1.00701034e+00 1.72182548e+00
  5.37426062e-02 4.37162733e+00]
 [9.63638201e-02 3.95696647e-02 9.80209261e-02 3.97713244e-01
  2.43062234e+00 1.24907184e+00 8.04998577e-02 2.37511849e-05
  2.64580637e-01 6.25123501e-01 2.04880998e-01 7.01539397e-01
  2.82861680e-01 3.59303877e-02 5.56689858e-01 1.02867770e+00
  1.76433218e+00 1.49518043e-01 1.82149634e-01 2.86090851e-01
  1.48080944e-05 3.87574546e-02 3.36449957e+00 3.85128051e-01
  2.18526244e-01 7.17417359e-01 5.03003478e-01 1.18455313e-01
  3.47232599e-05 4.31626379e-01 7.43706226e-01 8.43488872e-01
  2.32852146e-01 2.16269106e-01 8.63831576e-12 2.48427950e-02
  1.37395549e+00 7.99594522e-02 1.74541271e-03 3.39213647e-02
  1.47752714e+00 3.82853955e-01 6.22123003e-01 1.09095216e-01
  2.05813974e-01 1.68616429e-01 1.97988772e+00 1.15064776e+00
  1.17016315e-01 5.19923592e+00]
 [3.74060363e-01 1.74400017e-01 6.40672088e-01 1.81008220e+00
  1.89400339e+00 6.53692365e-01 1.28820874e-02 1.13087699e-01
  1.05303433e-03 1.21820509e+00 3.46355498e-01 7.96725929e-01
  1.54860950e+00 4.81334468e-03 5.70782006e-01 4.74591494e-01
  3.87460105e-02 9.91787985e-02 1.85178474e-01 1.36821615e-02
  1.32836485e+00 3.36912155e-01 4.32410628e-01 2.34679484e+00
  1.12852931e+00 1.07692242e-01 4.52923119e-01 5.78682218e-03
  1.86624750e-02 1.86762428e+00 7.30163231e-02 6.45915449e-01
  5.30394465e-02 5.92425205e-02 2.51790076e-01 8.05378556e-02
  5.10574818e-01 5.15146155e-07 4.03736066e-03 1.73218822e+00
  1.32610047e+00 2.78559595e-01 3.29370856e+00 3.04368138e-01
  2.01626480e-01 1.36261988e+00 2.67427325e-01 6.90303028e-01
  2.13877392e+00 3.48007822e+00]
 [1.74798444e-01 7.66788900e-01 1.99021697e-01 3.02359015e-02
  1.88581526e+00 8.88771534e-01 3.70448269e-02 3.97893608e-01
  1.25435488e-02 1.08341646e+00 3.87140972e-06 4.93333310e-01
  3.26656252e-01 6.80114748e-03 1.61188915e-01 6.76593125e-01
  2.99192429e-01 2.81919360e-01 4.13369149e-01 3.54548618e-02
  1.83213401e+00 9.77517724e-01 1.16098426e-01 1.09974158e+00
  1.88063598e+00 3.30574065e-01 4.57414895e-01 1.06856646e-03
  1.13807283e-01 8.16172510e-02 9.32666212e-02 1.81874776e+00
  1.84372693e-01 1.42054021e-01 3.39598298e-01 1.28800094e+00
  5.57149276e-02 2.54778355e-01 3.32230282e+00 2.00373530e+00
  1.06473327e+00 1.04539096e+00 2.98304582e+00 2.35614747e-01
  1.97465286e-01 6.84745848e-01 3.77311498e-01 7.73780942e-01
  6.08497448e-02 3.07735276e+00]
 [2.96111733e-01 5.63057847e-02 1.13564633e-01 2.37122105e-04
  2.65223360e+00 2.01285100e+00 1.87596351e-01 1.01391733e+00
  3.18772020e-03 4.92703795e-01 2.05070704e-01 2.59928197e-01
  7.78249577e-02 1.41626015e-01 5.76574504e-01 9.98960197e-01
  1.26307094e+00 2.35524312e-01 2.34615788e-01 1.60878628e-01
  3.06394190e-01 4.21030298e-02 2.02303916e-01 2.49304041e-01
  2.38282949e-01 1.04764366e+00 2.45590135e-01 1.32571608e-02
  7.10820034e-02 2.28316486e-01 2.14655876e-01 1.43205345e-01
  2.23734230e-01 3.98455595e-05 3.67963254e-01 1.61950499e-01
  1.60548675e+00 1.53268147e-02 9.50823605e-01 8.95559788e-03
  1.25270760e+00 1.35011807e-01 5.49263954e-01 2.44112581e-01
  2.63630390e-01 3.23742837e-01 1.63276422e+00 1.20208228e+00
  4.07790914e-02 4.05393267e+00]
 [8.08952376e-02 1.05668795e+00 3.58331501e-01 2.61375964e-01
  2.13148952e+00 1.39085269e+00 2.95906141e-02 1.06106699e+00
  5.71865439e-01 3.41473907e-01 1.65820271e-01 2.11666390e-01
  9.29983407e-02 3.06032859e-02 7.10213840e-01 4.56077665e-01
  1.37956786e+00 7.94594884e-02 3.50411355e-01 3.23355973e-01
  3.03459078e-01 4.78970289e-01 1.00586653e-01 2.11783171e-01
  1.14240155e-01 6.01867020e-01 4.30791187e+00 4.68879156e-02
  1.18097156e-01 4.39879566e-01 9.32385206e-01 2.69985485e+00
  2.14579776e-01 4.37787265e-01 7.46637955e-02 6.09614886e-03
  6.45907223e-01 1.02284318e-02 9.28129554e-01 9.89457965e-02
  8.78273726e-01 2.17340708e-01 8.80865008e-02 2.96373218e-01
  1.14949949e-01 3.17940801e-01 1.58733499e+00 9.16255534e-01
  3.26189622e-02 4.54310226e+00]
 [1.50657207e-01 4.62422222e-01 5.96878171e-01 9.88892615e-02
  2.82556272e+00 1.65792549e+00 3.42964716e-02 2.96441615e-01
  1.56575945e-04 1.98682383e-01 2.05088453e-03 1.45331085e-01
  2.74227798e-01 1.43769467e-02 2.27968246e-01 3.51922691e-01
  3.50981504e-01 1.21411778e-01 1.88881531e-01 1.33242711e-01
  4.36255127e-01 1.04523623e+00 1.36781728e+00 7.24869728e-01
  3.20264846e-01 2.27006420e-01 2.22527325e-01 4.03125381e+00
  9.23812203e-03 2.36149168e+00 2.54032943e-06 1.29158890e+00
  1.46804094e-01 1.93886948e-03 5.06161571e-01 3.74732018e+00
  2.80483633e-01 8.41152221e-02 1.88934243e+00 7.64708529e-05
  1.76229036e+00 2.20885351e-01 1.73345900e+00 1.85742959e-01
  7.28369206e-02 6.24035001e-02 2.48745352e-01 1.25776517e+00
  1.63750783e-01 2.50580502e+00]
 [3.65029693e-01 6.34782889e-04 7.30877936e-01 8.41991901e-01
  1.46247065e+00 4.54629064e-01 3.14772279e-08 4.65272497e-05
  2.12771134e-08 4.55052584e-01 4.01481599e-01 7.48507737e-04
  9.23238337e-01 7.14690541e-05 7.75882370e-07 5.65876067e-01
  7.32303739e-01 1.16890818e-01 1.69581965e-01 4.17098433e-01
  1.58532190e+00 7.80041292e-02 2.28289664e-01 2.21336171e-01
  5.99163651e-01 4.75805163e-01 2.54992366e-01 2.48674216e-04
  3.17272115e+00 1.68864417e+00 6.31587231e-04 2.02439094e+00
  2.30518714e-01 1.49098471e-01 5.90147257e-01 8.06978866e-02
  2.99826264e-04 1.10278153e-09 3.39529419e+00 2.11321640e+00
  1.29854751e+00 3.63745809e+00 2.88032293e+00 1.43201614e-04
  3.52997063e-07 8.30856934e-02 6.71381533e-01 1.00351858e+00
  1.11056149e+00 2.75272059e+00]
 [1.16781168e-01 9.09452736e-01 1.71190634e-01 4.53003973e-01
  2.77855301e+00 1.62578118e+00 2.98779309e-01 2.28096545e-03
  4.24254119e-01 9.67060696e-05 1.16322830e-01 1.35989144e-01
  3.93187195e-01 3.65481765e-06 3.28788191e-01 7.15590298e-01
  1.17995188e-01 3.30388963e-01 2.47330353e-01 2.91924953e-01
  4.82941903e-02 8.73357713e-01 2.28062142e-02 2.43910193e-01
  2.61848152e-01 3.41340780e-01 1.39040530e-01 9.69215780e-02
  3.57529934e-05 3.07790947e+00 7.26951599e-01 1.58548027e-01
  3.19173753e-01 6.80045038e-02 4.12465304e-01 1.60033684e-02
  1.21634066e+00 1.91383995e-02 7.22897947e-02 4.43149731e-02
  1.13611937e+00 5.42861922e-03 1.17374420e+00 3.62755507e-01
  2.26162158e-10 3.13452899e-01 1.12568104e+00 1.21981847e+00
  1.07833400e-01 5.91589355e+00]
 [2.61592746e-01 4.77308750e-01 2.98408896e-01 5.14548682e-02
  2.99075222e+00 1.96873450e+00 1.39197797e-01 4.55550909e-01
  1.97412744e-02 2.76929408e-01 7.29887886e-03 1.39190987e-01
  1.64900735e-01 2.30756942e-02 1.13148376e-01 4.16546911e-01
  1.15137935e+00 2.27741122e-01 2.55794227e-01 1.29964441e-01
  1.06102943e-01 3.24019223e-01 2.51120508e-01 1.28329128e-01
  4.67186086e-02 2.27436314e-09 2.35286802e-01 7.03263059e-02
  2.55463928e-01 9.63400081e-02 1.60247326e+00 5.82889438e-01
  2.06077054e-01 1.16980232e-06 2.48311877e-01 7.21629262e-01
  6.03802741e-01 8.19013044e-02 1.95366776e+00 1.28094405e-01
  1.05864489e+00 4.35339034e-01 5.64458013e-01 7.65712336e-02
  3.82415857e-03 4.50254053e-01 4.97046933e-02 1.88091850e+00
  1.93155825e-01 3.76646805e+00]
 [4.62281734e-01 4.91529077e-01 1.20072007e-01 6.10039532e-01
  2.81700110e+00 2.27310705e+00 1.06520608e-01 8.35242033e-01
  7.93054402e-02 3.15948576e-01 2.81264007e-01 1.02809536e+00
  1.13680817e-01 7.13521391e-02 4.32902247e-01 7.25508900e-03
  2.50649095e+00 7.45617300e-02 1.40974317e-08 6.36810809e-02
  3.37556541e-01 8.25855210e-02 4.53396410e-01 6.02431774e-01
  7.40108117e-02 7.79627711e-02 2.76485175e-01 6.64051622e-03
  1.98373471e-07 7.27361977e-01 4.74889159e-01 2.27217913e+00
  1.33939639e-01 7.45631084e-02 9.58423391e-02 9.46734786e-01
  1.27704847e+00 4.63000660e-08 1.77267477e-01 3.86601955e-01
  1.05157316e+00 1.34361833e-01 1.27829778e+00 2.46600553e-01
  1.02720588e-01 5.89136183e-01 9.82404947e-01 1.70819020e+00
  3.07098180e-01 4.98102522e+00]
 [1.04944251e-01 9.39037323e-01 5.34743905e-01 1.30745307e-01
  3.37940693e+00 1.95127809e+00 1.13889076e-01 7.21727133e-01
  2.38418143e-04 2.05327079e-01 2.05491260e-01 1.66522264e-01
  3.53073597e-01 1.14993751e-03 2.00328752e-01 1.52199890e-03
  2.11041108e-01 2.01109648e-01 2.13140517e-01 5.06927788e-01
  5.87494695e-04 4.41356122e-01 2.10275874e-01 5.48910233e-04
  9.70167145e-02 3.68844181e-01 1.44603774e-01 2.04656416e-07
  3.00911441e-02 4.35705148e-02 2.49036103e-02 1.86904624e-01
  4.92253208e+00 6.72368515e-07 1.12088725e-01 3.13522309e-01
  1.10929656e+00 1.53175309e-01 1.65608570e-01 7.59335905e-02
  2.12038541e+00 3.62632751e-01 1.00814688e+00 2.21907243e-01
  2.40350902e-01 2.28724822e-01 6.08056784e-01 1.28495109e+00
  9.10696760e-03 3.29978466e+00]
 [4.28030699e-01 3.19768820e-04 6.41532063e-01 8.88128270e-05
  3.25520015e+00 4.90183085e-01 1.08914788e-08 1.50646970e-01
  1.84712808e-05 8.91209692e-02 1.07095294e-01 1.98345765e-01
  4.75167364e-01 2.91515113e-04 2.01419163e-02 9.35886204e-02
  1.67094782e-01 1.92398593e-01 6.29197972e-10 6.92002028e-02
  1.12534635e-01 4.33133662e-01 1.64033826e-02 5.17414570e-01
  3.59436423e-01 3.45790545e-06 2.03351900e-01 3.00878728e-05
  8.19844306e-02 4.30560797e-01 1.77604239e-03 1.19105518e-01
  1.17249690e-01 3.35311794e+00 4.67842728e-01 3.73344922e+00
  1.92544714e-01 9.44515504e-03 3.98884559e+00 1.07357770e-01
  5.67543089e-01 5.24670780e-01 1.48564589e+00 1.83420494e-01
  1.09540811e-02 9.27509546e-01 5.95904350e-01 1.55883503e+00
  2.54532009e-01 3.65538812e+00]
 [2.02026218e-01 5.24178386e-01 1.53756857e-01 1.75530780e-02
  3.08577061e+00 2.13135362e+00 1.56642403e-02 6.08966827e-01
  4.77600079e-05 1.25618041e-01 2.56578177e-01 1.98298730e-02
  2.75606811e-01 2.53362656e-02 4.91094500e-01 1.11387275e-01
  8.69280159e-01 1.00197934e-01 2.24698677e-08 1.44268319e-01
  2.17245609e-01 2.66633600e-01 2.92246222e-01 1.65224567e-01
  6.83160761e-06 4.24872816e-01 2.24441350e-01 4.55388315e-02
  1.23438768e-01 4.00280148e-01 1.44783002e-07 4.50165898e-01
  1.96926892e-02 6.55879267e-04 4.57831669e+00 2.56071362e-04
  9.89338100e-01 5.01108496e-03 1.15122594e-01 3.70744965e-04
  1.11647379e+00 1.63585514e-01 3.57107848e-01 2.22548805e-02
  2.11654440e-01 5.72617203e-02 9.79392171e-01 1.57084441e+00
  3.69572192e-02 6.09608650e+00]
 [2.83380717e-01 7.28811920e-01 2.53343135e-01 5.96643150e-01
  1.75783837e+00 8.35959792e-01 2.49052614e-01 6.13480031e-01
  5.00814319e-02 6.10493600e-01 4.62244153e-01 9.49060440e-01
  7.09911346e-01 1.21770494e-01 6.57478254e-03 7.27384686e-01
  1.32590473e+00 2.04259276e-01 2.32817426e-01 4.02445614e-01
  7.05625892e-01 1.04555465e-01 3.22848320e-01 1.05236948e-01
  3.13659281e-01 7.50364604e-10 4.85032052e-01 5.60583360e-03
  6.53229058e-02 1.11505695e-01 1.10550351e-01 1.57103062e+00
  3.08827668e-01 4.46904898e-02 6.25364602e-01 1.65050101e+00
  5.90804517e-01 5.13631925e-02 8.36827457e-02 2.98222423e-01
  1.01071107e+00 2.24477625e+00 1.28476083e+00 1.02663934e-01
  3.92729938e-01 5.58608711e-01 1.72216308e+00 1.24020159e+00
  1.73827067e-01 4.08532238e+00]
 [2.30238423e-01 1.09118938e+00 3.84458542e-01 1.79682195e-01
  1.98991525e+00 2.63287973e+00 4.50047135e-01 6.40188396e-01
  1.62375391e-01 5.69420168e-03 9.58380044e-01 1.19747114e+00
  6.18155718e-01 4.62899088e-08 4.38335955e-01 7.39393890e-01
  2.33554929e-01 5.22267222e-01 4.37519938e-01 9.39237654e-01
  2.10579142e-01 2.67319709e-01 5.26699007e-01 3.26556951e-01
  5.63145101e-01 3.24153029e-06 4.26905096e-01 3.91206950e-01
  2.57665932e-01 1.50890067e-01 1.11049330e-05 1.55455315e+00
  2.08310321e-01 7.52867237e-02 7.04658091e-01 2.72260513e-03
  7.25324094e-01 1.22413775e-02 1.13794774e-01 4.83850501e-02
  1.52341437e+00 7.23820150e-01 5.87870955e-01 5.48216343e-01
  6.63257360e-01 5.45788705e-01 1.74703860e+00 1.69462585e+00
  2.37709433e-01 3.05406594e+00]
 [2.69152224e-01 1.22446704e-06 4.55682784e-01 1.09953448e-01
  4.39762354e+00 1.81240654e+00 2.04362512e-01 6.16980076e-01
  1.13261258e-02 8.38772282e-02 3.02652806e-01 4.55910228e-02
  2.44789824e-01 1.85741275e-03 4.33709890e-01 9.39725190e-02
  1.36722177e-01 9.15897936e-02 1.51853174e-01 1.18773639e-01
  2.46862695e-02 1.86730623e-01 3.94311339e-01 3.37212682e-01
  1.35738179e-01 1.91937357e-01 2.21128732e-01 1.97381988e-01
  6.71336353e-02 3.26049954e-01 7.33605325e-02 1.12507127e-01
  2.89465010e-01 7.08910963e-03 3.96648869e-02 1.02490857e-02
  4.79302436e-01 3.84539080e+00 1.27948308e+00 6.85712090e-04
  1.43377352e+00 2.40718290e-01 7.16566265e-01 1.05849877e-01
  9.45207551e-02 1.22799270e-01 4.98110196e-03 2.01909471e+00
  8.77979863e-03 3.87103176e+00]
 [4.77914602e-01 2.08139002e-01 4.92248267e-01 2.91133281e-02
  2.26563978e+00 5.31834126e-01 4.51047942e-02 7.31657849e-07
  1.54844731e-01 1.41891735e-02 2.15929762e-01 7.18120813e-01
  6.30670309e-01 1.06054040e-06 3.30270268e-05 1.07028794e+00
  5.18986762e-01 2.46472016e-01 2.48083845e-01 5.70290685e-01
  8.71477379e-09 8.17277372e-01 1.14431369e+00 6.91185415e-01
  1.87392294e+00 3.82171010e-07 2.32370853e-01 1.73256293e-01
  8.62238631e-02 9.19327855e-01 1.48752779e-01 7.54085064e-01
  1.05783837e-02 3.88630718e-01 1.73463210e-01 2.08858991e+00
  7.06417812e-03 2.06977005e-10 7.68058658e-01 6.50403082e-01
  6.86415255e-01 2.54496098e+00 1.46182275e+00 9.56149176e-02
  1.33280352e-01 2.25447249e+00 3.48199576e-01 1.23837531e+00
  1.08889234e+00 3.61607432e+00]
 [2.65011191e-01 6.86973989e-01 2.29504451e-01 5.00405252e-01
  2.98582387e+00 1.16087341e+00 1.12400472e-01 4.97624171e-07
  5.60057524e-04 9.15597603e-02 2.50780225e-01 1.15939045e+00
  3.77656102e-01 7.49471774e-09 2.72102445e-01 1.25600886e+00
  1.61224687e+00 2.32912108e-01 2.98038542e-01 1.62627511e-02
  1.99988633e-01 6.87204897e-02 3.00764114e-01 3.29004377e-01
  1.26883760e-01 1.45514771e-01 2.55502850e-01 3.66046429e-02
  3.30270022e-01 4.23237950e-01 3.93634111e-01 8.10521126e-01
  7.84576908e-02 4.93287924e-04 3.17789435e-01 1.33656383e-01
  1.05334449e+00 3.96852382e-02 2.04701617e-01 1.03756440e+00
  1.20988858e+00 2.22341716e-01 3.01242143e-01 2.30277866e-01
  1.25767478e-11 3.33025336e-01 1.54170620e+00 1.39501250e+00
  1.29566520e-01 3.05666327e+00]
 [2.18779787e-01 2.43028775e-02 1.34764701e-01 1.36908874e-01
  2.04013491e+00 1.20331907e+00 2.90861100e-01 4.57831502e-01
  4.27390958e-08 1.08382988e+00 4.29401487e-01 1.70893848e+00
  8.92024457e-01 2.88100591e-06 2.33282708e-02 2.58667397e+00
  6.38908029e-01 6.21262729e-01 6.30157888e-01 3.21420431e-01
  2.28339985e-01 5.02535284e-01 1.58021539e-01 1.96797118e-01
  8.07516634e-01 1.10110545e+00 6.34296715e-01 4.25249600e-04
  1.58693751e-06 4.43292141e-01 4.55921412e-01 9.31514502e-01
  3.77138704e-01 2.45068295e-05 6.74848139e-01 3.14004922e+00
  1.48991358e+00 4.17481363e-02 4.57044871e-06 1.24907470e+00
  3.20891201e-01 1.33633471e+00 8.87173951e-01 2.60053009e-01
  5.12889266e-01 2.41936490e-01 1.08218443e+00 1.01231575e+00
  5.78161120e-01 2.21439433e+00]
 [2.30614126e-01 1.24722433e+00 4.64026257e-02 1.02048075e+00
  1.49878383e+00 9.68080103e-01 8.96258727e-02 1.36345100e+00
  8.24721098e-01 9.45720136e-01 1.94514364e-01 1.92739904e-01
  3.45572978e-01 4.47972889e-06 1.31559953e-01 1.15207350e+00
  9.45227027e-01 7.59811521e-01 5.44519305e-01 6.07714593e-01
  1.49714077e+00 1.19933747e-01 3.27402204e-01 2.81471997e-01
  8.86608437e-02 8.28185061e-04 2.08329067e-01 1.50487560e-03
  3.76217827e-06 2.60305107e-01 2.05795243e-01 2.99297380e+00
  2.35647663e-01 6.34141028e-01 3.78600091e-01 9.14727025e-06
  1.90668464e-01 5.81256986e-01 1.72891414e+00 1.46695662e+00
  9.77775514e-01 2.50308132e+00 3.48292649e-01 8.83585215e-02
  2.08294616e-04 5.22042327e-02 2.23390884e-06 8.35419357e-01
  2.61170089e-01 3.34687853e+00]
 [4.21930164e-01 1.65372878e-01 1.97020769e-01 1.79537505e-01
  2.62158012e+00 1.09064329e+00 9.70359147e-02 4.11622047e-01
  5.07063530e-02 5.79327524e-01 3.42467576e-01 4.22455102e-01
  3.86745840e-01 1.16622783e-02 2.31416404e-01 1.02502048e+00
  6.24084473e-01 1.98194250e-01 2.51410574e-01 2.25634590e-01
  1.12950909e-06 1.11648214e+00 2.77491784e+00 1.07156336e-01
  4.80318099e-01 4.80904710e-03 3.67903590e-01 9.11737443e-04
  1.17364518e-01 1.02723849e+00 1.12672485e-01 5.92911184e-01
  4.42657483e-06 2.21450314e-01 6.82910144e-01 5.65858936e+00
  1.39687073e+00 6.90420665e-10 3.18286508e-01 3.94650809e-02
  1.05973601e+00 7.50365496e-01 1.39325333e+00 3.22440267e-01
  1.99017540e-01 8.15486908e-02 1.14687729e+00 1.41851163e+00
  7.94774890e-01 3.74664450e+00]
 [5.35636485e-01 2.25652263e-01 1.22823834e-01 4.27311286e-02
  1.72712111e+00 7.87566602e-01 7.30210617e-02 5.72716892e-01
  9.24967155e-02 7.32720764e-08 1.73921883e-01 7.47930765e-01
  2.22553343e-01 8.64444673e-02 3.63236159e-01 4.63259481e-02
  9.87498045e-01 4.93262976e-01 1.30297914e-01 4.96010929e-01
  2.58974403e-01 1.16725214e-01 8.60043645e-01 9.81212080e-01
  2.86050946e-01 5.64769387e-01 3.13101798e-01 1.12788891e-03
  1.07084103e-02 2.55298138e-01 1.75626134e-03 1.12785649e+00
  1.72640681e-01 2.46542007e-01 7.81978786e-01 9.22354043e-01
  5.42954206e-01 1.22558465e-02 2.19874606e-01 1.48568976e+00
  1.19408500e+00 7.47936592e-02 2.86364388e+00 3.43083262e+00
  1.77690238e-01 4.92501885e-01 1.47515729e-01 1.44950807e+00
  1.05975367e-01 2.68736863e+00]
 [2.72293150e-01 2.04977214e-01 6.34252310e-01 2.47333080e-01
  2.90898275e+00 1.28827012e+00 2.57000089e-01 1.24548304e+00
  1.52720055e-02 6.73480868e-01 3.83063257e-01 2.39823014e-03
  5.35999298e-01 3.23316865e-02 6.00310862e-01 1.00336067e-01
  4.55318242e-02 2.80192405e-01 2.53641486e-01 4.73770708e-01
  4.76459354e-01 1.07581615e+00 5.19332051e-01 4.79546905e-01
  2.15459600e-01 9.18543518e-01 7.10263923e-02 6.07855320e-02
  6.73841983e-02 3.76063287e-01 3.99125020e-05 1.22796349e-01
  1.10131755e-01 2.18975428e-03 3.22321296e-01 1.17627048e+00
  1.39208174e+00 3.39628309e-01 1.00279355e+00 5.89647055e-01
  1.71989608e+00 1.14129677e-01 9.74348068e-01 4.06314731e-01
  3.88910842e+00 5.74540615e-01 2.02277780e-01 1.00478172e+00
  2.67617162e-02 1.92397761e+00]
 [2.60346532e-01 1.89577043e-02 4.37905192e-01 9.98859832e-06
  2.87927580e+00 1.74386322e+00 1.99930221e-01 6.68018997e-01
  4.89171782e-07 1.07845142e-01 1.54578894e-01 1.05650410e-01
  4.53216404e-01 1.97195694e-01 4.49129317e-07 3.09191596e-11
  1.76625526e+00 3.21853518e-01 3.45476300e-01 2.07189232e-01
  3.16679627e-01 1.04866341e-01 2.46641397e-01 4.87943172e-01
  7.38624454e-01 3.51203902e-08 6.90017939e-02 1.98382467e-01
  7.91226793e-03 9.21154022e-01 6.72897915e-09 2.12566882e-01
  2.45742664e-01 2.08216812e-02 5.09333685e-02 2.77005583e-01
  8.71813416e-01 3.41274962e-03 5.00078976e-01 1.41390517e-01
  1.15175903e+00 3.33980381e-01 4.17081892e-01 2.31685136e-02
  1.84598699e-01 3.98824215e+00 1.87336397e+00 1.80535102e+00
  2.38129169e-01 3.12677455e+00]
 [1.43702835e-01 9.52608347e-01 2.96917886e-01 5.87110519e-01
  2.31832027e+00 1.42553294e+00 9.08408463e-02 7.50065923e-01
  4.33240086e-03 7.86799646e-04 2.73119837e-01 3.50870699e-01
  2.67144650e-01 4.52848617e-04 2.03578384e-06 7.27312684e-01
  1.13622153e+00 2.34911844e-01 9.17473342e-03 3.65729094e-01
  7.04812407e-01 8.16420987e-02 2.70810753e-01 4.25917625e-01
  2.40618587e-01 2.25061908e-01 4.58197668e-02 5.65091521e-02
  6.01316616e-03 3.10057521e-01 7.32950643e-02 2.36697763e-01
  2.88052410e-01 1.05232056e-02 1.84105799e-01 4.18857522e-02
  1.12532341e+00 2.34296191e-02 6.76253065e-02 2.19130069e-01
  8.39932323e-01 6.32682443e-01 4.39991862e-01 1.63486779e-01
  2.91415869e-09 5.25395155e-01 6.08343422e-01 1.75779641e+00
  1.36759028e-01 4.02573633e+00]
 [5.79802096e-01 5.08076921e-02 5.21335721e-01 3.35256271e-02
  1.85085213e+00 1.11253953e+00 4.35135420e-03 7.08897337e-02
  2.59676948e-03 1.04396611e-01 1.33221552e-01 4.71868157e-01
  4.11937982e-01 1.66466665e-02 2.01622993e-02 1.06854057e+00
  1.85984170e+00 5.78155704e-02 7.91325122e-02 4.14762855e-01
  9.17728539e-06 2.05641553e-01 5.60318851e+00 5.87423921e-01
  1.80263269e+00 1.96050131e-03 2.40464248e-02 2.45875809e-02
  5.74193358e-01 1.22435105e+00 1.98769854e-07 1.88432589e-01
  8.26448598e-09 3.57143044e-01 3.36843818e-01 5.33663940e+00
  9.12391365e-01 5.57485400e-08 6.03398848e+00 4.93909642e-02
  1.97298110e-01 3.26820350e+00 1.51741159e+00 7.38048600e-03
  5.11140330e-03 5.15433550e+00 2.18934208e-01 4.79112953e-01
  5.13198316e-01 2.56542397e+00]
 [5.27601123e-01 4.84513730e-05 1.86761320e+00 1.30999458e+00
  1.21086013e+00 5.44856906e-01 7.15917442e-04 4.53258455e-02
  1.19244969e-02 1.10429609e+00 4.17192608e-01 2.57395655e-01
  1.58582151e+00 3.03136534e-04 7.24078427e-06 6.14946544e-01
  6.75174773e-01 8.07741359e-02 5.40751629e-02 3.01029384e-02
  1.38285542e+00 3.61779988e-01 1.37216926e-01 5.15057683e-01
  5.34120500e-01 4.52981114e-01 1.03199258e-01 1.74832053e-07
  7.52801643e-05 1.80573809e+00 2.16292236e-02 1.73706675e+00
  8.62196982e-02 2.42740706e-01 6.64442539e-01 6.41233504e-01
  1.35060325e-01 1.24587078e-08 3.00055742e+00 1.73342824e+00
  9.71948028e-01 7.04707444e-01 3.56916380e+00 2.16683581e-01
  4.31219488e-02 2.27667108e-01 4.61950064e-01 7.82828271e-01
  1.31397820e+00 3.32642770e+00]
 [5.58266103e-01 1.04158558e-01 2.50261009e-01 2.37964727e-02
  1.81261551e+00 2.24354696e+00 2.35241875e-01 5.23231745e-01
  1.83126912e-01 7.04196170e-02 1.16981792e+00 4.93276119e-01
  7.21769452e-01 2.16879323e-01 1.04259880e-05 7.18955100e-01
  3.57911086e+00 3.07892710e-01 4.11993235e-01 2.01542765e-01
  1.50934875e-01 9.31184664e-02 6.24930680e-01 3.03337276e-01
  2.33749464e-01 4.76158299e-02 4.06357080e-01 1.95013031e-01
  1.16597497e+00 9.41102445e-01 1.45621482e-09 1.40810883e+00
  4.45178866e-01 6.01384521e-01 3.14673513e-01 4.36206073e-01
  2.22469854e+00 1.89177766e-01 5.08785367e-01 2.97539476e-02
  5.96273601e-01 2.62164674e-03 4.92667817e-02 3.41411978e-01
  4.50355232e-01 2.75538564e-01 2.01214862e+00 2.24239445e+00
  3.68721128e-01 6.16070256e-02]]
x0 : [9.80145633e-02 1.58850059e-01 7.86743294e-06 1.33285344e-01
 3.66042211e-17 2.64857212e-12 5.96295856e-03 6.84658717e-03
 7.80149782e-03 5.83536744e-01 4.82465290e-02 3.99892554e-02
 5.74317157e-01 2.19394088e-01 9.07418579e-02 4.21338618e-01
 8.61805675e-05 1.46365181e-01 4.62336364e-10 1.73824698e-01
 1.00722909e-02 7.61493668e-02 4.51346190e-19 5.60133136e-04
 2.96755154e-02 2.77146969e-11 1.22082902e-05 2.08388567e-01
 3.48053090e-02 1.28645601e-03 2.68562115e-08 3.68786566e-02
 1.71712774e-04 8.74050558e-01 4.84647341e-02 2.93401062e-01
 7.36958534e-02 7.30653629e-02 3.37606459e-03 1.12804341e+00
 1.00482166e+00 9.53902083e-04 4.75079887e-08 4.85722460e-02
 5.90799376e-03 1.13202477e+00 1.97418138e-01 1.84000954e-02
 6.83399856e-01 7.05221537e-05 3.36239152e-02 5.28625810e-10
 7.35448508e-12 5.20725043e-05 6.14839792e-06 1.00300595e-01
 6.22416032e-04 1.55341417e-01 2.69562602e-01 6.97240606e-02
 5.05596757e-01 7.15951610e-04 7.27316856e-01 7.70582110e-02
 2.69698501e-02 5.38260303e-02 1.78405158e-02 1.30337983e-01
 4.36418504e-02 1.79883957e-01 1.68384358e-01 6.85964478e-04
 2.86090612e-01 1.60473585e-01 3.75317410e-03 5.05777076e-02
 6.63939910e-03 1.00223979e-05 9.90638455e-06 5.69657641e-06
 1.81830197e-04 2.43098754e-02 2.71697283e-01 1.48078678e-02
 8.52942526e-01 4.39542264e-01 1.22600980e-02 1.96228877e-01
 4.12939340e-02 2.94137560e-02 1.01357221e-10 1.17680347e-02
 6.62345730e-04 2.49638304e-01 1.46496149e-10 3.69742338e-07
 2.26927344e-09 5.91781661e-02 1.10351525e-01 1.10222483e+00
 5.81075251e-01 4.64788027e-05 2.17917794e-03 3.68971552e-04
 2.99261250e-02 3.06954324e-01 2.04897132e-02 1.05740863e-03
 6.38118386e-02 1.00533133e-02 1.29585527e-02 2.62899790e-04
 1.31095669e-06 3.18001918e-02 8.27662408e-01 1.47065178e-01
 2.81488180e-01 5.93114018e-01 1.74360292e-04 3.27404857e-01
 9.53409135e-01 9.53714401e-02 5.30914962e-01 7.72693679e-02
 2.95006998e-07 7.04578832e-02 5.52981555e-01 1.99645292e-04
 2.54356533e-01 4.79028106e-09 7.33077060e-03 1.20918278e-03
 8.50446102e-10 5.87794892e-02 1.01698721e-02 2.69273579e-01
 2.48611812e-03 4.00018544e-05 4.46695358e-01 9.17604326e-11
 2.55121146e-09 1.12955606e+00 5.39578140e-01 7.05604106e-02
 5.26997805e-01 4.25736547e-01 5.35945129e-03 3.25142336e-03
 3.66892716e-09 3.67591929e-05]
nUIV_to_SIR : {'weight': array([[ 1.49349   ,  0.32632738,  0.02799955],
       [ 1.2536523 ,  1.2533187 , -0.42787972],
       [-0.415656  ,  0.6061137 ,  0.9539559 ]], dtype=float32)}
