SIMULATION PARAMATERS:
SIR : {'beta': 67.5, 'gamma': 0.75, 'x0': array([0.3, 0.5, 0.2]), 'num_hosts': 50}
nUIV : {'beta': array([ 1.3461744,  8.759045 ,  2.3146703,  5.067968 ,  2.0955842,
        1.8273077,  3.7016215,  2.327587 ,  1.8765215, 10.381891 ,
        3.9780624,  8.635871 ,  2.0088766,  2.860631 ,  7.044224 ,
        2.8361504,  2.7566254,  1.0097054,  1.8310179,  1.440603 ,
        3.8621786,  1.9791384,  7.99007  ,  2.3770046,  3.7063372,
        6.3417068, 11.018454 ,  2.2740953,  3.6091292,  5.6013227,
        7.057725 ,  2.6289256, 10.486915 ,  3.116453 ,  7.107488 ,
        3.8848996,  3.4081542,  8.069163 ,  3.2462316,  3.1164472,
        3.5529063,  8.648201 ,  5.1073976,  6.694589 ,  6.794805 ,
        3.8921041,  3.965931 ,  1.9505835,  3.0356498,  3.056123 ],
      dtype=float32), 'delta': array([2.5645874e-03, 6.4024359e-01, 2.1873983e-02, 3.1274678e-05,
       8.1326085e-10, 8.5917031e-07, 7.4207103e-03, 3.5190842e+00,
       1.7008100e+00, 9.0348107e-07, 6.7909859e-02, 1.0974113e-07,
       1.2084430e-02, 2.2662869e-06, 5.0134707e-02, 9.5133049e-07,
       1.4121343e-02, 3.0788288e+00, 2.9647413e-01, 6.5213021e-07,
       3.8798487e-12, 2.2750556e-02, 2.5298540e-02, 1.0783341e-04,
       7.4704999e-06, 1.6401120e-18, 6.3735735e-01, 2.8444751e-06,
       1.9758308e-07, 1.5551478e-10, 5.4255083e-02, 8.5625999e-02,
       1.2310460e-01, 1.4980122e-09, 6.5185675e-05, 4.3975801e-04,
       1.5667500e-02, 5.8585793e-01, 1.8482165e-03, 2.3736359e-14,
       9.0272638e-14, 2.3786204e-03, 7.1933544e-05, 5.3107279e-08,
       2.2547136e-03, 3.8729099e-04, 1.3453262e+00, 1.5536843e-09,
       8.2367646e-10, 8.2291877e-01], dtype=float32), 'p': array([1.08066283e-03, 1.49710560e-02, 3.74946237e-01, 1.54675767e-01,
       1.07550733e-01, 8.41929519e-04, 1.84393752e+00, 1.47213815e-02,
       1.26325041e-01, 1.79739857e+00, 5.90701681e-03, 1.60473548e-02,
       1.37459384e-02, 8.84438515e-01, 5.37103042e-02, 1.83189407e-01,
       5.84690270e-07, 1.81284416e-02, 2.06669234e-02, 8.93014610e-01,
       1.00849427e-07, 6.96947157e-01, 5.28077520e-02, 7.09573030e-01,
       4.84947443e-01, 2.31011998e-12, 1.64327226e-04, 7.86357880e-01,
       5.45164227e-01, 1.38444766e-01, 6.65870756e-02, 2.45214818e-04,
       2.04139724e-02, 4.96631831e-01, 3.41608338e-02, 1.23159662e-02,
       2.49112211e-03, 1.89583132e-03, 1.34147583e-02, 3.54246236e-02,
       2.14978635e-01, 2.35601561e-03, 3.83400451e-03, 8.82486045e-01,
       4.13085392e-04, 4.24183756e-02, 4.54226471e-02, 2.19950944e-01,
       1.26042771e+00, 9.62882332e-05], dtype=float32), 'c': array([2.0599592e+00, 4.0091968e+00, 8.3059329e-01, 2.9708602e+00,
       4.7578675e-01, 2.4898581e-01, 2.1390159e-01, 3.9458091e+00,
       2.8945661e+00, 1.4298785e+00, 9.7322124e-01, 3.6747808e+00,
       1.6848346e+00, 8.6339456e-01, 3.9863884e+00, 2.7197206e+00,
       1.5064193e+00, 1.0339385e+00, 1.4688203e+00, 1.5510335e+00,
       2.6305900e+00, 9.5885867e-01, 6.2929678e-01, 1.0765822e+00,
       1.3041658e+00, 2.8051133e+00, 1.0731624e+00, 1.4613940e+00,
       1.5279213e+00, 7.3986739e-05, 3.1409581e+00, 1.8031657e+00,
       1.5993552e+00, 1.5606891e+00, 1.8483967e+00, 3.8970965e-01,
       1.3139446e+00, 2.8885870e+00, 9.4494462e-01, 2.4449472e+00,
       2.7472885e+00, 3.6487126e-01, 1.4140124e+00, 8.0430311e-01,
       1.3675752e+00, 1.3786814e+00, 2.5828502e+00, 1.0746377e+00,
       6.6283667e-01, 9.6078016e-02], dtype=float32), 't': array([[3.07687545e+00, 1.29232299e+00, 1.63879111e-01, 1.19598556e+00,
        8.94497521e-03, 8.40683162e-01, 1.36001231e-02, 1.70478785e+00,
        1.36483002e+00, 1.59487307e+00, 1.20693929e-01, 3.72518182e-01,
        2.05842540e-01, 2.65066296e-01, 1.81373334e+00, 9.74947929e-01,
        2.77590632e-01, 1.12072065e-01, 8.94652009e-02, 4.06032354e-01,
        1.81130517e+00, 5.26421741e-02, 2.57912930e-03, 2.22451136e-01,
        1.24121249e-01, 2.26947069e+00, 6.92617744e-02, 7.81669244e-02,
        4.89654522e-05, 8.04059207e-02, 1.50541437e+00, 4.53347206e-01,
        2.68545002e-01, 1.28156571e-02, 1.38939247e-01, 5.84763229e-01,
        8.38847816e-01, 6.04999959e-01, 4.55799364e-02, 1.43499219e+00,
        1.49628520e+00, 1.31156415e-01, 5.43631375e-01, 3.60198691e-02,
        1.56624150e+00, 2.73865283e-01, 1.54074013e+00, 7.91389287e-01,
        5.77482507e-02, 6.69737682e-02],
       [1.01649889e-03, 2.28071824e-01, 2.58416653e-01, 9.12694931e-01,
        1.58614838e+00, 1.97917390e+00, 2.01877251e-01, 5.16940594e-01,
        6.53319135e-02, 5.88595033e-01, 1.97302610e-01, 1.21522367e+00,
        4.24758673e-01, 7.05176651e-01, 9.23991621e-01, 1.15293217e+00,
        1.69047511e+00, 2.13578999e-01, 3.38880688e-01, 4.29873496e-01,
        6.49812698e-01, 6.99808717e-01, 2.43649855e-01, 1.34133315e+00,
        4.99846995e-01, 1.00790703e+00, 4.41192359e-01, 3.02615345e-01,
        7.63499856e-01, 2.06313178e-01, 5.70058823e-01, 5.90907395e-01,
        5.02979636e-01, 4.83390409e-03, 9.42604244e-01, 4.48865205e-01,
        2.36714506e+00, 1.89115807e-01, 4.20398384e-01, 1.84418201e-01,
        1.35413301e+00, 1.91238448e-01, 4.58054066e-01, 1.77237645e-01,
        1.15303004e+00, 3.62399042e-01, 2.23544955e+00, 1.88088119e+00,
        2.70246446e-01, 1.26945123e-01],
       [1.34460181e-01, 1.25781870e+00, 5.37968397e+00, 1.56070316e+00,
        7.70520389e-01, 7.31108189e-01, 3.79955963e-12, 1.43992090e+00,
        3.49035472e-01, 6.25275493e-01, 3.72941315e-01, 2.58858514e+00,
        1.01461336e-01, 1.12344742e-01, 1.93707347e+00, 2.34751415e+00,
        7.00379133e-01, 1.82056025e-01, 1.49389088e-01, 1.11758269e-01,
        2.18568778e+00, 2.27566674e-01, 1.16513647e-01, 4.97884095e-01,
        5.33240795e-01, 2.06378078e+00, 1.72781810e-01, 1.16834067e-01,
        4.77241218e-01, 2.94543020e-02, 1.95856261e+00, 8.50017488e-01,
        9.99500901e-02, 4.34716130e-05, 1.74750853e-10, 1.51371339e-03,
        8.18589032e-01, 3.33593041e-01, 1.04631953e-01, 9.94933009e-01,
        2.21167350e+00, 1.83285043e-01, 8.86578619e-01, 1.22465350e-01,
        1.14472330e+00, 2.47384191e-01, 2.12076402e+00, 9.82077658e-01,
        2.51439842e-03, 2.15912953e-01],
       [2.07975745e-01, 1.08330064e-02, 3.97839993e-01, 2.87822127e-01,
        1.37871695e+00, 1.56903350e+00, 2.68410780e-02, 1.32210815e+00,
        5.32980487e-02, 2.19503403e-01, 6.79103792e-01, 1.01684976e+00,
        3.74989152e-01, 6.77983105e-01, 1.76599574e+00, 1.17839026e+00,
        2.41280651e+00, 5.22858679e-01, 5.65999389e-01, 9.08869207e-01,
        1.02616322e+00, 1.44593582e-01, 6.06342196e-01, 5.15458882e-01,
        3.18625838e-01, 1.31562781e+00, 8.25020552e-01, 1.51209704e-07,
        6.84982240e-01, 6.13085926e-01, 1.06906641e+00, 1.46279609e+00,
        9.93348122e-01, 9.82372512e-06, 6.76715493e-01, 8.65186157e-04,
        1.82111466e+00, 9.77778256e-01, 3.37758034e-01, 2.65231609e-01,
        2.02645898e+00, 4.39896643e-01, 1.20578706e+00, 6.23197615e-01,
        1.34716046e+00, 1.49946082e+00, 2.01430655e+00, 1.52883911e+00,
        1.32354379e-01, 3.76943707e-01],
       [1.08316763e-05, 1.39062956e-01, 2.32945949e-01, 1.04970360e+00,
        3.00697237e-01, 3.01929998e+00, 2.89891809e-01, 2.10505381e-01,
        1.50230961e-04, 2.83052120e-02, 3.92516375e-01, 1.11018646e+00,
        1.34618714e-01, 5.75901806e-01, 1.74952254e-01, 1.37062045e-02,
        1.73841250e+00, 1.57557294e-01, 4.44227606e-01, 5.52352071e-01,
        1.41883165e-01, 1.65934813e+00, 3.50220293e-01, 3.13661426e-01,
        6.40519500e-01, 1.19924685e-02, 3.40509713e-01, 1.86027184e-01,
        6.10215127e-01, 1.17460787e+00, 1.58566967e-01, 3.53562908e-04,
        6.61172569e-01, 2.46005329e-05, 1.28469443e+00, 2.99693418e+00,
        9.31022823e-01, 5.08880138e-01, 1.04795408e+00, 4.76759583e-01,
        1.58758402e+00, 6.55369937e-01, 1.13777483e+00, 3.28877598e-01,
        7.78839052e-01, 1.11692750e+00, 4.95226942e-02, 2.67782283e+00,
        2.29459822e-01, 2.72122711e-01],
       [1.89459413e-01, 8.36412311e-01, 3.37299425e-03, 2.58571003e-04,
        2.27095699e+00, 1.36609331e-01, 2.72189882e-02, 4.96161073e-01,
        3.05500253e-05, 3.15166253e-05, 2.29143485e-01, 1.45765781e+00,
        2.16602325e-01, 2.35228101e-04, 5.19710839e-01, 7.08278418e-01,
        2.75455403e+00, 1.57254785e-01, 2.96751526e-03, 2.16113403e-02,
        6.95637703e-01, 4.01839614e-02, 7.73481056e-02, 3.33256990e-01,
        1.16867401e-01, 4.32805389e-01, 1.62559092e-01, 1.67012960e-02,
        9.45755094e-03, 1.36571229e-01, 1.86640382e-01, 8.70806277e-01,
        1.32191733e-01, 1.72504568e+00, 3.30115765e-01, 7.20622316e-02,
        1.05278981e+00, 1.63483456e-01, 1.55870363e-01, 7.86341280e-02,
        7.13039517e-01, 2.69616256e-04, 1.50549218e-01, 1.59533352e-01,
        1.60286307e-01, 1.54943213e-01, 1.77200139e+00, 2.98630190e+00,
        5.50905019e-02, 6.35020018e-01],
       [1.90620252e-04, 1.62922174e-01, 2.68756390e+00, 9.59314466e-01,
        4.39844932e-03, 2.00484344e-18, 4.06682491e+00, 7.01685548e-02,
        3.09229945e-04, 9.01995540e-01, 1.99040771e+00, 6.90250471e-02,
        1.45557806e-01, 1.78930223e+00, 2.80989200e-01, 1.43547297e+00,
        1.53671624e-03, 9.80676270e+00, 9.82375383e-01, 4.14572163e-08,
        1.74680543e+00, 4.57260340e-01, 6.21601224e-01, 2.06566167e+00,
        2.90478778e+00, 2.12912202e+00, 2.41928482e+00, 2.08132826e-02,
        2.34447882e-01, 1.43221784e+00, 1.20340198e-01, 1.55481660e+00,
        3.90477705e+00, 1.68145375e-09, 1.86630893e+00, 5.43590367e-01,
        1.60195637e+00, 7.73651004e-02, 2.94439983e+00, 3.41015148e+00,
        1.57850921e+00, 5.51390266e+00, 4.84567833e+00, 2.49268675e+00,
        2.65014648e+00, 2.04017687e+00, 2.85728157e-01, 2.63607712e-03,
        2.77072096e+00, 6.96578205e-01],
       [1.50292009e-01, 7.85113335e-01, 3.65685552e-01, 4.99600351e-01,
        7.16518521e-01, 1.78035021e+00, 1.66770324e-01, 4.94247913e-01,
        7.30190650e-02, 2.03997627e-01, 4.71027225e-01, 1.79442430e+00,
        4.42682475e-01, 3.90929699e-01, 5.11796296e-01, 4.44905944e-02,
        2.39435458e+00, 3.86175752e-01, 1.01024518e-02, 8.35717618e-01,
        5.24690807e-01, 1.29719660e-01, 3.20980936e-01, 3.65218222e-01,
        2.93591440e-01, 6.91443384e-01, 1.46464437e-01, 1.77174434e-01,
        3.46835881e-01, 1.33990973e-01, 6.39124751e-01, 1.89911082e-01,
        6.21891856e-01, 2.09771153e-02, 2.10884847e-02, 2.52666092e+00,
        2.12358856e+00, 2.39510953e-01, 2.17422634e-01, 5.49634807e-02,
        1.49042666e+00, 2.62594849e-01, 5.74920297e-01, 1.41564801e-01,
        1.05376780e+00, 1.04588710e-01, 1.87896490e+00, 2.04760265e+00,
        2.61147112e-01, 1.00864792e+00],
       [1.94651410e-01, 1.01841164e+00, 1.93917230e-02, 9.91771877e-01,
        8.68837535e-01, 1.25263906e+00, 1.07604319e-05, 9.27768528e-01,
        2.77252376e-01, 8.98352623e-01, 2.63222903e-01, 6.91963673e-01,
        3.86069149e-01, 4.75116909e-01, 1.30695295e+00, 1.19703805e+00,
        1.07983887e+00, 2.09935725e-01, 1.44725339e-03, 8.03620636e-01,
        1.00740445e+00, 1.16402552e-01, 1.24489553e-01, 1.74177140e-01,
        3.56703997e-01, 8.88291180e-01, 4.28826027e-02, 2.44719252e-01,
        1.84896309e-02, 8.63334984e-02, 7.21700907e-01, 1.64794135e+00,
        1.92999631e-01, 4.49061364e-01, 5.84191740e-01, 3.36378142e-02,
        1.60587108e+00, 7.12040186e-01, 8.87174383e-02, 7.04564810e-01,
        1.09478951e+00, 3.32745045e-01, 1.40409365e-01, 8.37312043e-02,
        3.48050892e-01, 1.33684680e-01, 1.54023147e+00, 1.32496154e+00,
        1.41357616e-01, 8.41458082e-01],
       [5.55705965e-01, 9.18302592e-03, 9.11542118e-01, 6.14583910e-01,
        1.07574177e+00, 1.57519281e+00, 1.19472051e+00, 1.05317903e+00,
        2.92208206e-05, 3.75495195e-01, 9.25945938e-01, 1.33473286e-02,
        1.06517935e+00, 8.81494452e-06, 8.29727352e-02, 1.41920459e+00,
        2.39824390e+00, 5.52321255e-01, 6.82410181e-01, 8.80763233e-01,
        1.82209170e+00, 7.35879135e+00, 3.34732103e+00, 6.47850704e+00,
        2.27318406e+00, 5.52095473e-01, 1.36346722e+00, 2.12995604e-01,
        4.17627692e-02, 5.76735914e-01, 5.02673268e-01, 2.66155362e-01,
        1.95789433e+00, 8.27097574e-06, 9.81334031e-01, 7.32577682e-05,
        6.73288465e-01, 3.25679988e-01, 1.42629230e+00, 5.19275427e-01,
        1.57118928e+00, 3.16837907e+00, 2.76177979e+00, 1.54797542e+00,
        2.20436096e+00, 6.22863197e+00, 2.13927364e+00, 1.13307929e+00,
        9.74021912e-01, 3.00473779e-01],
       [3.63764405e-01, 1.32804334e+00, 2.14364217e-03, 1.39372754e+00,
        7.42288902e-02, 5.43532610e-01, 5.95722777e-05, 1.36410868e+00,
        1.13179696e+00, 7.77415037e-01, 4.91151953e+00, 4.16356421e+00,
        2.32113197e-01, 3.44274542e-03, 1.26519907e+00, 2.79724789e+00,
        9.14240360e-01, 7.20572993e-02, 5.31786121e-02, 1.39344752e-01,
        1.06083679e+00, 1.00869142e-01, 1.22691737e-04, 7.64114112e-02,
        4.82198238e-01, 2.68428445e+00, 4.25905697e-02, 2.33493354e-02,
        3.12301844e-01, 1.14662265e-02, 1.32980514e+00, 9.89328027e-01,
        1.29250228e-01, 3.63158196e-01, 1.75250228e-02, 1.49746449e-03,
        1.64067030e-01, 1.86799696e-08, 1.75516799e-01, 2.17217064e+00,
        1.73080373e+00, 1.20259658e-01, 7.67466426e-02, 4.14118916e-02,
        4.86565858e-01, 2.38743663e-01, 1.50277543e+00, 2.87076384e-01,
        2.85592675e-03, 1.78349614e-01],
       [3.36152762e-01, 1.05406570e+00, 2.30449885e-01, 1.63767189e-01,
        8.91016483e-01, 1.79953218e+00, 3.06774914e-01, 6.57470822e-01,
        1.91335811e-03, 1.45810917e-02, 2.84958750e-01, 1.96124893e-02,
        3.89166653e-01, 2.15020817e-04, 1.11319097e-02, 8.30046475e-01,
        1.04244542e+00, 2.89827377e-01, 4.25903082e-01, 6.07927442e-01,
        4.41899727e-04, 3.17204773e-01, 7.15843886e-02, 2.47276381e-01,
        2.09850281e-01, 8.63503814e-01, 3.86877388e-01, 1.33466870e-01,
        5.17705142e-01, 1.64461672e-01, 1.20193437e-01, 7.58704841e-02,
        4.56461847e-01, 9.02062953e-02, 5.42959213e-01, 1.74655426e+00,
        1.65165174e+00, 5.42937398e-01, 1.04929097e-01, 2.26916447e-02,
        1.51468360e+00, 2.19316259e-01, 5.55115223e-01, 2.45720968e-01,
        3.03138614e-01, 1.13852933e-01, 1.46400082e+00, 1.48649752e+00,
        3.70185345e-01, 1.65999126e+00],
       [2.33341783e-01, 7.95170844e-01, 1.56296045e-01, 1.03175569e+00,
        8.41970026e-01, 5.32523453e-01, 2.26458019e-10, 9.12374496e-01,
        1.04156164e-02, 9.07119632e-01, 1.11754030e-01, 1.82496989e+00,
        3.21158981e+00, 2.96440184e-01, 1.27465439e+00, 1.62681735e+00,
        6.73604548e-01, 1.80564851e-01, 2.04209551e-01, 7.06068873e-02,
        1.46347845e+00, 1.04141310e-01, 8.56403336e-02, 4.46645796e-01,
        6.63316727e-01, 1.63037241e+00, 3.03431243e-01, 2.55758688e-03,
        5.90175726e-02, 1.81189522e-01, 1.88591647e+00, 1.69580579e+00,
        1.31139532e-01, 1.94970872e-02, 6.90686285e-01, 4.12364639e-02,
        1.02514017e+00, 1.06888688e+00, 1.32012457e-01, 1.65858936e+00,
        1.45480311e+00, 7.29640424e-02, 8.99416029e-01, 6.87878113e-03,
        2.66434014e-01, 1.48595124e-01, 1.40279055e+00, 8.77872109e-01,
        6.92042336e-02, 6.70135498e-01],
       [2.07575679e-01, 5.59765697e-01, 2.16515377e-01, 1.47108519e+00,
        1.90593719e-01, 2.48293877e-01, 1.20609313e-01, 4.54346072e-08,
        3.49684764e-04, 2.02869757e-08, 2.36948776e+00, 9.42344189e-01,
        7.33644605e-01, 3.12202334e+00, 2.75911510e-01, 1.78191102e+00,
        8.58240534e-10, 2.93705255e-01, 2.22385705e-01, 4.69516611e+00,
        2.86476111e+00, 1.55987728e+00, 1.86618865e-01, 3.00102901e+00,
        2.49941540e+00, 1.59120810e+00, 3.18660498e-01, 1.19167298e-01,
        1.81236072e-04, 3.50650400e-01, 3.76260698e-01, 4.72142076e+00,
        3.70376754e+00, 2.19713452e-14, 1.94155645e+00, 4.57286477e-01,
        1.07552434e-04, 1.55981958e+00, 1.44284391e+00, 4.25489378e+00,
        1.06978953e+00, 3.30614734e+00, 3.69653797e+00, 4.69289362e-01,
        5.99627018e+00, 1.90495372e+00, 3.43460543e-03, 7.78573871e-01,
        2.09152269e+00, 1.24005653e-01],
       [2.93414682e-01, 2.50901610e-01, 4.16814864e-01, 1.47324431e+00,
        1.24808979e+00, 2.31710196e+00, 2.80388117e-01, 1.44107497e+00,
        2.55256951e-01, 4.60282832e-01, 5.46171844e-01, 1.80105710e+00,
        3.88359219e-01, 3.86788067e-03, 1.87230617e-01, 6.65728867e-01,
        1.65021503e+00, 4.52745348e-01, 5.11392295e-01, 1.12677479e+00,
        7.01386750e-01, 1.50776133e-01, 3.95251185e-01, 5.21059155e-01,
        7.24782348e-01, 1.13029432e+00, 2.34987885e-01, 4.26321596e-01,
        8.41463625e-01, 2.69711286e-01, 3.49377751e-01, 1.25384375e-01,
        9.20565605e-01, 7.45119962e-07, 1.53698874e+00, 1.16392632e-03,
        1.58202386e+00, 4.09699604e-03, 4.93727595e-01, 2.52250899e-02,
        1.20575619e+00, 4.72720265e-01, 7.28651106e-01, 6.30538678e-04,
        1.21452618e+00, 2.32791281e+00, 1.49409878e+00, 1.87171531e+00,
        4.03722316e-01, 6.16557121e-01],
       [1.78457364e-01, 1.20474458e+00, 1.12614490e-01, 2.38758773e-01,
        8.41159463e-01, 1.07113636e+00, 7.65598640e-02, 1.24780345e+00,
        9.25474882e-01, 6.49743676e-01, 2.16020957e-01, 1.86696553e+00,
        4.57063526e-01, 3.65776241e-01, 1.51257455e+00, 2.65945643e-02,
        1.36420536e+00, 1.22258581e-01, 2.16857955e-01, 3.12013769e+00,
        7.04747260e-01, 4.42606471e-02, 1.38701722e-01, 1.26457170e-01,
        6.82891428e-01, 1.49057925e+00, 3.48293275e-01, 9.26710442e-02,
        2.83133090e-01, 3.04176480e-01, 1.11458647e+00, 2.20453119e+00,
        1.41077628e-02, 2.02911469e-04, 6.44724727e-01, 7.55690504e-03,
        6.73879206e-01, 6.35719299e-01, 3.60699177e-01, 1.08414125e+00,
        1.38760865e+00, 3.29713404e-01, 3.33144069e-01, 2.74327308e-01,
        7.18959451e-01, 3.43515426e-01, 1.68019485e+00, 1.36121583e+00,
        1.81466550e-01, 7.92314529e-01],
       [1.03875607e-01, 9.63540852e-01, 1.55484557e-01, 5.23099124e-01,
        8.18155825e-01, 2.24701953e+00, 3.20276111e-01, 8.51947010e-01,
        1.98263605e-03, 5.84477894e-02, 3.67097616e-01, 7.37827897e-01,
        2.31373623e-01, 2.68128365e-01, 8.47925961e-01, 6.18737757e-01,
        2.59490989e-05, 2.48621553e-01, 3.32057625e-01, 6.10117912e-01,
        1.50832102e-01, 1.69921622e-01, 3.34500045e-01, 3.89611125e-01,
        2.50259697e-01, 2.17264239e-02, 1.58687681e-02, 2.54020724e-03,
        3.61669779e-01, 1.60491258e-01, 7.27302313e-01, 4.39531773e-01,
        7.64896274e-01, 7.01949000e-03, 6.39541686e-01, 1.18272543e+00,
        2.46483493e+00, 5.34581602e-01, 4.08810556e-01, 9.29452717e-01,
        8.48128378e-01, 3.91348928e-01, 3.15194517e-01, 2.76112676e-01,
        4.48897213e-01, 4.77794051e-01, 1.13645506e+00, 1.92727482e+00,
        3.14826727e-01, 1.51328135e+00],
       [4.41148758e-01, 1.84850419e+00, 4.07035165e-02, 1.82587028e+00,
        6.28062248e-01, 2.18188420e-01, 4.50664011e-05, 1.38941479e+00,
        7.08228052e-01, 1.36625361e+00, 7.42234141e-02, 4.33891439e+00,
        1.31396443e-01, 2.34322902e-03, 9.40068245e-01, 2.27958155e+00,
        1.43786287e+00, 4.77844858e+00, 1.16142318e-01, 1.92602411e-01,
        2.47123384e+00, 5.37041947e-02, 4.60449271e-02, 1.55501604e-01,
        1.51638821e-01, 1.97004735e+00, 4.43010360e-01, 2.77225785e-02,
        4.10088524e-02, 1.27955705e-01, 1.60870171e+00, 3.19163442e-01,
        4.00932431e-02, 3.23586226e-01, 7.02815801e-02, 7.84476288e-06,
        2.53483534e-01, 1.14618361e+00, 4.71181273e-02, 1.95563745e+00,
        1.64946222e+00, 9.72767919e-02, 2.93956637e-01, 5.52527867e-02,
        4.31431770e-01, 4.29407358e-02, 2.08369660e+00, 1.31414104e+00,
        8.42648034e-04, 6.01762414e-01],
       [3.05437684e-01, 1.62409961e+00, 2.77060419e-01, 9.46542621e-01,
        5.15455961e-01, 4.84954834e-01, 6.60893740e-03, 7.00394392e-01,
        1.27153862e+00, 8.23659301e-01, 1.65067658e-01, 2.08033371e+00,
        4.14328218e-01, 5.50854672e-03, 1.65193427e+00, 1.44423759e+00,
        8.83683681e-01, 7.40707368e-02, 3.73872805e+00, 7.06067741e-01,
        1.55089605e+00, 6.29460365e-02, 9.21149254e-02, 7.52021298e-02,
        3.99005711e-01, 1.62786329e+00, 1.55147940e-01, 2.04470143e-06,
        4.29181933e-01, 6.21676259e-02, 7.88656652e-01, 1.89577997e+00,
        1.79025814e-01, 1.43483910e-03, 3.16184193e-01, 1.50007531e-02,
        5.49578249e-01, 2.67077476e-01, 2.22463965e-01, 1.15218067e+00,
        1.35912097e+00, 2.38180920e-01, 1.42312273e-01, 7.18875974e-02,
        6.70566916e-01, 9.60964337e-02, 1.73094213e+00, 1.15408349e+00,
        4.01867814e-02, 9.59899127e-01],
       [1.83877707e-01, 7.20930286e-03, 1.79443091e-01, 1.45636761e+00,
        8.39891791e-01, 4.31106657e-01, 1.46409020e-01, 8.04895401e-01,
        2.82840639e-01, 8.71365726e-01, 4.32728231e-01, 1.34572077e+00,
        7.93086529e-01, 6.06572986e-01, 9.24725831e-01, 2.16930079e+00,
        1.10295606e+00, 2.20864877e-01, 3.52622032e-01, 4.66709375e-01,
        2.38396406e+00, 3.79699767e-02, 3.72937530e-01, 1.30699292e-01,
        4.08399820e+00, 1.18883455e+00, 2.69135714e-01, 1.25313539e-03,
        1.44906461e-01, 6.43025696e-01, 9.00093257e-01, 2.61846852e+00,
        3.67185140e+00, 3.65326656e-07, 1.51520121e+00, 5.96462330e-03,
        4.59635397e-03, 5.63838243e-01, 2.29283953e+00, 2.48804879e+00,
        1.75866008e+00, 1.32721865e+00, 3.39528680e+00, 4.60203558e-01,
        1.42174375e+00, 6.66083038e-01, 1.72527051e+00, 1.39695636e-04,
        7.70492479e-02, 4.01346684e-01],
       [1.55317262e-01, 1.20370924e+00, 3.58523458e-01, 9.91791725e-01,
        1.27383220e+00, 1.16840243e+00, 6.26841187e-02, 8.88367474e-01,
        1.54001564e-01, 1.79778170e-02, 1.81668043e-01, 2.21937108e+00,
        3.75667334e-01, 4.74310577e-01, 1.87422025e+00, 1.45420194e+00,
        1.41649199e+00, 2.10003182e-01, 3.42748612e-01, 1.33348107e+00,
        1.24085844e-01, 2.70268649e-01, 2.61430949e-01, 1.86688781e-01,
        5.74498057e-01, 6.88610315e-01, 4.92711395e-01, 1.44836515e-01,
        3.92308878e-03, 3.93959522e-01, 8.76157701e-01, 6.92066625e-02,
        5.03073573e-01, 2.04395384e-01, 1.01623905e+00, 2.06651334e-02,
        1.06610501e+00, 4.62705821e-01, 8.95073712e-02, 9.10262704e-01,
        1.34042406e+00, 2.16682926e-01, 4.44095969e-01, 1.77072093e-01,
        2.43668973e-01, 3.11389446e-01, 1.43066657e+00, 2.00334811e+00,
        2.22707853e-01, 4.18824941e-01],
       [6.58671796e-01, 1.03943646e+00, 2.27135643e-01, 1.03630745e+00,
        7.24019647e-01, 5.93717575e-01, 2.72255670e-02, 1.35243726e+00,
        4.70229030e-01, 6.96588813e-06, 6.29445910e-01, 2.42093110e+00,
        2.87721962e-01, 1.96421221e-01, 1.02079284e+00, 2.46975327e+00,
        1.13165498e+00, 9.82608870e-02, 2.68850058e-01, 2.36883378e+00,
        7.58456051e-01, 3.36656618e+00, 7.05830008e-02, 2.36584157e-01,
        1.42197204e+00, 1.16621006e+00, 8.84125412e-01, 1.22700557e-01,
        8.71386170e-01, 2.00797766e-02, 7.30975926e-01, 1.57439518e+00,
        1.08834410e+00, 1.69804972e-02, 4.91907239e-01, 3.65995515e-06,
        4.26709205e-01, 1.12722605e-01, 1.35347617e+00, 2.42086434e+00,
        2.06941724e+00, 2.34778762e-01, 1.57478595e+00, 2.53500700e-01,
        2.29811740e+00, 4.48213875e-01, 1.93811893e+00, 1.80143178e+00,
        6.69785365e-02, 3.95986915e-01],
       [1.62571207e-01, 6.28892362e-01, 1.20304413e-01, 1.25978720e+00,
        8.19483519e-01, 8.63552868e-01, 2.21582986e-02, 4.60009336e-01,
        7.83429265e-01, 1.35312080e+00, 2.86637485e-01, 2.26167583e+00,
        5.25402248e-01, 4.85884637e-01, 1.71988988e+00, 2.43281817e+00,
        1.66866624e+00, 1.84846550e-01, 5.15478432e-01, 9.32866812e-01,
        1.26238475e-02, 4.06479388e-02, 4.43513250e+00, 1.80909884e+00,
        6.63529932e-01, 1.76177418e+00, 9.10611570e-01, 3.35717976e-01,
        3.42430532e-01, 1.38930902e-01, 1.99801040e+00, 4.83042568e-01,
        4.64100868e-01, 7.39647003e-05, 4.59760800e-03, 1.55732618e-03,
        2.48469353e+00, 2.41341472e-01, 1.26462681e-02, 3.65455776e-01,
        2.02842212e+00, 3.58702719e-01, 5.57444990e-01, 1.12520978e-01,
        1.19082463e+00, 2.47626483e-01, 2.88198471e+00, 1.23601878e+00,
        1.34334505e-01, 9.13180947e-01],
       [5.99349797e-01, 1.03082275e+00, 1.33226633e-01, 2.25739598e+00,
        2.95377105e-01, 4.66406316e-01, 5.32906353e-02, 9.05576050e-01,
        5.08813024e-01, 1.62492764e+00, 4.78662044e-01, 2.53839326e+00,
        1.85214460e+00, 9.45086312e-03, 2.05097842e+00, 2.98193812e+00,
        5.57401299e-01, 5.79415374e-02, 1.60722136e-01, 4.65287343e-02,
        2.89126372e+00, 1.71887174e-01, 1.13558888e-01, 2.69609642e+00,
        2.52228713e+00, 2.11716533e+00, 6.78680003e-01, 1.00525576e-05,
        2.91952956e-02, 8.12700391e-01, 1.39497077e+00, 2.59795856e+00,
        4.36330289e-02, 1.94710288e-02, 6.68340698e-02, 8.31490674e-04,
        3.39112520e-01, 5.24011057e-07, 3.67496395e-03, 2.66408300e+00,
        1.99590504e+00, 1.12882659e-01, 1.60741591e+00, 1.08219661e-01,
        1.41531801e+00, 6.86086535e-01, 1.36276984e+00, 6.19087696e-01,
        5.40467381e-01, 3.35858136e-01],
       [3.36345387e-08, 1.88140702e+00, 5.26759028e-02, 1.62184167e+00,
        2.61780679e-01, 7.01431751e-01, 4.94504720e-02, 1.39786053e+00,
        6.32957339e-01, 1.63879764e+00, 3.57473252e-11, 2.17812610e+00,
        1.26470864e-01, 8.17407668e-01, 1.43378150e+00, 3.51430678e+00,
        2.13507014e-13, 6.66484013e-02, 1.72260955e-01, 1.66024864e-02,
        3.33961415e+00, 1.84773833e-01, 2.76972875e-02, 3.81383032e-01,
        2.98528290e+00, 2.83630371e+00, 1.55127570e-01, 3.84347891e-15,
        2.90086210e-01, 1.05718821e-02, 1.61343741e+00, 5.47198629e+00,
        6.11372441e-02, 2.35905695e-08, 6.52564168e-02, 4.20428991e-01,
        1.81581266e-02, 1.30265272e+00, 1.55502394e-01, 3.25524020e+00,
        1.97311258e+00, 1.77101091e-01, 8.15762639e-01, 4.12361100e-02,
        4.28559631e-01, 2.18222171e-01, 1.41822767e+00, 7.80924320e-01,
        2.23463145e-03, 9.69486162e-02],
       [4.62798685e-01, 5.00401497e-01, 1.39310792e-01, 8.44183471e-03,
        6.14455402e-01, 1.29589856e+00, 1.41517848e-01, 1.69953322e+00,
        2.83697098e-02, 9.93657410e-01, 2.95171291e-01, 8.51112425e-01,
        3.49671870e-01, 4.94870603e-01, 1.44383216e+00, 1.77254450e+00,
        9.44569647e-01, 3.21124822e-01, 4.27043647e-01, 1.97567165e+00,
        9.99300957e-01, 6.53240234e-02, 2.35741287e-01, 4.14539784e-01,
        5.46379387e-01, 7.22997785e-02, 4.27833855e-01, 4.48458456e-02,
        1.22854374e-01, 1.97991520e-01, 9.33628559e-01, 2.54493028e-01,
        1.03236723e+00, 3.15827172e-04, 9.79291439e-01, 7.71392956e-02,
        2.21302342e+00, 3.78951401e-01, 9.94543612e-01, 3.43067437e-01,
        1.73914468e+00, 1.86523676e-01, 1.49111867e+00, 3.85284990e-01,
        8.76689434e-01, 7.39631474e-01, 2.27421498e+00, 7.99385965e-01,
        1.40747175e-01, 1.21413052e+00],
       [1.20171100e-01, 1.85253692e+00, 1.55511424e-01, 1.21966648e+00,
        7.77327895e-01, 4.80073243e-01, 1.49888319e-06, 1.84251487e+00,
        1.10445118e+00, 6.67257190e-01, 1.71707243e-01, 3.25515413e+00,
        1.37237057e-01, 2.53002681e-02, 1.64827073e+00, 2.51848578e+00,
        9.33657587e-01, 7.54639432e-02, 4.99685943e-01, 4.77712482e-01,
        1.23797584e+00, 2.25771144e-01, 6.20351471e-02, 1.60844430e-01,
        2.02100024e-01, 1.83384347e+00, 4.67438507e+00, 2.43205167e-02,
        3.71909171e-01, 2.07525462e-01, 2.00936556e+00, 1.94581580e+00,
        3.08917761e-01, 9.25202146e-02, 5.55110499e-02, 8.73752928e-04,
        3.40344049e-02, 3.85037601e-01, 2.83569664e-01, 8.58822942e-01,
        1.50175178e+00, 1.58230737e-01, 6.87050521e-02, 8.54628235e-02,
        7.16427326e-01, 2.47497067e-01, 2.21259332e+00, 1.03524792e+00,
        4.70795430e-06, 6.21612728e-01],
       [2.20150501e-01, 6.11249149e-01, 7.26527750e-01, 2.60699652e-02,
        7.74509609e-01, 8.64694238e-01, 2.68255663e+00, 3.11200410e-01,
        5.09270080e-07, 6.72964811e-01, 2.11664064e-06, 1.33375689e-01,
        1.26859397e-01, 1.71974444e+00, 4.30847138e-01, 1.22200370e+00,
        3.09861284e-02, 2.94292033e-01, 3.05341095e-01, 2.77418017e+00,
        1.05151927e+00, 6.16072798e+00, 5.18473005e+00, 5.03738832e+00,
        1.50580049e+00, 1.29133451e+00, 1.45847142e+00, 4.19006634e+00,
        1.61385611e-01, 2.50254011e+00, 9.01977160e-09, 2.39706612e+00,
        3.25877929e+00, 9.18434911e-14, 1.87313807e+00, 5.27223587e+00,
        5.10917753e-02, 2.08684027e-01, 6.86180115e+00, 3.35389458e-13,
        1.69736159e+00, 1.05563211e+00, 2.34548521e+00, 1.11676204e+00,
        3.74794865e+00, 2.40044549e-01, 5.11573017e-01, 4.87016499e-01,
        2.34142852e+00, 3.69585335e-01],
       [3.56854081e-01, 2.63157815e-01, 1.26547068e-01, 1.48598945e+00,
        1.65684782e-02, 2.46156618e-01, 2.67470688e-01, 4.11833018e-01,
        3.07184011e-01, 1.70580876e+00, 3.40853781e-01, 3.06009531e-01,
        6.56740248e-01, 6.59953833e-01, 7.17593074e-01, 2.16535139e+00,
        5.91516197e-01, 2.00386508e-03, 1.63615510e-01, 1.79646409e+00,
        3.18299294e+00, 4.56420518e-02, 9.82976034e-02, 2.64871716e-01,
        7.88100958e-01, 2.84912014e+00, 2.64827132e-01, 2.60252245e-02,
        9.85143483e-01, 5.52324295e-01, 1.20228565e+00, 3.99387980e+00,
        7.80018330e-01, 2.28291101e-04, 4.36144978e-01, 7.17301527e-03,
        1.35769788e-02, 5.39349794e-01, 4.05749202e-01, 2.75498009e+00,
        1.87698424e+00, 1.46289647e+00, 1.47693515e+00, 3.52342390e-02,
        7.37504816e+00, 8.81934017e-02, 1.96778584e+00, 5.08140385e-01,
        1.74239948e-01, 8.53523836e-02],
       [2.14649811e-01, 1.50581801e+00, 4.30257589e-01, 1.35394824e+00,
        1.38164508e+00, 1.22911775e+00, 1.56562075e-01, 2.11670071e-01,
        8.12874079e-01, 3.28622555e-04, 4.31504905e-01, 1.72582638e+00,
        7.32592046e-01, 5.99213839e-01, 1.02178586e+00, 1.94707739e+00,
        1.34490526e+00, 5.86969316e-01, 3.92062336e-01, 6.96873128e-01,
        7.70815372e-01, 1.88978422e+00, 1.67174526e-02, 6.22978091e-01,
        8.63751173e-01, 1.27151692e+00, 9.27430630e-01, 2.28742585e-01,
        6.96871502e-05, 3.27676058e+00, 1.62436306e+00, 1.17768347e+00,
        7.05883980e-01, 5.47872274e-04, 1.37538815e+00, 5.62232407e-03,
        1.99533379e+00, 6.56722307e-01, 1.35101795e-01, 1.13864732e+00,
        1.54653537e+00, 7.34696388e-02, 1.67270458e+00, 5.00605881e-01,
        3.04264016e-02, 1.30014527e+00, 1.74516094e+00, 1.54364347e+00,
        1.50564566e-01, 9.07832444e-01],
       [3.31790268e-01, 1.07370710e+00, 3.23719442e-01, 3.90244901e-01,
        1.48063266e+00, 1.57696450e+00, 1.66768968e-01, 1.05721223e+00,
        3.24879050e-01, 5.56726038e-01, 5.72784469e-02, 1.31555176e+00,
        2.31864840e-01, 5.18777251e-01, 7.95994997e-01, 1.42012131e+00,
        2.08193040e+00, 3.28440636e-01, 4.61677134e-01, 2.13818491e-01,
        3.71516466e-01, 6.27254248e-01, 2.63055593e-01, 1.57150283e-01,
        1.96797088e-01, 1.29385972e+00, 3.89711648e-01, 1.38634592e-01,
        6.95206940e-01, 9.68638957e-02, 2.99729973e-01, 1.18620110e+00,
        5.70081174e-01, 1.33862847e-03, 4.67058003e-01, 5.24869263e-01,
        1.35424209e+00, 5.73080599e-01, 6.44797266e-01, 1.15451741e+00,
        1.44601822e+00, 4.68678862e-01, 6.80263698e-01, 1.46506011e-01,
        7.21317232e-01, 1.36117053e+00, 8.58547509e-01, 1.98056877e+00,
        2.66909122e-01, 8.48075807e-01],
       [4.99621242e-01, 1.49351394e+00, 8.42022151e-02, 2.11118913e+00,
        1.33230314e-01, 1.28111899e+00, 9.60635953e-03, 1.96180749e+00,
        6.25484228e-01, 1.12199342e+00, 3.66231322e-01, 3.54402685e+00,
        3.10309798e-01, 5.48596717e-02, 1.73468029e+00, 2.01993799e+00,
        1.11977565e+00, 7.75450841e-02, 1.00747378e-07, 8.63917917e-02,
        1.66623139e+00, 6.43822402e-02, 1.27485782e-01, 6.06276691e-01,
        1.38672099e-01, 1.70489717e+00, 4.17101055e-01, 6.43780679e-02,
        2.83942491e-01, 3.23474228e-01, 2.00208521e+00, 1.59540570e+00,
        2.00573370e-01, 7.25481505e-06, 1.00852691e-01, 2.77600855e-01,
        2.55704135e-01, 6.26472320e-05, 3.24385576e-02, 1.32849813e+00,
        2.06476808e+00, 8.98339152e-02, 1.60099590e+00, 8.00898597e-02,
        1.43653548e+00, 4.63824719e-01, 1.85427213e+00, 1.57766664e+00,
        2.91717751e-03, 2.58887112e-01],
       [3.66236448e-01, 1.85580456e+00, 9.33498919e-01, 6.47674382e-01,
        1.13533115e+00, 1.74728382e+00, 2.75672879e-02, 1.42381072e+00,
        6.17839978e-04, 5.95421851e-01, 5.23599684e-01, 1.88492060e+00,
        9.26435709e-01, 1.80119783e-01, 8.43766868e-01, 1.53223765e+00,
        1.59378481e+00, 4.56544578e-01, 5.29369891e-01, 1.10618949e+00,
        3.34472746e-01, 2.02401781e+00, 4.50743407e-01, 3.59722137e+00,
        7.63876319e-01, 1.07170761e+00, 3.78863245e-01, 1.54610243e-05,
        1.36375502e-01, 4.19758856e-02, 5.42112052e-01, 1.22613370e+00,
        3.41154146e+00, 1.21289697e-12, 2.43310273e-01, 2.15856719e+00,
        2.01503873e+00, 1.16432095e+00, 2.33424798e-01, 3.13307941e-01,
        2.14911985e+00, 1.25753474e+00, 8.90303433e-01, 9.58766341e-01,
        8.21821213e-01, 7.23981023e-01, 2.02660155e+00, 1.69247448e+00,
        2.16820285e-01, 9.73601639e-02],
       [3.63344513e-02, 6.65407497e-05, 4.93292212e-01, 6.97957631e-03,
        9.74625289e-01, 2.87453473e-01, 6.66986883e-01, 8.07664096e-02,
        1.30094471e-03, 2.59952039e-01, 6.47238135e-01, 6.42995119e-01,
        7.37108648e-01, 1.45827985e+00, 1.92392836e-04, 1.83134854e-01,
        1.37319934e+00, 3.53028387e-01, 5.71076680e-06, 1.53920782e+00,
        8.82858992e-01, 6.29299021e+00, 1.38891578e+00, 5.46236753e+00,
        1.54637492e+00, 3.77080947e-01, 1.02411067e+00, 4.34742760e-05,
        9.16155726e-02, 8.26283693e-01, 1.40012889e-05, 3.82425308e-01,
        1.16188991e+00, 4.86525202e+00, 2.69051337e+00, 3.45699334e+00,
        5.59453294e-03, 1.94230407e-01, 9.53982544e+00, 1.45568693e+00,
        1.26528728e+00, 1.69854903e+00, 2.71557212e+00, 8.30476165e-01,
        2.56434798e+00, 1.06192226e+01, 7.70386100e-01, 1.02541196e+00,
        7.70069957e-01, 1.12803626e+00],
       [4.65995759e-01, 1.14273167e+00, 4.17073727e-01, 5.64333379e-01,
        1.35276330e+00, 1.85280824e+00, 2.63884753e-01, 1.23291612e+00,
        7.42205884e-05, 5.67417920e-01, 9.19868231e-01, 6.03074729e-01,
        8.62295568e-01, 8.79597306e-01, 1.29637659e+00, 1.09636712e+00,
        2.58987880e+00, 2.81111032e-01, 1.42427962e-04, 4.24241871e-01,
        9.58005428e-01, 8.58032417e+00, 9.07946169e-01, 7.74694562e-01,
        3.78335804e-01, 1.37947178e+00, 9.15370524e-01, 2.69069433e-01,
        8.19310665e-01, 6.01632893e-01, 5.64274415e-05, 9.60733831e-01,
        7.80062556e-01, 1.16641438e-02, 2.45095563e+00, 1.45775164e-04,
        1.59673500e+00, 1.41907677e-01, 5.06000936e-01, 7.41271004e-02,
        1.58694339e+00, 4.43762302e-01, 8.31183314e-01, 5.67761600e-01,
        1.20753813e+00, 2.31276244e-01, 1.80267370e+00, 2.10279822e+00,
        6.17830217e-01, 1.70560980e+00],
       [5.12841523e-01, 1.34041548e+00, 4.40133572e-01, 1.29102051e+00,
        9.67627525e-01, 1.45597208e+00, 5.07276244e-02, 1.24577761e+00,
        2.78435409e-01, 1.00895810e+00, 7.54227519e-01, 2.52259278e+00,
        9.34591651e-01, 4.22674567e-01, 6.63625479e-01, 1.34365880e+00,
        2.36911964e+00, 1.86940238e-01, 2.80693918e-01, 1.62611532e+00,
        1.07761526e+00, 9.24244374e-02, 9.55325291e-02, 1.38392240e-01,
        4.67091829e-01, 8.52463171e-02, 6.30858004e-01, 3.70094329e-01,
        4.94790038e-05, 2.65380135e-10, 9.79264975e-01, 1.95685178e-01,
        8.02897453e-01, 1.60001364e-04, 1.42341816e+00, 1.79158163e+00,
        1.52531600e+00, 6.94068074e-01, 1.91786379e-01, 5.13070166e-01,
        1.56943905e+00, 2.51862621e+00, 2.07138658e+00, 9.66669843e-02,
        1.42719245e+00, 1.82678890e+00, 2.07698798e+00, 1.75838315e+00,
        9.55176055e-02, 8.26925278e-01],
       [3.40169340e-01, 2.05480933e+00, 2.09859401e-01, 3.92664492e-01,
        4.56054807e-01, 1.19336843e+00, 7.16265524e-03, 1.72301519e+00,
        7.79689968e-01, 3.91258039e-02, 1.65495768e-01, 1.76389003e+00,
        3.15862119e-01, 3.09681900e-06, 2.20584440e+00, 1.31037176e+00,
        8.11205059e-02, 2.36342549e-01, 2.57775426e-01, 2.62734681e-01,
        3.74127895e-01, 9.42765474e-02, 1.32153437e-01, 1.50821790e-01,
        2.78867781e-01, 1.16148122e-01, 2.07499072e-01, 2.26773888e-01,
        6.52212322e-01, 6.14988171e-02, 2.11195540e+00, 3.54349762e-01,
        1.08192548e-01, 2.28665489e-11, 4.67240363e-01, 1.35829294e-04,
        7.31814027e-01, 5.32317162e-02, 6.67847767e-02, 9.54474360e-02,
        1.64176190e+00, 1.54222831e-01, 5.28009385e-02, 8.25139359e-02,
        5.82509398e-01, 1.80364564e-01, 2.90386105e+00, 1.73141229e+00,
        7.61194453e-02, 2.83143241e-02],
       [5.55128753e-01, 1.95747823e-01, 4.62563515e-01, 2.61720687e-01,
        1.01485920e+00, 1.80572522e+00, 8.35213810e-02, 1.63126934e+00,
        5.29019535e-01, 6.30063355e-01, 4.72292513e-01, 1.12397897e+00,
        4.25417602e-01, 7.05169857e-01, 1.58058965e+00, 1.63583016e+00,
        5.17893910e-01, 3.25684607e-01, 2.33571693e-01, 5.49258590e-01,
        5.25895059e-01, 1.54704869e+00, 4.06464070e-01, 2.35611987e+00,
        5.83981216e-01, 1.26514304e+00, 7.56221890e-01, 6.11185491e-01,
        6.01223588e-01, 2.35029638e-01, 8.35004747e-01, 1.41796482e+00,
        6.75953627e-01, 4.00157385e-02, 4.85653251e-01, 1.25453761e-02,
        1.89205194e+00, 1.91633332e+00, 6.30819261e-01, 4.26804781e-01,
        1.69016039e+00, 3.04895908e-01, 7.27431655e-01, 3.80130053e-01,
        1.18381834e+00, 1.76358685e-01, 1.34016037e+00, 1.94119763e+00,
        8.59445240e-03, 3.12093738e-03],
       [5.73631048e-01, 1.33059216e+00, 4.23343897e-01, 1.80975169e-01,
        8.05485368e-01, 1.43489659e+00, 4.06138413e-02, 4.58051014e-04,
        2.85072029e-01, 1.49055734e-01, 2.99265057e-01, 3.23861766e+00,
        8.96521747e-01, 2.76819319e-01, 1.22065198e+00, 2.19935179e+00,
        1.74354184e+00, 4.73125726e-01, 8.14286411e-01, 6.82501376e-01,
        9.10371423e-01, 6.49032235e-01, 2.33932883e-01, 9.52113152e-01,
        1.77714467e+00, 4.68768388e-01, 4.80429053e-01, 6.11577832e-07,
        3.73610437e-01, 1.64624840e-01, 7.68818676e-01, 1.48770440e+00,
        7.53620327e-01, 2.30114252e-04, 2.41955698e-01, 4.20893818e-01,
        1.34014964e+00, 8.29796374e-01, 3.33572316e+00, 1.35320735e+00,
        1.50362718e+00, 4.45239067e-01, 8.68205130e-01, 5.25667667e-01,
        7.12569714e-01, 1.52950013e+00, 1.86948562e+00, 1.90506792e+00,
        1.87096879e-01, 2.40237445e-01],
       [4.15410697e-01, 1.33853579e+00, 2.60227501e-01, 8.41963887e-01,
        1.15988314e+00, 9.25960362e-01, 1.96211766e-02, 8.52538215e-05,
        2.72031594e-02, 3.01124245e-01, 4.25861925e-01, 2.06718469e+00,
        6.10570610e-01, 9.07682333e-05, 1.05082881e+00, 1.95509470e+00,
        1.00632668e+00, 2.69805908e-01, 4.97340858e-01, 5.08762419e-01,
        6.27846003e-01, 9.67053697e-02, 2.82508314e-01, 7.37291634e-01,
        2.33088359e-01, 9.82272267e-01, 3.92421901e-01, 8.55657086e-02,
        6.58466518e-01, 3.38843286e-01, 1.25189710e+00, 1.54159284e+00,
        1.17241406e+00, 3.22197373e-11, 9.21522379e-01, 4.08205651e-02,
        1.31194842e+00, 7.58673370e-01, 2.03760952e-01, 3.90207142e-01,
        1.72182894e+00, 2.75911629e-01, 3.52136493e-01, 2.75182545e-01,
        1.06271943e-02, 5.52342594e-01, 2.21806788e+00, 1.43263268e+00,
        1.42274946e-01, 1.67728499e-01],
       [5.29858768e-01, 2.38792881e-01, 4.75149363e-01, 1.79875299e-01,
        1.12129998e+00, 1.44066191e+00, 2.82164081e-04, 9.64336038e-01,
        8.70163217e-02, 1.23478925e+00, 3.95852953e-01, 1.92347729e+00,
        8.80775988e-01, 7.45137632e-01, 1.06358021e-01, 1.81539536e+00,
        1.04927957e+00, 5.10319233e-01, 6.75816357e-01, 9.59919691e-01,
        3.77590001e-01, 3.15017998e-01, 1.47305533e-01, 3.39244270e+00,
        1.28778851e+00, 1.71526921e+00, 6.06558263e-01, 1.12388143e-02,
        1.28175452e-01, 3.54723752e-01, 1.28710115e+00, 1.00087523e+00,
        7.68974423e-01, 1.88537699e-04, 9.53853369e-01, 1.85705972e+00,
        2.86131072e+00, 6.57455146e-01, 8.31330642e-02, 1.10279012e+00,
        6.71176687e-02, 7.63528049e-01, 1.67032731e+00, 1.70559764e-01,
        1.17193162e+00, 3.54218900e-01, 1.72073579e+00, 1.50866318e+00,
        3.10380459e-01, 1.82717428e-01],
       [4.83976752e-01, 2.13047695e+00, 1.43382177e-02, 1.61847949e+00,
        1.38333496e-02, 5.22069156e-01, 5.81699032e-06, 2.24284458e+00,
        1.68562722e+00, 1.01448119e+00, 5.77193983e-02, 2.52583480e+00,
        6.67127520e-02, 8.38412780e-06, 1.10976362e+00, 3.19683409e+00,
        4.95048344e-01, 4.24311459e-02, 1.41361833e-01, 8.00956070e-01,
        2.96108508e+00, 1.50915897e-02, 6.64042979e-02, 2.05808327e-01,
        8.14000964e-02, 1.56689799e+00, 2.02164017e-02, 1.40424663e-14,
        1.47046642e-02, 1.10063881e-01, 1.54168141e+00, 4.43363428e+00,
        1.08556850e-02, 3.69475693e-01, 1.10429907e-02, 1.66801451e-11,
        8.51032448e-18, 1.66752172e+00, 1.17416210e-01, 2.49490595e+00,
        1.53380811e+00, 4.12437487e+00, 4.19079699e-03, 8.28079879e-03,
        1.74441898e+00, 2.99017504e-02, 4.74770635e-01, 7.56349385e-01,
        4.96040937e-03, 1.21279515e-01],
       [5.42659283e-01, 8.70219350e-01, 2.49791697e-01, 1.23259997e+00,
        8.38795304e-01, 1.05423093e+00, 1.07932808e-02, 1.21975100e+00,
        3.13874218e-04, 7.62691200e-01, 1.35313356e+00, 2.32118702e+00,
        5.78102767e-01, 7.19598889e-01, 1.27947855e+00, 2.21517015e+00,
        2.93048072e+00, 2.69757837e-01, 4.85674858e-01, 3.99097890e-01,
        4.10199404e-01, 1.59053540e+00, 4.86332297e-01, 2.55151123e-01,
        1.77562511e+00, 9.10860598e-01, 1.42317808e+00, 4.59409057e-05,
        7.10171223e-01, 5.35907745e-01, 4.92560305e-02, 1.71076822e+00,
        1.19313586e+00, 1.15114253e-03, 2.37003684e+00, 3.41547465e+00,
        2.09719300e+00, 8.15639794e-07, 3.15329045e-01, 6.29487157e-01,
        1.86995435e+00, 4.38795477e-01, 1.30276883e+00, 4.02437747e-01,
        1.05431044e+00, 1.60825133e-01, 2.22849345e+00, 1.79685521e+00,
        2.85275102e-01, 1.72235996e-01],
       [4.67888057e-01, 5.37662327e-01, 7.52515793e-02, 1.32878566e+00,
        5.66644669e-02, 1.87028974e-01, 4.72494960e-01, 1.05991495e+00,
        8.98493826e-02, 5.48862398e-01, 2.76010960e-01, 2.03225398e+00,
        3.71043533e-01, 6.16335392e-01, 1.14232421e+00, 2.74452448e+00,
        5.74222088e-01, 7.04597495e-03, 6.60698354e-01, 1.47399855e+00,
        2.64837885e+00, 1.12778090e-01, 4.23834085e-01, 1.22926676e+00,
        9.74160850e-01, 3.42108917e+00, 6.34639084e-01, 1.59362926e-07,
        8.83132458e-01, 1.35547698e-01, 8.86290309e-07, 7.73584509e+00,
        3.04208368e-01, 2.62402538e-02, 1.01949513e+00, 5.86710572e-01,
        1.42583586e-02, 3.77837062e-01, 7.32861459e-02, 4.18523502e+00,
        2.24960351e+00, 9.75876227e-02, 2.16827607e+00, 3.21637535e+00,
        1.80340743e+00, 4.16230828e-01, 2.66807348e-01, 1.25138819e+00,
        2.26573143e-02, 1.18514113e-01],
       [4.46685880e-01, 3.81649077e-01, 1.06185004e-01, 1.35238791e+00,
        2.94918388e-01, 3.37871522e-01, 1.59423891e-02, 1.81891274e+00,
        2.94295009e-02, 8.95698786e-01, 2.94821471e-01, 2.61135030e+00,
        1.43926120e+00, 5.62856812e-03, 1.17125165e+00, 1.97433484e+00,
        5.08179486e-01, 1.40237734e-01, 3.36834937e-01, 4.99719232e-01,
        2.36117029e+00, 5.08098900e-01, 1.91440806e-01, 7.49404013e-01,
        1.15723062e+00, 2.04340911e+00, 7.10418373e-02, 8.78598075e-03,
        1.47264808e-01, 3.18737894e-01, 3.12147722e-06, 1.96234196e-01,
        6.39709085e-02, 8.12855425e-13, 2.20898852e-01, 1.22656298e+00,
        1.37441023e-03, 8.31817389e-01, 4.16923851e-01, 2.80780482e+00,
        2.11515713e+00, 7.76867643e-02, 5.20507157e-01, 3.98675390e-02,
        2.69904351e+00, 5.91047525e-01, 1.83942884e-01, 6.70597374e-01,
        2.00484972e-03, 4.22234709e-14],
       [4.40414995e-01, 4.04522359e-01, 8.12963486e-01, 2.17374504e-01,
        1.35280991e+00, 1.56741285e+00, 1.67679340e-01, 1.56702936e+00,
        7.09560990e-01, 3.26862603e-01, 3.10603470e-01, 4.41716518e-03,
        9.83074427e-01, 7.34128773e-01, 4.28990453e-01, 4.86954510e-01,
        3.53897595e+00, 7.16275156e-01, 9.27039206e-01, 4.89705205e-01,
        6.29762948e-01, 1.70216471e-01, 2.48585925e-01, 9.40696180e-01,
        1.12210023e+00, 8.26242417e-02, 1.10859883e+00, 8.60800445e-01,
        4.38807636e-01, 1.45919859e-01, 7.25213613e-06, 1.26686692e+00,
        1.01091337e+00, 7.33785299e-09, 7.44214356e-01, 3.08787990e-02,
        2.82153082e+00, 2.85739511e-01, 7.98172772e-01, 6.40761554e-01,
        1.98651278e+00, 3.79108876e-01, 5.89893520e-01, 4.12436128e-01,
        1.26699996e+00, 2.38136911e+00, 2.89370823e+00, 2.36069655e+00,
        2.24811301e-01, 2.51864865e-02],
       [1.05083346e-01, 1.54194450e+00, 2.39500195e-01, 1.22120392e+00,
        6.51174426e-01, 1.30305433e+00, 3.51540335e-02, 1.33671391e+00,
        1.44421831e-01, 8.50441516e-04, 3.02562445e-01, 1.40418160e+00,
        2.56843209e-01, 5.73312283e-01, 3.94067465e-05, 1.46455908e+00,
        1.16688144e+00, 2.16517344e-01, 1.24144658e-01, 1.50975764e+00,
        1.17952514e+00, 8.12209919e-02, 2.20292062e-01, 3.67349803e-01,
        2.69332051e-01, 1.04245734e+00, 2.45258287e-01, 6.57557324e-02,
        5.54822624e-01, 1.95079371e-01, 8.14936161e-01, 1.67873717e-04,
        5.37994802e-01, 1.79148818e-04, 1.11722064e+00, 1.75831374e-02,
        1.59917736e+00, 4.67750520e-01, 8.03593025e-02, 5.99660158e-01,
        1.34850299e+00, 4.50305402e-01, 4.04860139e-01, 1.64181322e-01,
        7.55575998e-03, 5.18635750e-01, 1.87913746e-01, 1.81505811e+00,
        1.12560853e-01, 2.99163938e-01],
       [2.85907894e-01, 7.79582620e-01, 2.63795108e-01, 3.67813230e-01,
        3.37772578e-01, 1.45025134e+00, 2.61585793e-08, 9.10230756e-01,
        3.74761149e-02, 9.91725802e-01, 4.07279581e-01, 1.40611923e+00,
        1.21820509e+00, 1.88303816e+00, 1.35492158e+00, 7.99194127e-02,
        1.16943431e+00, 5.18939257e-01, 7.66731381e-01, 6.67854738e+00,
        5.16259134e-01, 2.50846267e-01, 4.35169131e-01, 3.50641668e-01,
        2.64905715e+00, 1.83906019e+00, 1.83626795e+00, 1.13052110e-05,
        7.25573242e-01, 2.84279257e-01, 1.30488634e+00, 2.99575877e+00,
        2.93163300e+00, 7.28098154e-02, 4.42359161e+00, 1.49782085e+00,
        1.87480104e+00, 2.37443238e-01, 4.21729565e-01, 6.45847619e-01,
        1.54931986e+00, 2.00305533e+00, 3.54598355e+00, 5.57565570e-01,
        2.23688340e+00, 1.58747470e+00, 1.19898272e+00, 8.85948479e-01,
        6.14357293e-01, 1.59855202e-01],
       [3.04294825e-01, 6.83342535e-07, 1.09587127e-04, 2.02339029e+00,
        7.50753903e-10, 7.39345998e-02, 7.14965761e-02, 5.95357306e-02,
        5.77403262e-06, 1.78340554e+00, 1.37663329e+00, 7.48085082e-01,
        1.88613571e-02, 9.43028092e-01, 2.47151963e-02, 2.73397732e+00,
        7.06311882e-01, 1.78838611e-01, 1.89915970e-01, 1.03927863e+00,
        3.41533637e+00, 4.15945083e-01, 9.39683840e-02, 1.33252323e+00,
        2.16378856e+00, 2.93214059e+00, 4.21201617e-01, 2.11700886e-01,
        1.52118790e+00, 1.55078590e+00, 7.86820874e-02, 2.98585963e+00,
        2.12815952e+00, 7.69580719e-11, 1.54967570e+00, 6.21867061e-01,
        1.70855923e-03, 4.65707490e-06, 1.52976608e+00, 4.10064554e+00,
        1.87726355e+00, 9.51185107e-01, 4.00142193e+00, 9.74519849e-01,
        4.12504482e+00, 3.77083868e-01, 8.22407782e-01, 3.47051740e-01,
        2.52375245e+00, 3.37731153e-01],
       [1.85666829e-01, 3.01836997e-01, 1.75571039e-01, 6.82468176e-01,
        8.74864221e-01, 1.99395156e+00, 3.66476774e-02, 7.87711263e-01,
        2.00004019e-02, 1.99316904e-01, 9.98913586e-01, 3.13375163e+00,
        5.74171722e-01, 1.49284825e-01, 4.07170701e-05, 1.79499531e+00,
        2.77459598e+00, 2.20108643e-01, 3.15508217e-01, 1.61407441e-01,
        4.85048629e-04, 1.25088304e-01, 3.64844918e-01, 3.18101674e-01,
        2.88321435e-01, 1.05280291e-04, 4.04988617e-01, 9.71272290e-02,
        5.43003738e-01, 1.11406648e+00, 9.58086690e-04, 1.54376578e+00,
        6.93741858e-01, 1.48047015e-01, 6.30317926e-01, 3.32895935e-01,
        2.79777974e-01, 9.83619034e-01, 3.61857086e-01, 4.50380027e-01,
        1.29325235e+00, 8.81406106e-03, 4.87404168e-01, 2.21080452e-01,
        6.82548523e-01, 3.67346182e-02, 1.58432782e+00, 3.31348729e+00,
        3.27608013e-03, 7.24752069e-01]], dtype=float32), 'x0': array([3.28830713e-11, 2.01300252e-02, 2.04113698e-16, 2.40277046e-07,
       3.76302523e-05, 3.47993430e-20, 4.28206306e-08, 9.41141625e-05,
       3.72155713e-18, 1.02704763e+00, 2.03333229e-06, 4.15899565e-10,
       1.01714146e+00, 3.89974385e-01, 1.29873130e-17, 8.10828030e-01,
       1.44703481e-02, 3.84891148e-13, 1.26514649e+00, 1.46453404e+00,
       3.88091678e-07, 9.86812694e-08, 1.66925006e-02, 2.15473945e-19,
       1.25979174e-08, 6.56184331e-02, 1.00979049e-19, 1.35635126e+00,
       3.21633697e-01, 4.34701830e-01, 1.09303573e-06, 1.06517309e-02,
       4.37519649e-18, 7.04752862e-01, 3.41393868e-03, 9.35908409e-16,
       2.89935838e-06, 8.07312550e-10, 4.40699962e-19, 1.09404123e+00,
       1.40357769e+00, 1.04204046e-05, 4.27400737e-05, 4.26166505e-03,
       2.34454806e-19, 6.87144220e-01, 3.16288173e-01, 3.04479592e-17,
       4.55186993e-01, 1.34044683e-06, 1.20975480e-15, 5.32761071e-08,
       1.06676575e-02, 1.27449342e-16, 6.91739743e-13, 8.95459496e-04,
       9.92863979e-18, 1.76372305e-01, 5.67651868e-01, 1.57836712e-15,
       4.07030463e-01, 2.34098971e-01, 5.17086854e-20, 1.33905951e-02,
       8.04696530e-02, 1.42763136e-15, 2.47425828e-06, 1.42231293e-03,
       2.63345000e-15, 3.65753286e-02, 2.38017470e-01, 1.64424215e-15,
       4.33054455e-02, 1.86309308e-01, 1.12840684e-16, 1.21908569e+00,
       6.10339828e-03, 1.06362289e-11, 1.87994578e-06, 2.68628206e-02,
       1.10722534e-17, 6.69150152e-11, 1.05875838e+00, 8.22946844e-19,
       2.03789905e-01, 7.32562363e-01, 2.30720425e-11, 2.65305489e-01,
       2.46546417e-01, 1.25618889e-13, 4.66337241e-07, 3.20595718e-04,
       2.27518822e-20, 3.53060663e-02, 4.07660194e-03, 3.58804241e-14,
       2.30119301e-09, 1.51582910e-02, 6.66867769e-15, 1.96921492e+00,
       7.77807772e-01, 4.61090474e-15, 2.70683974e-01, 1.31035727e-02,
       3.26333741e-13, 3.22709680e-01, 1.14878923e-04, 4.94867969e-09,
       1.41192228e-04, 5.08966506e-04, 1.25349238e-17, 4.69899032e-06,
       2.56376490e-02, 2.91335966e-14, 4.88784388e-02, 2.61366338e-01,
       2.65994625e-15, 5.78275263e-01, 1.00546226e-01, 5.84317859e-13,
       7.89215922e-01, 7.01032404e-04, 3.85536971e-08, 1.92045141e-02,
       1.09485540e-04, 1.44879819e-15, 2.84678996e-01, 2.37013772e-03,
       4.07508445e-08, 8.51945006e-05, 3.66047025e-01, 3.69131540e-18,
       3.04284767e-05, 7.43239224e-02, 1.58106810e-22, 1.06408931e-01,
       5.33529632e-02, 3.78714817e-17, 1.08617928e-03, 3.47852334e-02,
       5.08443603e-18, 1.17268443e+00, 3.62317234e-01, 5.00160130e-03,
       1.41146317e-01, 1.31392789e+00, 1.73201399e-14, 6.92499088e-05,
       1.22067071e-02, 9.01705425e-06], dtype=float32), 'nUIV_to_SIR': {'weight': array([[ 0.57087487,  0.5080786 , -0.775261  ],
       [ 1.4435334 ,  0.12935202, -0.26686198],
       [-0.20166762,  1.219575  ,  1.0288935 ]], dtype=float32)}}
SIR MODEL PARAMETERS
beta : 67.5
gamma : 0.75
x0 : [0.3 0.5 0.2]
num_hosts : 50
NUIV MODEL PARAMETERS
beta : [ 1.3461744  8.759045   2.3146703  5.067968   2.0955842  1.8273077
  3.7016215  2.327587   1.8765215 10.381891   3.9780624  8.635871
  2.0088766  2.860631   7.044224   2.8361504  2.7566254  1.0097054
  1.8310179  1.440603   3.8621786  1.9791384  7.99007    2.3770046
  3.7063372  6.3417068 11.018454   2.2740953  3.6091292  5.6013227
  7.057725   2.6289256 10.486915   3.116453   7.107488   3.8848996
  3.4081542  8.069163   3.2462316  3.1164472  3.5529063  8.648201
  5.1073976  6.694589   6.794805   3.8921041  3.965931   1.9505835
  3.0356498  3.056123 ]
delta : [2.5645874e-03 6.4024359e-01 2.1873983e-02 3.1274678e-05 8.1326085e-10
 8.5917031e-07 7.4207103e-03 3.5190842e+00 1.7008100e+00 9.0348107e-07
 6.7909859e-02 1.0974113e-07 1.2084430e-02 2.2662869e-06 5.0134707e-02
 9.5133049e-07 1.4121343e-02 3.0788288e+00 2.9647413e-01 6.5213021e-07
 3.8798487e-12 2.2750556e-02 2.5298540e-02 1.0783341e-04 7.4704999e-06
 1.6401120e-18 6.3735735e-01 2.8444751e-06 1.9758308e-07 1.5551478e-10
 5.4255083e-02 8.5625999e-02 1.2310460e-01 1.4980122e-09 6.5185675e-05
 4.3975801e-04 1.5667500e-02 5.8585793e-01 1.8482165e-03 2.3736359e-14
 9.0272638e-14 2.3786204e-03 7.1933544e-05 5.3107279e-08 2.2547136e-03
 3.8729099e-04 1.3453262e+00 1.5536843e-09 8.2367646e-10 8.2291877e-01]
p : [1.08066283e-03 1.49710560e-02 3.74946237e-01 1.54675767e-01
 1.07550733e-01 8.41929519e-04 1.84393752e+00 1.47213815e-02
 1.26325041e-01 1.79739857e+00 5.90701681e-03 1.60473548e-02
 1.37459384e-02 8.84438515e-01 5.37103042e-02 1.83189407e-01
 5.84690270e-07 1.81284416e-02 2.06669234e-02 8.93014610e-01
 1.00849427e-07 6.96947157e-01 5.28077520e-02 7.09573030e-01
 4.84947443e-01 2.31011998e-12 1.64327226e-04 7.86357880e-01
 5.45164227e-01 1.38444766e-01 6.65870756e-02 2.45214818e-04
 2.04139724e-02 4.96631831e-01 3.41608338e-02 1.23159662e-02
 2.49112211e-03 1.89583132e-03 1.34147583e-02 3.54246236e-02
 2.14978635e-01 2.35601561e-03 3.83400451e-03 8.82486045e-01
 4.13085392e-04 4.24183756e-02 4.54226471e-02 2.19950944e-01
 1.26042771e+00 9.62882332e-05]
c : [2.0599592e+00 4.0091968e+00 8.3059329e-01 2.9708602e+00 4.7578675e-01
 2.4898581e-01 2.1390159e-01 3.9458091e+00 2.8945661e+00 1.4298785e+00
 9.7322124e-01 3.6747808e+00 1.6848346e+00 8.6339456e-01 3.9863884e+00
 2.7197206e+00 1.5064193e+00 1.0339385e+00 1.4688203e+00 1.5510335e+00
 2.6305900e+00 9.5885867e-01 6.2929678e-01 1.0765822e+00 1.3041658e+00
 2.8051133e+00 1.0731624e+00 1.4613940e+00 1.5279213e+00 7.3986739e-05
 3.1409581e+00 1.8031657e+00 1.5993552e+00 1.5606891e+00 1.8483967e+00
 3.8970965e-01 1.3139446e+00 2.8885870e+00 9.4494462e-01 2.4449472e+00
 2.7472885e+00 3.6487126e-01 1.4140124e+00 8.0430311e-01 1.3675752e+00
 1.3786814e+00 2.5828502e+00 1.0746377e+00 6.6283667e-01 9.6078016e-02]
t : [[3.07687545e+00 1.29232299e+00 1.63879111e-01 1.19598556e+00
  8.94497521e-03 8.40683162e-01 1.36001231e-02 1.70478785e+00
  1.36483002e+00 1.59487307e+00 1.20693929e-01 3.72518182e-01
  2.05842540e-01 2.65066296e-01 1.81373334e+00 9.74947929e-01
  2.77590632e-01 1.12072065e-01 8.94652009e-02 4.06032354e-01
  1.81130517e+00 5.26421741e-02 2.57912930e-03 2.22451136e-01
  1.24121249e-01 2.26947069e+00 6.92617744e-02 7.81669244e-02
  4.89654522e-05 8.04059207e-02 1.50541437e+00 4.53347206e-01
  2.68545002e-01 1.28156571e-02 1.38939247e-01 5.84763229e-01
  8.38847816e-01 6.04999959e-01 4.55799364e-02 1.43499219e+00
  1.49628520e+00 1.31156415e-01 5.43631375e-01 3.60198691e-02
  1.56624150e+00 2.73865283e-01 1.54074013e+00 7.91389287e-01
  5.77482507e-02 6.69737682e-02]
 [1.01649889e-03 2.28071824e-01 2.58416653e-01 9.12694931e-01
  1.58614838e+00 1.97917390e+00 2.01877251e-01 5.16940594e-01
  6.53319135e-02 5.88595033e-01 1.97302610e-01 1.21522367e+00
  4.24758673e-01 7.05176651e-01 9.23991621e-01 1.15293217e+00
  1.69047511e+00 2.13578999e-01 3.38880688e-01 4.29873496e-01
  6.49812698e-01 6.99808717e-01 2.43649855e-01 1.34133315e+00
  4.99846995e-01 1.00790703e+00 4.41192359e-01 3.02615345e-01
  7.63499856e-01 2.06313178e-01 5.70058823e-01 5.90907395e-01
  5.02979636e-01 4.83390409e-03 9.42604244e-01 4.48865205e-01
  2.36714506e+00 1.89115807e-01 4.20398384e-01 1.84418201e-01
  1.35413301e+00 1.91238448e-01 4.58054066e-01 1.77237645e-01
  1.15303004e+00 3.62399042e-01 2.23544955e+00 1.88088119e+00
  2.70246446e-01 1.26945123e-01]
 [1.34460181e-01 1.25781870e+00 5.37968397e+00 1.56070316e+00
  7.70520389e-01 7.31108189e-01 3.79955963e-12 1.43992090e+00
  3.49035472e-01 6.25275493e-01 3.72941315e-01 2.58858514e+00
  1.01461336e-01 1.12344742e-01 1.93707347e+00 2.34751415e+00
  7.00379133e-01 1.82056025e-01 1.49389088e-01 1.11758269e-01
  2.18568778e+00 2.27566674e-01 1.16513647e-01 4.97884095e-01
  5.33240795e-01 2.06378078e+00 1.72781810e-01 1.16834067e-01
  4.77241218e-01 2.94543020e-02 1.95856261e+00 8.50017488e-01
  9.99500901e-02 4.34716130e-05 1.74750853e-10 1.51371339e-03
  8.18589032e-01 3.33593041e-01 1.04631953e-01 9.94933009e-01
  2.21167350e+00 1.83285043e-01 8.86578619e-01 1.22465350e-01
  1.14472330e+00 2.47384191e-01 2.12076402e+00 9.82077658e-01
  2.51439842e-03 2.15912953e-01]
 [2.07975745e-01 1.08330064e-02 3.97839993e-01 2.87822127e-01
  1.37871695e+00 1.56903350e+00 2.68410780e-02 1.32210815e+00
  5.32980487e-02 2.19503403e-01 6.79103792e-01 1.01684976e+00
  3.74989152e-01 6.77983105e-01 1.76599574e+00 1.17839026e+00
  2.41280651e+00 5.22858679e-01 5.65999389e-01 9.08869207e-01
  1.02616322e+00 1.44593582e-01 6.06342196e-01 5.15458882e-01
  3.18625838e-01 1.31562781e+00 8.25020552e-01 1.51209704e-07
  6.84982240e-01 6.13085926e-01 1.06906641e+00 1.46279609e+00
  9.93348122e-01 9.82372512e-06 6.76715493e-01 8.65186157e-04
  1.82111466e+00 9.77778256e-01 3.37758034e-01 2.65231609e-01
  2.02645898e+00 4.39896643e-01 1.20578706e+00 6.23197615e-01
  1.34716046e+00 1.49946082e+00 2.01430655e+00 1.52883911e+00
  1.32354379e-01 3.76943707e-01]
 [1.08316763e-05 1.39062956e-01 2.32945949e-01 1.04970360e+00
  3.00697237e-01 3.01929998e+00 2.89891809e-01 2.10505381e-01
  1.50230961e-04 2.83052120e-02 3.92516375e-01 1.11018646e+00
  1.34618714e-01 5.75901806e-01 1.74952254e-01 1.37062045e-02
  1.73841250e+00 1.57557294e-01 4.44227606e-01 5.52352071e-01
  1.41883165e-01 1.65934813e+00 3.50220293e-01 3.13661426e-01
  6.40519500e-01 1.19924685e-02 3.40509713e-01 1.86027184e-01
  6.10215127e-01 1.17460787e+00 1.58566967e-01 3.53562908e-04
  6.61172569e-01 2.46005329e-05 1.28469443e+00 2.99693418e+00
  9.31022823e-01 5.08880138e-01 1.04795408e+00 4.76759583e-01
  1.58758402e+00 6.55369937e-01 1.13777483e+00 3.28877598e-01
  7.78839052e-01 1.11692750e+00 4.95226942e-02 2.67782283e+00
  2.29459822e-01 2.72122711e-01]
 [1.89459413e-01 8.36412311e-01 3.37299425e-03 2.58571003e-04
  2.27095699e+00 1.36609331e-01 2.72189882e-02 4.96161073e-01
  3.05500253e-05 3.15166253e-05 2.29143485e-01 1.45765781e+00
  2.16602325e-01 2.35228101e-04 5.19710839e-01 7.08278418e-01
  2.75455403e+00 1.57254785e-01 2.96751526e-03 2.16113403e-02
  6.95637703e-01 4.01839614e-02 7.73481056e-02 3.33256990e-01
  1.16867401e-01 4.32805389e-01 1.62559092e-01 1.67012960e-02
  9.45755094e-03 1.36571229e-01 1.86640382e-01 8.70806277e-01
  1.32191733e-01 1.72504568e+00 3.30115765e-01 7.20622316e-02
  1.05278981e+00 1.63483456e-01 1.55870363e-01 7.86341280e-02
  7.13039517e-01 2.69616256e-04 1.50549218e-01 1.59533352e-01
  1.60286307e-01 1.54943213e-01 1.77200139e+00 2.98630190e+00
  5.50905019e-02 6.35020018e-01]
 [1.90620252e-04 1.62922174e-01 2.68756390e+00 9.59314466e-01
  4.39844932e-03 2.00484344e-18 4.06682491e+00 7.01685548e-02
  3.09229945e-04 9.01995540e-01 1.99040771e+00 6.90250471e-02
  1.45557806e-01 1.78930223e+00 2.80989200e-01 1.43547297e+00
  1.53671624e-03 9.80676270e+00 9.82375383e-01 4.14572163e-08
  1.74680543e+00 4.57260340e-01 6.21601224e-01 2.06566167e+00
  2.90478778e+00 2.12912202e+00 2.41928482e+00 2.08132826e-02
  2.34447882e-01 1.43221784e+00 1.20340198e-01 1.55481660e+00
  3.90477705e+00 1.68145375e-09 1.86630893e+00 5.43590367e-01
  1.60195637e+00 7.73651004e-02 2.94439983e+00 3.41015148e+00
  1.57850921e+00 5.51390266e+00 4.84567833e+00 2.49268675e+00
  2.65014648e+00 2.04017687e+00 2.85728157e-01 2.63607712e-03
  2.77072096e+00 6.96578205e-01]
 [1.50292009e-01 7.85113335e-01 3.65685552e-01 4.99600351e-01
  7.16518521e-01 1.78035021e+00 1.66770324e-01 4.94247913e-01
  7.30190650e-02 2.03997627e-01 4.71027225e-01 1.79442430e+00
  4.42682475e-01 3.90929699e-01 5.11796296e-01 4.44905944e-02
  2.39435458e+00 3.86175752e-01 1.01024518e-02 8.35717618e-01
  5.24690807e-01 1.29719660e-01 3.20980936e-01 3.65218222e-01
  2.93591440e-01 6.91443384e-01 1.46464437e-01 1.77174434e-01
  3.46835881e-01 1.33990973e-01 6.39124751e-01 1.89911082e-01
  6.21891856e-01 2.09771153e-02 2.10884847e-02 2.52666092e+00
  2.12358856e+00 2.39510953e-01 2.17422634e-01 5.49634807e-02
  1.49042666e+00 2.62594849e-01 5.74920297e-01 1.41564801e-01
  1.05376780e+00 1.04588710e-01 1.87896490e+00 2.04760265e+00
  2.61147112e-01 1.00864792e+00]
 [1.94651410e-01 1.01841164e+00 1.93917230e-02 9.91771877e-01
  8.68837535e-01 1.25263906e+00 1.07604319e-05 9.27768528e-01
  2.77252376e-01 8.98352623e-01 2.63222903e-01 6.91963673e-01
  3.86069149e-01 4.75116909e-01 1.30695295e+00 1.19703805e+00
  1.07983887e+00 2.09935725e-01 1.44725339e-03 8.03620636e-01
  1.00740445e+00 1.16402552e-01 1.24489553e-01 1.74177140e-01
  3.56703997e-01 8.88291180e-01 4.28826027e-02 2.44719252e-01
  1.84896309e-02 8.63334984e-02 7.21700907e-01 1.64794135e+00
  1.92999631e-01 4.49061364e-01 5.84191740e-01 3.36378142e-02
  1.60587108e+00 7.12040186e-01 8.87174383e-02 7.04564810e-01
  1.09478951e+00 3.32745045e-01 1.40409365e-01 8.37312043e-02
  3.48050892e-01 1.33684680e-01 1.54023147e+00 1.32496154e+00
  1.41357616e-01 8.41458082e-01]
 [5.55705965e-01 9.18302592e-03 9.11542118e-01 6.14583910e-01
  1.07574177e+00 1.57519281e+00 1.19472051e+00 1.05317903e+00
  2.92208206e-05 3.75495195e-01 9.25945938e-01 1.33473286e-02
  1.06517935e+00 8.81494452e-06 8.29727352e-02 1.41920459e+00
  2.39824390e+00 5.52321255e-01 6.82410181e-01 8.80763233e-01
  1.82209170e+00 7.35879135e+00 3.34732103e+00 6.47850704e+00
  2.27318406e+00 5.52095473e-01 1.36346722e+00 2.12995604e-01
  4.17627692e-02 5.76735914e-01 5.02673268e-01 2.66155362e-01
  1.95789433e+00 8.27097574e-06 9.81334031e-01 7.32577682e-05
  6.73288465e-01 3.25679988e-01 1.42629230e+00 5.19275427e-01
  1.57118928e+00 3.16837907e+00 2.76177979e+00 1.54797542e+00
  2.20436096e+00 6.22863197e+00 2.13927364e+00 1.13307929e+00
  9.74021912e-01 3.00473779e-01]
 [3.63764405e-01 1.32804334e+00 2.14364217e-03 1.39372754e+00
  7.42288902e-02 5.43532610e-01 5.95722777e-05 1.36410868e+00
  1.13179696e+00 7.77415037e-01 4.91151953e+00 4.16356421e+00
  2.32113197e-01 3.44274542e-03 1.26519907e+00 2.79724789e+00
  9.14240360e-01 7.20572993e-02 5.31786121e-02 1.39344752e-01
  1.06083679e+00 1.00869142e-01 1.22691737e-04 7.64114112e-02
  4.82198238e-01 2.68428445e+00 4.25905697e-02 2.33493354e-02
  3.12301844e-01 1.14662265e-02 1.32980514e+00 9.89328027e-01
  1.29250228e-01 3.63158196e-01 1.75250228e-02 1.49746449e-03
  1.64067030e-01 1.86799696e-08 1.75516799e-01 2.17217064e+00
  1.73080373e+00 1.20259658e-01 7.67466426e-02 4.14118916e-02
  4.86565858e-01 2.38743663e-01 1.50277543e+00 2.87076384e-01
  2.85592675e-03 1.78349614e-01]
 [3.36152762e-01 1.05406570e+00 2.30449885e-01 1.63767189e-01
  8.91016483e-01 1.79953218e+00 3.06774914e-01 6.57470822e-01
  1.91335811e-03 1.45810917e-02 2.84958750e-01 1.96124893e-02
  3.89166653e-01 2.15020817e-04 1.11319097e-02 8.30046475e-01
  1.04244542e+00 2.89827377e-01 4.25903082e-01 6.07927442e-01
  4.41899727e-04 3.17204773e-01 7.15843886e-02 2.47276381e-01
  2.09850281e-01 8.63503814e-01 3.86877388e-01 1.33466870e-01
  5.17705142e-01 1.64461672e-01 1.20193437e-01 7.58704841e-02
  4.56461847e-01 9.02062953e-02 5.42959213e-01 1.74655426e+00
  1.65165174e+00 5.42937398e-01 1.04929097e-01 2.26916447e-02
  1.51468360e+00 2.19316259e-01 5.55115223e-01 2.45720968e-01
  3.03138614e-01 1.13852933e-01 1.46400082e+00 1.48649752e+00
  3.70185345e-01 1.65999126e+00]
 [2.33341783e-01 7.95170844e-01 1.56296045e-01 1.03175569e+00
  8.41970026e-01 5.32523453e-01 2.26458019e-10 9.12374496e-01
  1.04156164e-02 9.07119632e-01 1.11754030e-01 1.82496989e+00
  3.21158981e+00 2.96440184e-01 1.27465439e+00 1.62681735e+00
  6.73604548e-01 1.80564851e-01 2.04209551e-01 7.06068873e-02
  1.46347845e+00 1.04141310e-01 8.56403336e-02 4.46645796e-01
  6.63316727e-01 1.63037241e+00 3.03431243e-01 2.55758688e-03
  5.90175726e-02 1.81189522e-01 1.88591647e+00 1.69580579e+00
  1.31139532e-01 1.94970872e-02 6.90686285e-01 4.12364639e-02
  1.02514017e+00 1.06888688e+00 1.32012457e-01 1.65858936e+00
  1.45480311e+00 7.29640424e-02 8.99416029e-01 6.87878113e-03
  2.66434014e-01 1.48595124e-01 1.40279055e+00 8.77872109e-01
  6.92042336e-02 6.70135498e-01]
 [2.07575679e-01 5.59765697e-01 2.16515377e-01 1.47108519e+00
  1.90593719e-01 2.48293877e-01 1.20609313e-01 4.54346072e-08
  3.49684764e-04 2.02869757e-08 2.36948776e+00 9.42344189e-01
  7.33644605e-01 3.12202334e+00 2.75911510e-01 1.78191102e+00
  8.58240534e-10 2.93705255e-01 2.22385705e-01 4.69516611e+00
  2.86476111e+00 1.55987728e+00 1.86618865e-01 3.00102901e+00
  2.49941540e+00 1.59120810e+00 3.18660498e-01 1.19167298e-01
  1.81236072e-04 3.50650400e-01 3.76260698e-01 4.72142076e+00
  3.70376754e+00 2.19713452e-14 1.94155645e+00 4.57286477e-01
  1.07552434e-04 1.55981958e+00 1.44284391e+00 4.25489378e+00
  1.06978953e+00 3.30614734e+00 3.69653797e+00 4.69289362e-01
  5.99627018e+00 1.90495372e+00 3.43460543e-03 7.78573871e-01
  2.09152269e+00 1.24005653e-01]
 [2.93414682e-01 2.50901610e-01 4.16814864e-01 1.47324431e+00
  1.24808979e+00 2.31710196e+00 2.80388117e-01 1.44107497e+00
  2.55256951e-01 4.60282832e-01 5.46171844e-01 1.80105710e+00
  3.88359219e-01 3.86788067e-03 1.87230617e-01 6.65728867e-01
  1.65021503e+00 4.52745348e-01 5.11392295e-01 1.12677479e+00
  7.01386750e-01 1.50776133e-01 3.95251185e-01 5.21059155e-01
  7.24782348e-01 1.13029432e+00 2.34987885e-01 4.26321596e-01
  8.41463625e-01 2.69711286e-01 3.49377751e-01 1.25384375e-01
  9.20565605e-01 7.45119962e-07 1.53698874e+00 1.16392632e-03
  1.58202386e+00 4.09699604e-03 4.93727595e-01 2.52250899e-02
  1.20575619e+00 4.72720265e-01 7.28651106e-01 6.30538678e-04
  1.21452618e+00 2.32791281e+00 1.49409878e+00 1.87171531e+00
  4.03722316e-01 6.16557121e-01]
 [1.78457364e-01 1.20474458e+00 1.12614490e-01 2.38758773e-01
  8.41159463e-01 1.07113636e+00 7.65598640e-02 1.24780345e+00
  9.25474882e-01 6.49743676e-01 2.16020957e-01 1.86696553e+00
  4.57063526e-01 3.65776241e-01 1.51257455e+00 2.65945643e-02
  1.36420536e+00 1.22258581e-01 2.16857955e-01 3.12013769e+00
  7.04747260e-01 4.42606471e-02 1.38701722e-01 1.26457170e-01
  6.82891428e-01 1.49057925e+00 3.48293275e-01 9.26710442e-02
  2.83133090e-01 3.04176480e-01 1.11458647e+00 2.20453119e+00
  1.41077628e-02 2.02911469e-04 6.44724727e-01 7.55690504e-03
  6.73879206e-01 6.35719299e-01 3.60699177e-01 1.08414125e+00
  1.38760865e+00 3.29713404e-01 3.33144069e-01 2.74327308e-01
  7.18959451e-01 3.43515426e-01 1.68019485e+00 1.36121583e+00
  1.81466550e-01 7.92314529e-01]
 [1.03875607e-01 9.63540852e-01 1.55484557e-01 5.23099124e-01
  8.18155825e-01 2.24701953e+00 3.20276111e-01 8.51947010e-01
  1.98263605e-03 5.84477894e-02 3.67097616e-01 7.37827897e-01
  2.31373623e-01 2.68128365e-01 8.47925961e-01 6.18737757e-01
  2.59490989e-05 2.48621553e-01 3.32057625e-01 6.10117912e-01
  1.50832102e-01 1.69921622e-01 3.34500045e-01 3.89611125e-01
  2.50259697e-01 2.17264239e-02 1.58687681e-02 2.54020724e-03
  3.61669779e-01 1.60491258e-01 7.27302313e-01 4.39531773e-01
  7.64896274e-01 7.01949000e-03 6.39541686e-01 1.18272543e+00
  2.46483493e+00 5.34581602e-01 4.08810556e-01 9.29452717e-01
  8.48128378e-01 3.91348928e-01 3.15194517e-01 2.76112676e-01
  4.48897213e-01 4.77794051e-01 1.13645506e+00 1.92727482e+00
  3.14826727e-01 1.51328135e+00]
 [4.41148758e-01 1.84850419e+00 4.07035165e-02 1.82587028e+00
  6.28062248e-01 2.18188420e-01 4.50664011e-05 1.38941479e+00
  7.08228052e-01 1.36625361e+00 7.42234141e-02 4.33891439e+00
  1.31396443e-01 2.34322902e-03 9.40068245e-01 2.27958155e+00
  1.43786287e+00 4.77844858e+00 1.16142318e-01 1.92602411e-01
  2.47123384e+00 5.37041947e-02 4.60449271e-02 1.55501604e-01
  1.51638821e-01 1.97004735e+00 4.43010360e-01 2.77225785e-02
  4.10088524e-02 1.27955705e-01 1.60870171e+00 3.19163442e-01
  4.00932431e-02 3.23586226e-01 7.02815801e-02 7.84476288e-06
  2.53483534e-01 1.14618361e+00 4.71181273e-02 1.95563745e+00
  1.64946222e+00 9.72767919e-02 2.93956637e-01 5.52527867e-02
  4.31431770e-01 4.29407358e-02 2.08369660e+00 1.31414104e+00
  8.42648034e-04 6.01762414e-01]
 [3.05437684e-01 1.62409961e+00 2.77060419e-01 9.46542621e-01
  5.15455961e-01 4.84954834e-01 6.60893740e-03 7.00394392e-01
  1.27153862e+00 8.23659301e-01 1.65067658e-01 2.08033371e+00
  4.14328218e-01 5.50854672e-03 1.65193427e+00 1.44423759e+00
  8.83683681e-01 7.40707368e-02 3.73872805e+00 7.06067741e-01
  1.55089605e+00 6.29460365e-02 9.21149254e-02 7.52021298e-02
  3.99005711e-01 1.62786329e+00 1.55147940e-01 2.04470143e-06
  4.29181933e-01 6.21676259e-02 7.88656652e-01 1.89577997e+00
  1.79025814e-01 1.43483910e-03 3.16184193e-01 1.50007531e-02
  5.49578249e-01 2.67077476e-01 2.22463965e-01 1.15218067e+00
  1.35912097e+00 2.38180920e-01 1.42312273e-01 7.18875974e-02
  6.70566916e-01 9.60964337e-02 1.73094213e+00 1.15408349e+00
  4.01867814e-02 9.59899127e-01]
 [1.83877707e-01 7.20930286e-03 1.79443091e-01 1.45636761e+00
  8.39891791e-01 4.31106657e-01 1.46409020e-01 8.04895401e-01
  2.82840639e-01 8.71365726e-01 4.32728231e-01 1.34572077e+00
  7.93086529e-01 6.06572986e-01 9.24725831e-01 2.16930079e+00
  1.10295606e+00 2.20864877e-01 3.52622032e-01 4.66709375e-01
  2.38396406e+00 3.79699767e-02 3.72937530e-01 1.30699292e-01
  4.08399820e+00 1.18883455e+00 2.69135714e-01 1.25313539e-03
  1.44906461e-01 6.43025696e-01 9.00093257e-01 2.61846852e+00
  3.67185140e+00 3.65326656e-07 1.51520121e+00 5.96462330e-03
  4.59635397e-03 5.63838243e-01 2.29283953e+00 2.48804879e+00
  1.75866008e+00 1.32721865e+00 3.39528680e+00 4.60203558e-01
  1.42174375e+00 6.66083038e-01 1.72527051e+00 1.39695636e-04
  7.70492479e-02 4.01346684e-01]
 [1.55317262e-01 1.20370924e+00 3.58523458e-01 9.91791725e-01
  1.27383220e+00 1.16840243e+00 6.26841187e-02 8.88367474e-01
  1.54001564e-01 1.79778170e-02 1.81668043e-01 2.21937108e+00
  3.75667334e-01 4.74310577e-01 1.87422025e+00 1.45420194e+00
  1.41649199e+00 2.10003182e-01 3.42748612e-01 1.33348107e+00
  1.24085844e-01 2.70268649e-01 2.61430949e-01 1.86688781e-01
  5.74498057e-01 6.88610315e-01 4.92711395e-01 1.44836515e-01
  3.92308878e-03 3.93959522e-01 8.76157701e-01 6.92066625e-02
  5.03073573e-01 2.04395384e-01 1.01623905e+00 2.06651334e-02
  1.06610501e+00 4.62705821e-01 8.95073712e-02 9.10262704e-01
  1.34042406e+00 2.16682926e-01 4.44095969e-01 1.77072093e-01
  2.43668973e-01 3.11389446e-01 1.43066657e+00 2.00334811e+00
  2.22707853e-01 4.18824941e-01]
 [6.58671796e-01 1.03943646e+00 2.27135643e-01 1.03630745e+00
  7.24019647e-01 5.93717575e-01 2.72255670e-02 1.35243726e+00
  4.70229030e-01 6.96588813e-06 6.29445910e-01 2.42093110e+00
  2.87721962e-01 1.96421221e-01 1.02079284e+00 2.46975327e+00
  1.13165498e+00 9.82608870e-02 2.68850058e-01 2.36883378e+00
  7.58456051e-01 3.36656618e+00 7.05830008e-02 2.36584157e-01
  1.42197204e+00 1.16621006e+00 8.84125412e-01 1.22700557e-01
  8.71386170e-01 2.00797766e-02 7.30975926e-01 1.57439518e+00
  1.08834410e+00 1.69804972e-02 4.91907239e-01 3.65995515e-06
  4.26709205e-01 1.12722605e-01 1.35347617e+00 2.42086434e+00
  2.06941724e+00 2.34778762e-01 1.57478595e+00 2.53500700e-01
  2.29811740e+00 4.48213875e-01 1.93811893e+00 1.80143178e+00
  6.69785365e-02 3.95986915e-01]
 [1.62571207e-01 6.28892362e-01 1.20304413e-01 1.25978720e+00
  8.19483519e-01 8.63552868e-01 2.21582986e-02 4.60009336e-01
  7.83429265e-01 1.35312080e+00 2.86637485e-01 2.26167583e+00
  5.25402248e-01 4.85884637e-01 1.71988988e+00 2.43281817e+00
  1.66866624e+00 1.84846550e-01 5.15478432e-01 9.32866812e-01
  1.26238475e-02 4.06479388e-02 4.43513250e+00 1.80909884e+00
  6.63529932e-01 1.76177418e+00 9.10611570e-01 3.35717976e-01
  3.42430532e-01 1.38930902e-01 1.99801040e+00 4.83042568e-01
  4.64100868e-01 7.39647003e-05 4.59760800e-03 1.55732618e-03
  2.48469353e+00 2.41341472e-01 1.26462681e-02 3.65455776e-01
  2.02842212e+00 3.58702719e-01 5.57444990e-01 1.12520978e-01
  1.19082463e+00 2.47626483e-01 2.88198471e+00 1.23601878e+00
  1.34334505e-01 9.13180947e-01]
 [5.99349797e-01 1.03082275e+00 1.33226633e-01 2.25739598e+00
  2.95377105e-01 4.66406316e-01 5.32906353e-02 9.05576050e-01
  5.08813024e-01 1.62492764e+00 4.78662044e-01 2.53839326e+00
  1.85214460e+00 9.45086312e-03 2.05097842e+00 2.98193812e+00
  5.57401299e-01 5.79415374e-02 1.60722136e-01 4.65287343e-02
  2.89126372e+00 1.71887174e-01 1.13558888e-01 2.69609642e+00
  2.52228713e+00 2.11716533e+00 6.78680003e-01 1.00525576e-05
  2.91952956e-02 8.12700391e-01 1.39497077e+00 2.59795856e+00
  4.36330289e-02 1.94710288e-02 6.68340698e-02 8.31490674e-04
  3.39112520e-01 5.24011057e-07 3.67496395e-03 2.66408300e+00
  1.99590504e+00 1.12882659e-01 1.60741591e+00 1.08219661e-01
  1.41531801e+00 6.86086535e-01 1.36276984e+00 6.19087696e-01
  5.40467381e-01 3.35858136e-01]
 [3.36345387e-08 1.88140702e+00 5.26759028e-02 1.62184167e+00
  2.61780679e-01 7.01431751e-01 4.94504720e-02 1.39786053e+00
  6.32957339e-01 1.63879764e+00 3.57473252e-11 2.17812610e+00
  1.26470864e-01 8.17407668e-01 1.43378150e+00 3.51430678e+00
  2.13507014e-13 6.66484013e-02 1.72260955e-01 1.66024864e-02
  3.33961415e+00 1.84773833e-01 2.76972875e-02 3.81383032e-01
  2.98528290e+00 2.83630371e+00 1.55127570e-01 3.84347891e-15
  2.90086210e-01 1.05718821e-02 1.61343741e+00 5.47198629e+00
  6.11372441e-02 2.35905695e-08 6.52564168e-02 4.20428991e-01
  1.81581266e-02 1.30265272e+00 1.55502394e-01 3.25524020e+00
  1.97311258e+00 1.77101091e-01 8.15762639e-01 4.12361100e-02
  4.28559631e-01 2.18222171e-01 1.41822767e+00 7.80924320e-01
  2.23463145e-03 9.69486162e-02]
 [4.62798685e-01 5.00401497e-01 1.39310792e-01 8.44183471e-03
  6.14455402e-01 1.29589856e+00 1.41517848e-01 1.69953322e+00
  2.83697098e-02 9.93657410e-01 2.95171291e-01 8.51112425e-01
  3.49671870e-01 4.94870603e-01 1.44383216e+00 1.77254450e+00
  9.44569647e-01 3.21124822e-01 4.27043647e-01 1.97567165e+00
  9.99300957e-01 6.53240234e-02 2.35741287e-01 4.14539784e-01
  5.46379387e-01 7.22997785e-02 4.27833855e-01 4.48458456e-02
  1.22854374e-01 1.97991520e-01 9.33628559e-01 2.54493028e-01
  1.03236723e+00 3.15827172e-04 9.79291439e-01 7.71392956e-02
  2.21302342e+00 3.78951401e-01 9.94543612e-01 3.43067437e-01
  1.73914468e+00 1.86523676e-01 1.49111867e+00 3.85284990e-01
  8.76689434e-01 7.39631474e-01 2.27421498e+00 7.99385965e-01
  1.40747175e-01 1.21413052e+00]
 [1.20171100e-01 1.85253692e+00 1.55511424e-01 1.21966648e+00
  7.77327895e-01 4.80073243e-01 1.49888319e-06 1.84251487e+00
  1.10445118e+00 6.67257190e-01 1.71707243e-01 3.25515413e+00
  1.37237057e-01 2.53002681e-02 1.64827073e+00 2.51848578e+00
  9.33657587e-01 7.54639432e-02 4.99685943e-01 4.77712482e-01
  1.23797584e+00 2.25771144e-01 6.20351471e-02 1.60844430e-01
  2.02100024e-01 1.83384347e+00 4.67438507e+00 2.43205167e-02
  3.71909171e-01 2.07525462e-01 2.00936556e+00 1.94581580e+00
  3.08917761e-01 9.25202146e-02 5.55110499e-02 8.73752928e-04
  3.40344049e-02 3.85037601e-01 2.83569664e-01 8.58822942e-01
  1.50175178e+00 1.58230737e-01 6.87050521e-02 8.54628235e-02
  7.16427326e-01 2.47497067e-01 2.21259332e+00 1.03524792e+00
  4.70795430e-06 6.21612728e-01]
 [2.20150501e-01 6.11249149e-01 7.26527750e-01 2.60699652e-02
  7.74509609e-01 8.64694238e-01 2.68255663e+00 3.11200410e-01
  5.09270080e-07 6.72964811e-01 2.11664064e-06 1.33375689e-01
  1.26859397e-01 1.71974444e+00 4.30847138e-01 1.22200370e+00
  3.09861284e-02 2.94292033e-01 3.05341095e-01 2.77418017e+00
  1.05151927e+00 6.16072798e+00 5.18473005e+00 5.03738832e+00
  1.50580049e+00 1.29133451e+00 1.45847142e+00 4.19006634e+00
  1.61385611e-01 2.50254011e+00 9.01977160e-09 2.39706612e+00
  3.25877929e+00 9.18434911e-14 1.87313807e+00 5.27223587e+00
  5.10917753e-02 2.08684027e-01 6.86180115e+00 3.35389458e-13
  1.69736159e+00 1.05563211e+00 2.34548521e+00 1.11676204e+00
  3.74794865e+00 2.40044549e-01 5.11573017e-01 4.87016499e-01
  2.34142852e+00 3.69585335e-01]
 [3.56854081e-01 2.63157815e-01 1.26547068e-01 1.48598945e+00
  1.65684782e-02 2.46156618e-01 2.67470688e-01 4.11833018e-01
  3.07184011e-01 1.70580876e+00 3.40853781e-01 3.06009531e-01
  6.56740248e-01 6.59953833e-01 7.17593074e-01 2.16535139e+00
  5.91516197e-01 2.00386508e-03 1.63615510e-01 1.79646409e+00
  3.18299294e+00 4.56420518e-02 9.82976034e-02 2.64871716e-01
  7.88100958e-01 2.84912014e+00 2.64827132e-01 2.60252245e-02
  9.85143483e-01 5.52324295e-01 1.20228565e+00 3.99387980e+00
  7.80018330e-01 2.28291101e-04 4.36144978e-01 7.17301527e-03
  1.35769788e-02 5.39349794e-01 4.05749202e-01 2.75498009e+00
  1.87698424e+00 1.46289647e+00 1.47693515e+00 3.52342390e-02
  7.37504816e+00 8.81934017e-02 1.96778584e+00 5.08140385e-01
  1.74239948e-01 8.53523836e-02]
 [2.14649811e-01 1.50581801e+00 4.30257589e-01 1.35394824e+00
  1.38164508e+00 1.22911775e+00 1.56562075e-01 2.11670071e-01
  8.12874079e-01 3.28622555e-04 4.31504905e-01 1.72582638e+00
  7.32592046e-01 5.99213839e-01 1.02178586e+00 1.94707739e+00
  1.34490526e+00 5.86969316e-01 3.92062336e-01 6.96873128e-01
  7.70815372e-01 1.88978422e+00 1.67174526e-02 6.22978091e-01
  8.63751173e-01 1.27151692e+00 9.27430630e-01 2.28742585e-01
  6.96871502e-05 3.27676058e+00 1.62436306e+00 1.17768347e+00
  7.05883980e-01 5.47872274e-04 1.37538815e+00 5.62232407e-03
  1.99533379e+00 6.56722307e-01 1.35101795e-01 1.13864732e+00
  1.54653537e+00 7.34696388e-02 1.67270458e+00 5.00605881e-01
  3.04264016e-02 1.30014527e+00 1.74516094e+00 1.54364347e+00
  1.50564566e-01 9.07832444e-01]
 [3.31790268e-01 1.07370710e+00 3.23719442e-01 3.90244901e-01
  1.48063266e+00 1.57696450e+00 1.66768968e-01 1.05721223e+00
  3.24879050e-01 5.56726038e-01 5.72784469e-02 1.31555176e+00
  2.31864840e-01 5.18777251e-01 7.95994997e-01 1.42012131e+00
  2.08193040e+00 3.28440636e-01 4.61677134e-01 2.13818491e-01
  3.71516466e-01 6.27254248e-01 2.63055593e-01 1.57150283e-01
  1.96797088e-01 1.29385972e+00 3.89711648e-01 1.38634592e-01
  6.95206940e-01 9.68638957e-02 2.99729973e-01 1.18620110e+00
  5.70081174e-01 1.33862847e-03 4.67058003e-01 5.24869263e-01
  1.35424209e+00 5.73080599e-01 6.44797266e-01 1.15451741e+00
  1.44601822e+00 4.68678862e-01 6.80263698e-01 1.46506011e-01
  7.21317232e-01 1.36117053e+00 8.58547509e-01 1.98056877e+00
  2.66909122e-01 8.48075807e-01]
 [4.99621242e-01 1.49351394e+00 8.42022151e-02 2.11118913e+00
  1.33230314e-01 1.28111899e+00 9.60635953e-03 1.96180749e+00
  6.25484228e-01 1.12199342e+00 3.66231322e-01 3.54402685e+00
  3.10309798e-01 5.48596717e-02 1.73468029e+00 2.01993799e+00
  1.11977565e+00 7.75450841e-02 1.00747378e-07 8.63917917e-02
  1.66623139e+00 6.43822402e-02 1.27485782e-01 6.06276691e-01
  1.38672099e-01 1.70489717e+00 4.17101055e-01 6.43780679e-02
  2.83942491e-01 3.23474228e-01 2.00208521e+00 1.59540570e+00
  2.00573370e-01 7.25481505e-06 1.00852691e-01 2.77600855e-01
  2.55704135e-01 6.26472320e-05 3.24385576e-02 1.32849813e+00
  2.06476808e+00 8.98339152e-02 1.60099590e+00 8.00898597e-02
  1.43653548e+00 4.63824719e-01 1.85427213e+00 1.57766664e+00
  2.91717751e-03 2.58887112e-01]
 [3.66236448e-01 1.85580456e+00 9.33498919e-01 6.47674382e-01
  1.13533115e+00 1.74728382e+00 2.75672879e-02 1.42381072e+00
  6.17839978e-04 5.95421851e-01 5.23599684e-01 1.88492060e+00
  9.26435709e-01 1.80119783e-01 8.43766868e-01 1.53223765e+00
  1.59378481e+00 4.56544578e-01 5.29369891e-01 1.10618949e+00
  3.34472746e-01 2.02401781e+00 4.50743407e-01 3.59722137e+00
  7.63876319e-01 1.07170761e+00 3.78863245e-01 1.54610243e-05
  1.36375502e-01 4.19758856e-02 5.42112052e-01 1.22613370e+00
  3.41154146e+00 1.21289697e-12 2.43310273e-01 2.15856719e+00
  2.01503873e+00 1.16432095e+00 2.33424798e-01 3.13307941e-01
  2.14911985e+00 1.25753474e+00 8.90303433e-01 9.58766341e-01
  8.21821213e-01 7.23981023e-01 2.02660155e+00 1.69247448e+00
  2.16820285e-01 9.73601639e-02]
 [3.63344513e-02 6.65407497e-05 4.93292212e-01 6.97957631e-03
  9.74625289e-01 2.87453473e-01 6.66986883e-01 8.07664096e-02
  1.30094471e-03 2.59952039e-01 6.47238135e-01 6.42995119e-01
  7.37108648e-01 1.45827985e+00 1.92392836e-04 1.83134854e-01
  1.37319934e+00 3.53028387e-01 5.71076680e-06 1.53920782e+00
  8.82858992e-01 6.29299021e+00 1.38891578e+00 5.46236753e+00
  1.54637492e+00 3.77080947e-01 1.02411067e+00 4.34742760e-05
  9.16155726e-02 8.26283693e-01 1.40012889e-05 3.82425308e-01
  1.16188991e+00 4.86525202e+00 2.69051337e+00 3.45699334e+00
  5.59453294e-03 1.94230407e-01 9.53982544e+00 1.45568693e+00
  1.26528728e+00 1.69854903e+00 2.71557212e+00 8.30476165e-01
  2.56434798e+00 1.06192226e+01 7.70386100e-01 1.02541196e+00
  7.70069957e-01 1.12803626e+00]
 [4.65995759e-01 1.14273167e+00 4.17073727e-01 5.64333379e-01
  1.35276330e+00 1.85280824e+00 2.63884753e-01 1.23291612e+00
  7.42205884e-05 5.67417920e-01 9.19868231e-01 6.03074729e-01
  8.62295568e-01 8.79597306e-01 1.29637659e+00 1.09636712e+00
  2.58987880e+00 2.81111032e-01 1.42427962e-04 4.24241871e-01
  9.58005428e-01 8.58032417e+00 9.07946169e-01 7.74694562e-01
  3.78335804e-01 1.37947178e+00 9.15370524e-01 2.69069433e-01
  8.19310665e-01 6.01632893e-01 5.64274415e-05 9.60733831e-01
  7.80062556e-01 1.16641438e-02 2.45095563e+00 1.45775164e-04
  1.59673500e+00 1.41907677e-01 5.06000936e-01 7.41271004e-02
  1.58694339e+00 4.43762302e-01 8.31183314e-01 5.67761600e-01
  1.20753813e+00 2.31276244e-01 1.80267370e+00 2.10279822e+00
  6.17830217e-01 1.70560980e+00]
 [5.12841523e-01 1.34041548e+00 4.40133572e-01 1.29102051e+00
  9.67627525e-01 1.45597208e+00 5.07276244e-02 1.24577761e+00
  2.78435409e-01 1.00895810e+00 7.54227519e-01 2.52259278e+00
  9.34591651e-01 4.22674567e-01 6.63625479e-01 1.34365880e+00
  2.36911964e+00 1.86940238e-01 2.80693918e-01 1.62611532e+00
  1.07761526e+00 9.24244374e-02 9.55325291e-02 1.38392240e-01
  4.67091829e-01 8.52463171e-02 6.30858004e-01 3.70094329e-01
  4.94790038e-05 2.65380135e-10 9.79264975e-01 1.95685178e-01
  8.02897453e-01 1.60001364e-04 1.42341816e+00 1.79158163e+00
  1.52531600e+00 6.94068074e-01 1.91786379e-01 5.13070166e-01
  1.56943905e+00 2.51862621e+00 2.07138658e+00 9.66669843e-02
  1.42719245e+00 1.82678890e+00 2.07698798e+00 1.75838315e+00
  9.55176055e-02 8.26925278e-01]
 [3.40169340e-01 2.05480933e+00 2.09859401e-01 3.92664492e-01
  4.56054807e-01 1.19336843e+00 7.16265524e-03 1.72301519e+00
  7.79689968e-01 3.91258039e-02 1.65495768e-01 1.76389003e+00
  3.15862119e-01 3.09681900e-06 2.20584440e+00 1.31037176e+00
  8.11205059e-02 2.36342549e-01 2.57775426e-01 2.62734681e-01
  3.74127895e-01 9.42765474e-02 1.32153437e-01 1.50821790e-01
  2.78867781e-01 1.16148122e-01 2.07499072e-01 2.26773888e-01
  6.52212322e-01 6.14988171e-02 2.11195540e+00 3.54349762e-01
  1.08192548e-01 2.28665489e-11 4.67240363e-01 1.35829294e-04
  7.31814027e-01 5.32317162e-02 6.67847767e-02 9.54474360e-02
  1.64176190e+00 1.54222831e-01 5.28009385e-02 8.25139359e-02
  5.82509398e-01 1.80364564e-01 2.90386105e+00 1.73141229e+00
  7.61194453e-02 2.83143241e-02]
 [5.55128753e-01 1.95747823e-01 4.62563515e-01 2.61720687e-01
  1.01485920e+00 1.80572522e+00 8.35213810e-02 1.63126934e+00
  5.29019535e-01 6.30063355e-01 4.72292513e-01 1.12397897e+00
  4.25417602e-01 7.05169857e-01 1.58058965e+00 1.63583016e+00
  5.17893910e-01 3.25684607e-01 2.33571693e-01 5.49258590e-01
  5.25895059e-01 1.54704869e+00 4.06464070e-01 2.35611987e+00
  5.83981216e-01 1.26514304e+00 7.56221890e-01 6.11185491e-01
  6.01223588e-01 2.35029638e-01 8.35004747e-01 1.41796482e+00
  6.75953627e-01 4.00157385e-02 4.85653251e-01 1.25453761e-02
  1.89205194e+00 1.91633332e+00 6.30819261e-01 4.26804781e-01
  1.69016039e+00 3.04895908e-01 7.27431655e-01 3.80130053e-01
  1.18381834e+00 1.76358685e-01 1.34016037e+00 1.94119763e+00
  8.59445240e-03 3.12093738e-03]
 [5.73631048e-01 1.33059216e+00 4.23343897e-01 1.80975169e-01
  8.05485368e-01 1.43489659e+00 4.06138413e-02 4.58051014e-04
  2.85072029e-01 1.49055734e-01 2.99265057e-01 3.23861766e+00
  8.96521747e-01 2.76819319e-01 1.22065198e+00 2.19935179e+00
  1.74354184e+00 4.73125726e-01 8.14286411e-01 6.82501376e-01
  9.10371423e-01 6.49032235e-01 2.33932883e-01 9.52113152e-01
  1.77714467e+00 4.68768388e-01 4.80429053e-01 6.11577832e-07
  3.73610437e-01 1.64624840e-01 7.68818676e-01 1.48770440e+00
  7.53620327e-01 2.30114252e-04 2.41955698e-01 4.20893818e-01
  1.34014964e+00 8.29796374e-01 3.33572316e+00 1.35320735e+00
  1.50362718e+00 4.45239067e-01 8.68205130e-01 5.25667667e-01
  7.12569714e-01 1.52950013e+00 1.86948562e+00 1.90506792e+00
  1.87096879e-01 2.40237445e-01]
 [4.15410697e-01 1.33853579e+00 2.60227501e-01 8.41963887e-01
  1.15988314e+00 9.25960362e-01 1.96211766e-02 8.52538215e-05
  2.72031594e-02 3.01124245e-01 4.25861925e-01 2.06718469e+00
  6.10570610e-01 9.07682333e-05 1.05082881e+00 1.95509470e+00
  1.00632668e+00 2.69805908e-01 4.97340858e-01 5.08762419e-01
  6.27846003e-01 9.67053697e-02 2.82508314e-01 7.37291634e-01
  2.33088359e-01 9.82272267e-01 3.92421901e-01 8.55657086e-02
  6.58466518e-01 3.38843286e-01 1.25189710e+00 1.54159284e+00
  1.17241406e+00 3.22197373e-11 9.21522379e-01 4.08205651e-02
  1.31194842e+00 7.58673370e-01 2.03760952e-01 3.90207142e-01
  1.72182894e+00 2.75911629e-01 3.52136493e-01 2.75182545e-01
  1.06271943e-02 5.52342594e-01 2.21806788e+00 1.43263268e+00
  1.42274946e-01 1.67728499e-01]
 [5.29858768e-01 2.38792881e-01 4.75149363e-01 1.79875299e-01
  1.12129998e+00 1.44066191e+00 2.82164081e-04 9.64336038e-01
  8.70163217e-02 1.23478925e+00 3.95852953e-01 1.92347729e+00
  8.80775988e-01 7.45137632e-01 1.06358021e-01 1.81539536e+00
  1.04927957e+00 5.10319233e-01 6.75816357e-01 9.59919691e-01
  3.77590001e-01 3.15017998e-01 1.47305533e-01 3.39244270e+00
  1.28778851e+00 1.71526921e+00 6.06558263e-01 1.12388143e-02
  1.28175452e-01 3.54723752e-01 1.28710115e+00 1.00087523e+00
  7.68974423e-01 1.88537699e-04 9.53853369e-01 1.85705972e+00
  2.86131072e+00 6.57455146e-01 8.31330642e-02 1.10279012e+00
  6.71176687e-02 7.63528049e-01 1.67032731e+00 1.70559764e-01
  1.17193162e+00 3.54218900e-01 1.72073579e+00 1.50866318e+00
  3.10380459e-01 1.82717428e-01]
 [4.83976752e-01 2.13047695e+00 1.43382177e-02 1.61847949e+00
  1.38333496e-02 5.22069156e-01 5.81699032e-06 2.24284458e+00
  1.68562722e+00 1.01448119e+00 5.77193983e-02 2.52583480e+00
  6.67127520e-02 8.38412780e-06 1.10976362e+00 3.19683409e+00
  4.95048344e-01 4.24311459e-02 1.41361833e-01 8.00956070e-01
  2.96108508e+00 1.50915897e-02 6.64042979e-02 2.05808327e-01
  8.14000964e-02 1.56689799e+00 2.02164017e-02 1.40424663e-14
  1.47046642e-02 1.10063881e-01 1.54168141e+00 4.43363428e+00
  1.08556850e-02 3.69475693e-01 1.10429907e-02 1.66801451e-11
  8.51032448e-18 1.66752172e+00 1.17416210e-01 2.49490595e+00
  1.53380811e+00 4.12437487e+00 4.19079699e-03 8.28079879e-03
  1.74441898e+00 2.99017504e-02 4.74770635e-01 7.56349385e-01
  4.96040937e-03 1.21279515e-01]
 [5.42659283e-01 8.70219350e-01 2.49791697e-01 1.23259997e+00
  8.38795304e-01 1.05423093e+00 1.07932808e-02 1.21975100e+00
  3.13874218e-04 7.62691200e-01 1.35313356e+00 2.32118702e+00
  5.78102767e-01 7.19598889e-01 1.27947855e+00 2.21517015e+00
  2.93048072e+00 2.69757837e-01 4.85674858e-01 3.99097890e-01
  4.10199404e-01 1.59053540e+00 4.86332297e-01 2.55151123e-01
  1.77562511e+00 9.10860598e-01 1.42317808e+00 4.59409057e-05
  7.10171223e-01 5.35907745e-01 4.92560305e-02 1.71076822e+00
  1.19313586e+00 1.15114253e-03 2.37003684e+00 3.41547465e+00
  2.09719300e+00 8.15639794e-07 3.15329045e-01 6.29487157e-01
  1.86995435e+00 4.38795477e-01 1.30276883e+00 4.02437747e-01
  1.05431044e+00 1.60825133e-01 2.22849345e+00 1.79685521e+00
  2.85275102e-01 1.72235996e-01]
 [4.67888057e-01 5.37662327e-01 7.52515793e-02 1.32878566e+00
  5.66644669e-02 1.87028974e-01 4.72494960e-01 1.05991495e+00
  8.98493826e-02 5.48862398e-01 2.76010960e-01 2.03225398e+00
  3.71043533e-01 6.16335392e-01 1.14232421e+00 2.74452448e+00
  5.74222088e-01 7.04597495e-03 6.60698354e-01 1.47399855e+00
  2.64837885e+00 1.12778090e-01 4.23834085e-01 1.22926676e+00
  9.74160850e-01 3.42108917e+00 6.34639084e-01 1.59362926e-07
  8.83132458e-01 1.35547698e-01 8.86290309e-07 7.73584509e+00
  3.04208368e-01 2.62402538e-02 1.01949513e+00 5.86710572e-01
  1.42583586e-02 3.77837062e-01 7.32861459e-02 4.18523502e+00
  2.24960351e+00 9.75876227e-02 2.16827607e+00 3.21637535e+00
  1.80340743e+00 4.16230828e-01 2.66807348e-01 1.25138819e+00
  2.26573143e-02 1.18514113e-01]
 [4.46685880e-01 3.81649077e-01 1.06185004e-01 1.35238791e+00
  2.94918388e-01 3.37871522e-01 1.59423891e-02 1.81891274e+00
  2.94295009e-02 8.95698786e-01 2.94821471e-01 2.61135030e+00
  1.43926120e+00 5.62856812e-03 1.17125165e+00 1.97433484e+00
  5.08179486e-01 1.40237734e-01 3.36834937e-01 4.99719232e-01
  2.36117029e+00 5.08098900e-01 1.91440806e-01 7.49404013e-01
  1.15723062e+00 2.04340911e+00 7.10418373e-02 8.78598075e-03
  1.47264808e-01 3.18737894e-01 3.12147722e-06 1.96234196e-01
  6.39709085e-02 8.12855425e-13 2.20898852e-01 1.22656298e+00
  1.37441023e-03 8.31817389e-01 4.16923851e-01 2.80780482e+00
  2.11515713e+00 7.76867643e-02 5.20507157e-01 3.98675390e-02
  2.69904351e+00 5.91047525e-01 1.83942884e-01 6.70597374e-01
  2.00484972e-03 4.22234709e-14]
 [4.40414995e-01 4.04522359e-01 8.12963486e-01 2.17374504e-01
  1.35280991e+00 1.56741285e+00 1.67679340e-01 1.56702936e+00
  7.09560990e-01 3.26862603e-01 3.10603470e-01 4.41716518e-03
  9.83074427e-01 7.34128773e-01 4.28990453e-01 4.86954510e-01
  3.53897595e+00 7.16275156e-01 9.27039206e-01 4.89705205e-01
  6.29762948e-01 1.70216471e-01 2.48585925e-01 9.40696180e-01
  1.12210023e+00 8.26242417e-02 1.10859883e+00 8.60800445e-01
  4.38807636e-01 1.45919859e-01 7.25213613e-06 1.26686692e+00
  1.01091337e+00 7.33785299e-09 7.44214356e-01 3.08787990e-02
  2.82153082e+00 2.85739511e-01 7.98172772e-01 6.40761554e-01
  1.98651278e+00 3.79108876e-01 5.89893520e-01 4.12436128e-01
  1.26699996e+00 2.38136911e+00 2.89370823e+00 2.36069655e+00
  2.24811301e-01 2.51864865e-02]
 [1.05083346e-01 1.54194450e+00 2.39500195e-01 1.22120392e+00
  6.51174426e-01 1.30305433e+00 3.51540335e-02 1.33671391e+00
  1.44421831e-01 8.50441516e-04 3.02562445e-01 1.40418160e+00
  2.56843209e-01 5.73312283e-01 3.94067465e-05 1.46455908e+00
  1.16688144e+00 2.16517344e-01 1.24144658e-01 1.50975764e+00
  1.17952514e+00 8.12209919e-02 2.20292062e-01 3.67349803e-01
  2.69332051e-01 1.04245734e+00 2.45258287e-01 6.57557324e-02
  5.54822624e-01 1.95079371e-01 8.14936161e-01 1.67873717e-04
  5.37994802e-01 1.79148818e-04 1.11722064e+00 1.75831374e-02
  1.59917736e+00 4.67750520e-01 8.03593025e-02 5.99660158e-01
  1.34850299e+00 4.50305402e-01 4.04860139e-01 1.64181322e-01
  7.55575998e-03 5.18635750e-01 1.87913746e-01 1.81505811e+00
  1.12560853e-01 2.99163938e-01]
 [2.85907894e-01 7.79582620e-01 2.63795108e-01 3.67813230e-01
  3.37772578e-01 1.45025134e+00 2.61585793e-08 9.10230756e-01
  3.74761149e-02 9.91725802e-01 4.07279581e-01 1.40611923e+00
  1.21820509e+00 1.88303816e+00 1.35492158e+00 7.99194127e-02
  1.16943431e+00 5.18939257e-01 7.66731381e-01 6.67854738e+00
  5.16259134e-01 2.50846267e-01 4.35169131e-01 3.50641668e-01
  2.64905715e+00 1.83906019e+00 1.83626795e+00 1.13052110e-05
  7.25573242e-01 2.84279257e-01 1.30488634e+00 2.99575877e+00
  2.93163300e+00 7.28098154e-02 4.42359161e+00 1.49782085e+00
  1.87480104e+00 2.37443238e-01 4.21729565e-01 6.45847619e-01
  1.54931986e+00 2.00305533e+00 3.54598355e+00 5.57565570e-01
  2.23688340e+00 1.58747470e+00 1.19898272e+00 8.85948479e-01
  6.14357293e-01 1.59855202e-01]
 [3.04294825e-01 6.83342535e-07 1.09587127e-04 2.02339029e+00
  7.50753903e-10 7.39345998e-02 7.14965761e-02 5.95357306e-02
  5.77403262e-06 1.78340554e+00 1.37663329e+00 7.48085082e-01
  1.88613571e-02 9.43028092e-01 2.47151963e-02 2.73397732e+00
  7.06311882e-01 1.78838611e-01 1.89915970e-01 1.03927863e+00
  3.41533637e+00 4.15945083e-01 9.39683840e-02 1.33252323e+00
  2.16378856e+00 2.93214059e+00 4.21201617e-01 2.11700886e-01
  1.52118790e+00 1.55078590e+00 7.86820874e-02 2.98585963e+00
  2.12815952e+00 7.69580719e-11 1.54967570e+00 6.21867061e-01
  1.70855923e-03 4.65707490e-06 1.52976608e+00 4.10064554e+00
  1.87726355e+00 9.51185107e-01 4.00142193e+00 9.74519849e-01
  4.12504482e+00 3.77083868e-01 8.22407782e-01 3.47051740e-01
  2.52375245e+00 3.37731153e-01]
 [1.85666829e-01 3.01836997e-01 1.75571039e-01 6.82468176e-01
  8.74864221e-01 1.99395156e+00 3.66476774e-02 7.87711263e-01
  2.00004019e-02 1.99316904e-01 9.98913586e-01 3.13375163e+00
  5.74171722e-01 1.49284825e-01 4.07170701e-05 1.79499531e+00
  2.77459598e+00 2.20108643e-01 3.15508217e-01 1.61407441e-01
  4.85048629e-04 1.25088304e-01 3.64844918e-01 3.18101674e-01
  2.88321435e-01 1.05280291e-04 4.04988617e-01 9.71272290e-02
  5.43003738e-01 1.11406648e+00 9.58086690e-04 1.54376578e+00
  6.93741858e-01 1.48047015e-01 6.30317926e-01 3.32895935e-01
  2.79777974e-01 9.83619034e-01 3.61857086e-01 4.50380027e-01
  1.29325235e+00 8.81406106e-03 4.87404168e-01 2.21080452e-01
  6.82548523e-01 3.67346182e-02 1.58432782e+00 3.31348729e+00
  3.27608013e-03 7.24752069e-01]]
x0 : [3.28830713e-11 2.01300252e-02 2.04113698e-16 2.40277046e-07
 3.76302523e-05 3.47993430e-20 4.28206306e-08 9.41141625e-05
 3.72155713e-18 1.02704763e+00 2.03333229e-06 4.15899565e-10
 1.01714146e+00 3.89974385e-01 1.29873130e-17 8.10828030e-01
 1.44703481e-02 3.84891148e-13 1.26514649e+00 1.46453404e+00
 3.88091678e-07 9.86812694e-08 1.66925006e-02 2.15473945e-19
 1.25979174e-08 6.56184331e-02 1.00979049e-19 1.35635126e+00
 3.21633697e-01 4.34701830e-01 1.09303573e-06 1.06517309e-02
 4.37519649e-18 7.04752862e-01 3.41393868e-03 9.35908409e-16
 2.89935838e-06 8.07312550e-10 4.40699962e-19 1.09404123e+00
 1.40357769e+00 1.04204046e-05 4.27400737e-05 4.26166505e-03
 2.34454806e-19 6.87144220e-01 3.16288173e-01 3.04479592e-17
 4.55186993e-01 1.34044683e-06 1.20975480e-15 5.32761071e-08
 1.06676575e-02 1.27449342e-16 6.91739743e-13 8.95459496e-04
 9.92863979e-18 1.76372305e-01 5.67651868e-01 1.57836712e-15
 4.07030463e-01 2.34098971e-01 5.17086854e-20 1.33905951e-02
 8.04696530e-02 1.42763136e-15 2.47425828e-06 1.42231293e-03
 2.63345000e-15 3.65753286e-02 2.38017470e-01 1.64424215e-15
 4.33054455e-02 1.86309308e-01 1.12840684e-16 1.21908569e+00
 6.10339828e-03 1.06362289e-11 1.87994578e-06 2.68628206e-02
 1.10722534e-17 6.69150152e-11 1.05875838e+00 8.22946844e-19
 2.03789905e-01 7.32562363e-01 2.30720425e-11 2.65305489e-01
 2.46546417e-01 1.25618889e-13 4.66337241e-07 3.20595718e-04
 2.27518822e-20 3.53060663e-02 4.07660194e-03 3.58804241e-14
 2.30119301e-09 1.51582910e-02 6.66867769e-15 1.96921492e+00
 7.77807772e-01 4.61090474e-15 2.70683974e-01 1.31035727e-02
 3.26333741e-13 3.22709680e-01 1.14878923e-04 4.94867969e-09
 1.41192228e-04 5.08966506e-04 1.25349238e-17 4.69899032e-06
 2.56376490e-02 2.91335966e-14 4.88784388e-02 2.61366338e-01
 2.65994625e-15 5.78275263e-01 1.00546226e-01 5.84317859e-13
 7.89215922e-01 7.01032404e-04 3.85536971e-08 1.92045141e-02
 1.09485540e-04 1.44879819e-15 2.84678996e-01 2.37013772e-03
 4.07508445e-08 8.51945006e-05 3.66047025e-01 3.69131540e-18
 3.04284767e-05 7.43239224e-02 1.58106810e-22 1.06408931e-01
 5.33529632e-02 3.78714817e-17 1.08617928e-03 3.47852334e-02
 5.08443603e-18 1.17268443e+00 3.62317234e-01 5.00160130e-03
 1.41146317e-01 1.31392789e+00 1.73201399e-14 6.92499088e-05
 1.22067071e-02 9.01705425e-06]
nUIV_to_SIR : {'weight': array([[ 0.57087487,  0.5080786 , -0.775261  ],
       [ 1.4435334 ,  0.12935202, -0.26686198],
       [-0.20166762,  1.219575  ,  1.0288935 ]], dtype=float32)}
