SIR MODEL PARAMETERS
beta : 67.5
gamma : 0.75
x0 : [0.3 0.5 0.2]
num_hosts : 50
NUIV MODEL PARAMETERS
beta : [3.6488626e-02 9.3996023e-06 5.4069537e-06 6.2704012e-02 2.5005464e-04
 9.8425528e-07 1.2340600e-05 1.9037674e-05 5.5576620e-06 1.4247280e-04
 3.2430823e-04 5.7239537e-03 1.7447612e-05 3.2940192e-05 3.7941038e-06
 2.5178536e-04 2.1236700e-03 1.1075548e-06 2.0063017e-05 3.4277276e-05
 4.0807528e-05 6.8131262e-06 7.6121847e-05 1.1200369e-06 6.6917943e-05
 4.0258317e-07 8.7661675e-07 4.3009763e-06 1.7578983e-04 3.5124613e-05
 6.6219759e-03 3.3126893e-05 1.6611798e-04 9.6303957e-06 2.2181074e-04
 3.1130064e-06 5.9099650e-05 5.4711809e-06 6.7425659e-05 5.1215130e-07
 8.4542749e-05 4.3467935e-05 3.6955735e-05 3.6546201e-04 6.5237029e-05
 1.8054267e-05 1.2972892e-05 6.3793287e-03 3.4612891e-05 2.8724342e-05]
delta : [1.0900092  1.8413435  3.0299513  0.3874129  2.5811138  1.0270566
 1.2028781  1.7364066  1.5592192  2.811805   1.7544179  1.0128733
 0.8802972  1.6262102  2.3990588  1.8713292  2.589731   1.5539739
 1.084909   0.9093899  1.1310035  1.8459511  1.5717945  0.46813312
 2.0662603  1.0917927  1.8078343  1.4041593  1.5609725  0.7449311
 2.000941   2.8779006  1.262526   0.88229644 0.81919867 0.72528225
 2.0611076  1.6982177  1.2990301  0.7370407  3.2520695  3.0297875
 0.85554683 1.9789418  1.1098067  0.74171275 2.8689167  1.8095176
 1.1700219  2.554925  ]
p : [2.6220645e-05 2.3727825e-04 4.0927261e-02 6.5208069e-04 1.0861068e-02
 1.2674171e-05 4.5415953e-05 3.8975605e-03 3.6922239e-03 1.0764539e-03
 3.2298539e-02 1.3654637e-01 4.9142916e-02 1.1717800e-01 1.9571602e-03
 7.3976584e-02 1.5180599e-02 2.0808615e-02 4.7904244e-03 5.3922120e-02
 1.7475523e-03 5.5152342e-02 3.5148454e-03 1.9487846e-03 3.0826377e-02
 1.9900836e-02 1.9651756e-03 5.2083269e-02 7.1483761e-02 5.0599299e-02
 1.6948555e-03 2.7170510e-03 3.0316465e-02 7.5452060e-02 7.6889358e-02
 2.3210349e-02 7.2072841e-02 1.5970428e-02 1.1153045e-02 1.0523525e-01
 2.7200950e-03 9.0389522e-03 5.7307906e-02 1.5082675e-02 1.7793531e-02
 3.9228044e-02 2.3773124e-03 4.3381317e-04 1.5974105e-03 7.9129480e-02]
c : [3.5282404e-03 3.1952939e+00 4.1354507e-01 2.5089574e+00 1.4329977e+00
 1.5792120e+00 1.5216151e+00 3.7459509e+00 3.1076524e+00 2.4099395e+00
 1.0805390e+00 3.8193645e+00 1.4343355e+00 1.8252937e+00 3.3576813e+00
 3.4144297e+00 1.6392499e+00 8.4042567e-01 1.5893966e+00 2.1670268e+00
 2.8951592e+00 1.3298624e+00 1.0088422e-04 1.4271512e+00 2.4453843e+00
 3.6633127e+00 7.7809179e-01 2.9129388e+00 1.7555177e+00 1.4144384e+00
 3.1015499e+00 1.2719853e+00 1.2854273e+00 3.4656973e+00 2.1247103e+00
 9.2707044e-01 1.2857593e+00 2.0162034e+00 1.0057793e+00 1.7336470e+00
 3.6317952e+00 5.8398932e-01 1.2260861e+00 9.7643667e-01 9.3415815e-01
 1.1913419e+00 3.9791009e+00 3.1998942e+00 1.5347561e+00 1.1403843e+00]
t : [[1.96804423e-02 2.93099314e-01 1.63731247e-01 6.49098635e-01
  7.62915611e-02 1.01626515e-02 6.18295133e-01 7.87038147e-01
  5.52221000e-01 1.01959156e-02 6.69842437e-02 5.21979272e-01
  1.17397889e-01 1.02266014e+00 6.00259423e-01 1.12940885e-01
  5.86438887e-02 5.69872618e-01 3.37888151e-02 5.24741318e-03
  1.82495221e-01 3.69443409e-02 5.41439466e-02 6.09079562e-03
  5.70743978e-01 6.93938971e-01 7.88727045e-01 3.92460585e-01
  9.80763510e-03 8.09805497e-05 5.29052913e-01 3.83309118e-04
  4.09018815e-01 2.99125195e-01 7.70227075e-01 1.27966357e-02
  6.68935180e-02 1.50385499e-01 8.64428747e-03 8.06698401e-04
  1.30005047e-01 5.27980089e-01 6.54269755e-01 8.00888240e-02
  7.86199629e-01 1.29552186e-02 9.42766108e-03 1.14996068e-01
  4.01425540e-01 1.20440528e-01]
 [5.41356020e-02 3.07161629e-01 4.01756048e-01 1.04419100e+00
  3.60700907e-03 3.71479429e-02 4.95332718e-01 1.72043204e-01
  5.86952865e-01 8.86524320e-01 8.18372518e-03 4.27774370e-01
  1.06104091e-01 6.42821252e-01 2.06313148e-01 3.14611465e-01
  5.07628487e-04 6.75343394e-01 3.03425221e-03 1.34170920e-01
  6.86942399e-01 1.61009852e-03 1.52812660e-01 2.96992475e-08
  9.49808881e-02 7.29218602e-01 2.69763857e-01 2.68321604e-01
  7.50322491e-02 3.62514518e-02 3.18733722e-01 2.32811552e-02
  4.57258105e-01 1.47587359e-01 2.19281346e-01 1.16815329e-01
  1.61809381e-02 3.67782056e-01 8.13390128e-04 9.04835877e-04
  2.63000995e-01 6.56689703e-01 9.79573011e-01 7.03552663e-01
  5.38915038e-01 4.49476577e-02 5.11459587e-03 4.86509390e-02
  3.65146458e-01 7.88751096e-02]
 [7.33279169e-01 8.09392512e-01 7.10191607e-01 9.70469058e-01
  9.06688534e-03 1.67383730e-01 6.34068251e-02 8.91638637e-01
  6.18409336e-01 6.21986926e-01 6.28555077e-04 3.95557702e-01
  3.41608971e-02 4.17427003e-01 1.03240991e+00 6.45958722e-01
  2.91132983e-02 1.14144415e-01 1.02398556e-03 1.23542896e-03
  9.11562800e-01 6.25073398e-03 2.44855389e-01 3.97050781e-06
  1.52532414e-01 5.77500224e-01 6.66077673e-01 4.91972387e-01
  1.34020537e-01 9.11078379e-02 7.65173197e-01 1.94625407e-01
  8.61387074e-01 1.12090397e+00 2.66941055e-03 4.92686071e-02
  2.06239652e-02 7.00175226e-01 2.58848257e-03 2.59251557e-02
  1.14530623e+00 5.23158133e-01 6.64725840e-01 3.31141680e-01
  2.48793513e-01 3.37032776e-04 4.48424928e-02 5.84177934e-02
  1.75989717e-02 4.84177247e-02]
 [7.21462220e-02 4.58219759e-02 3.03302407e-01 4.92767319e-02
  1.12768942e-02 5.46838865e-02 2.22537234e-01 7.57327259e-01
  7.41510570e-01 5.08557439e-01 1.85258090e-02 1.19530454e-01
  2.62343764e-01 7.02234858e-04 8.97639215e-01 2.33365774e-01
  1.50651249e-04 1.99457839e-01 3.90583416e-03 4.75085564e-02
  7.85085022e-01 7.90957287e-02 3.46430019e-03 1.29076252e-02
  7.45764554e-01 9.04965520e-01 2.61569619e-01 7.39428848e-02
  7.18884394e-02 3.25303408e-03 7.43959308e-01 2.21028820e-01
  2.76791483e-01 8.46240819e-01 4.66654330e-01 3.52040716e-02
  9.58970096e-03 4.65185903e-02 9.99942655e-04 1.09457206e-02
  8.63881230e-01 3.92349333e-01 6.16594374e-01 3.57594667e-03
  5.88843133e-03 1.10183833e-02 8.19778144e-02 8.84154737e-02
  6.86923385e-01 5.49280383e-02]
 [3.29840556e-03 7.82341361e-01 1.00500250e+00 2.21280172e-01
  3.85038614e+00 8.92978907e-03 1.25530624e+00 7.12467194e-01
  5.33457473e-02 1.06466317e+00 8.98407958e-03 9.97946714e-04
  1.93648189e-02 9.10685301e-01 6.10576153e-01 2.53859937e-01
  9.18086444e-04 2.96806902e-01 2.59165406e-01 1.07347360e-05
  3.67687136e-01 3.09295971e-02 6.94578528e-01 5.98750543e-04
  5.19762754e-01 5.28039455e-01 1.15488839e+00 2.21889555e-01
  6.27459526e-01 1.04572084e-02 1.84069127e-01 4.90301698e-02
  4.88870680e-01 1.23718448e-01 1.50045902e-01 1.82577476e-01
  4.80017532e-03 3.82379323e-01 2.27658683e-03 1.80341259e-01
  1.04032063e+00 6.27829969e-01 1.09183431e+00 1.36936948e-01
  1.54026039e-02 4.86417301e-02 4.74651169e-05 3.90427113e-02
  1.58212006e-01 1.23961091e-01]
 [9.34892297e-02 1.52223790e+00 1.24066798e-02 3.13299477e-01
  5.39716668e-02 3.28989506e+00 6.49206281e-01 7.96177685e-01
  1.16407916e-01 1.38900712e-01 3.85262556e-02 1.06121344e-03
  5.11028385e-03 3.70844230e-02 5.60732186e-01 4.59676057e-01
  3.18325998e-04 7.27644682e-01 3.57145839e-03 8.04418698e-04
  6.01403296e-01 5.33250114e-03 7.94234052e-02 1.11647332e-05
  7.63968885e-01 1.18478227e+00 1.13700116e+00 5.14097571e-01
  9.72824346e-05 1.36979064e-02 6.83000253e-04 2.77406116e-06
  5.98519266e-01 1.01194811e+00 6.22748472e-02 5.29557504e-02
  1.77247420e-01 1.23805010e+00 3.83757055e-04 1.90174803e-02
  3.21837902e-01 2.72784010e-02 1.75026798e+00 2.16282099e-01
  1.26191350e-02 5.14456071e-04 6.37650257e-03 4.18923097e-04
  9.14576128e-02 1.35557130e-01]
 [7.62049854e-01 4.01723772e-01 2.70682797e-02 6.29114091e-01
  2.20719874e-02 8.66121501e-02 4.21814889e-01 7.56670594e-01
  1.78877100e-01 9.56397831e-01 4.91764210e-02 8.08212101e-01
  3.60071838e-01 4.69790995e-01 2.58604974e-01 8.25338900e-01
  2.98939180e-02 9.23267752e-02 1.51684731e-01 1.42610148e-01
  8.06748748e-01 1.62482873e-01 9.31263506e-01 1.87681302e-01
  6.35808468e-01 6.05065882e-01 5.14652431e-01 4.14200872e-02
  1.84781961e-02 1.06032051e-01 2.79283011e-03 3.81333521e-04
  3.89011085e-01 2.23141924e-01 2.33755544e-01 7.88315758e-02
  8.81646350e-02 6.40628815e-01 5.79333538e-03 2.97616780e-01
  5.28658152e-01 5.12500167e-01 3.27497959e-01 2.12513715e-01
  8.76122296e-01 5.79595640e-02 1.07004726e-05 2.84788273e-02
  2.96516716e-01 3.79069932e-02]
 [4.26424474e-01 9.75626945e-01 2.66533010e-02 2.93950170e-01
  5.05300704e-03 7.88919330e-02 2.89857745e-01 2.30305046e-01
  8.84152830e-01 1.05723429e+00 6.60204068e-02 8.19830835e-01
  3.45020299e-03 1.28340650e+00 2.38774359e-01 5.01812249e-02
  4.91798995e-03 2.37193540e-01 1.39993271e-02 9.52054095e-03
  7.09108889e-01 1.00736320e-03 5.07276118e-01 1.02600176e-02
  4.08925891e-01 1.03872240e+00 2.31716353e-02 1.21886665e-02
  2.62089130e-02 5.25921881e-02 3.96956176e-01 1.17646359e-01
  9.83813033e-02 7.18841791e-01 8.61298200e-03 1.11520246e-01
  5.31642847e-02 3.71754974e-01 6.96541648e-03 9.12793074e-03
  8.53868902e-01 2.92676419e-01 1.21107662e+00 1.98091031e-03
  2.88139611e-01 4.08714823e-06 6.68083578e-02 1.73751637e-02
  2.61001915e-01 2.18837727e-02]
 [5.25037169e-01 5.94344616e-01 9.32172034e-03 1.14143002e+00
  4.23688218e-02 1.07003972e-01 7.52209425e-02 2.20827341e-01
  3.41903418e-01 1.02170575e+00 5.03840148e-02 1.21692069e-01
  5.76375960e-08 3.78348559e-01 6.57327652e-01 5.44195116e-01
  2.69510336e-02 9.67174694e-02 1.28086808e-03 5.17697699e-05
  5.43945134e-01 8.14526924e-04 9.09324765e-01 3.11235254e-07
  1.04136229e-01 4.31251705e-01 9.70826857e-03 8.15305650e-01
  4.63038334e-04 5.82425259e-02 1.86123878e-01 2.48318240e-02
  7.86763132e-01 8.05963099e-01 2.26017207e-01 2.18806565e-02
  7.05887526e-02 9.02970016e-01 4.54987586e-03 9.65351798e-03
  3.24873954e-01 1.20591618e-01 1.80413619e-01 4.04725922e-03
  6.51402414e-01 5.56630455e-03 2.24208678e-04 8.81584436e-02
  5.26336730e-01 1.07068948e-01]
 [6.12190604e-01 3.62298161e-01 5.72314203e-01 1.17390621e+00
  1.01648895e-02 1.30706541e-02 5.00439405e-01 9.86714661e-01
  7.52279878e-01 5.25568798e-02 2.86682192e-02 1.76737577e-01
  4.66551319e-06 1.97416544e-01 2.48172179e-01 6.95060372e-01
  1.80112803e-03 5.67327777e-04 3.35607119e-02 1.06877193e-01
  2.49375980e-02 2.69105844e-03 3.19643408e-01 7.97331333e-04
  2.85033137e-01 5.84381461e-01 5.87370753e-01 5.64308107e-01
  2.37345491e-02 3.51924002e-02 5.90085447e-01 5.48495650e-01
  1.15538128e-02 9.56392825e-01 6.33199692e-01 2.40519159e-02
  8.29331800e-02 4.36064452e-01 1.60774633e-01 2.52656864e-05
  5.72538018e-01 3.50887507e-01 5.24802804e-01 1.58978939e-01
  1.43370475e-03 5.80967229e-04 4.34395134e-01 6.28524274e-02
  7.66341314e-02 2.91069373e-02]
 [4.91487235e-02 7.67059803e-01 2.41942219e-02 7.70070672e-01
  3.60726789e-02 8.41091853e-03 1.18394589e+00 6.97633624e-01
  6.73749566e-01 1.04415715e+00 4.22101259e+00 1.20127857e-01
  8.82410780e-02 1.19152093e+00 4.99594450e-01 9.30207849e-01
  6.03929255e-03 5.59288800e-01 9.13083702e-02 3.63166747e-03
  1.55997171e-09 1.61856250e-03 2.60468735e-03 8.81247455e-04
  1.12837646e-02 1.24600780e+00 1.31740808e+00 7.56295085e-01
  6.73478395e-02 5.30886464e-03 1.92477182e-02 1.02967471e-01
  1.15767010e-01 1.19010067e+00 1.28975604e-03 7.05480576e-02
  1.42910527e-02 1.53033555e-01 3.79241692e-06 9.70018969e-04
  5.21209240e-01 3.79332870e-01 1.27062094e+00 2.63367921e-01
  2.94919428e-03 7.17169860e-06 9.55186697e-05 2.45520449e-03
  4.23361272e-01 4.20925803e-02]
 [2.92792529e-01 1.03237498e+00 5.27975380e-01 5.31967044e-01
  7.89800733e-02 5.20099401e-02 8.82572532e-01 4.99872953e-01
  4.27251458e-01 3.52164179e-01 5.18812016e-02 4.90391016e-01
  6.85704080e-03 2.67260104e-01 2.02216431e-02 4.86765355e-01
  3.68829332e-02 5.58392763e-01 1.34398346e-03 8.52594258e-06
  2.05837995e-01 1.59526011e-03 1.30721405e-01 5.02220914e-03
  7.53910899e-01 9.72814858e-01 3.70332837e-01 4.12252724e-01
  2.70956289e-03 5.68094105e-02 1.72208861e-01 5.88511350e-03
  6.96245015e-01 7.95247674e-01 5.77166021e-01 1.39442280e-01
  7.10976720e-02 6.82974234e-02 2.57250558e-05 1.49204545e-02
  1.05671167e+00 6.33173823e-01 8.86150658e-01 8.84961151e-03
  1.16723917e-01 1.85123645e-02 3.82278487e-02 8.56603757e-02
  3.59262556e-01 1.59310121e-02]
 [1.28074887e-03 4.56353843e-01 6.29588366e-01 8.24132502e-01
  2.36762669e-02 2.41584405e-01 8.38621929e-02 3.96248460e-01
  5.93259595e-02 9.16797519e-01 5.76109998e-02 4.38881874e-01
  1.40136683e+00 8.07647467e-01 6.64220333e-01 1.12839234e+00
  7.28633478e-02 7.54202247e-01 1.90935452e-02 5.91258286e-05
  3.54594320e-01 1.03865778e-02 1.20886505e-01 3.45548528e-04
  1.08040951e-01 8.51325870e-01 7.07614005e-01 1.60618961e-01
  5.17161516e-03 4.74028103e-02 5.44036746e-01 2.15369021e-03
  1.03247774e+00 7.41841912e-01 5.90839051e-02 1.26016170e-01
  9.78563279e-02 1.24875069e+00 3.76070943e-03 9.93406028e-03
  8.20316449e-02 1.06988645e+00 5.03532112e-01 7.74625270e-03
  2.94996709e-01 6.21039999e-06 8.45928935e-06 3.72775644e-02
  1.68714806e-01 1.99817821e-01]
 [6.12308741e-01 4.44997009e-03 2.39227861e-02 7.62589931e-01
  3.06976084e-02 1.31390363e-01 7.59458244e-01 4.94739506e-03
  6.64417982e-01 2.64442544e-02 4.37019393e-02 4.96547490e-01
  9.71333981e-02 1.84929103e-01 5.66209435e-01 2.88710505e-01
  7.35515403e-03 6.55710816e-01 1.31076004e-03 4.87647165e-04
  4.26238000e-01 1.77875991e-05 9.34491634e-01 4.40966396e-05
  4.35692966e-01 2.72835761e-01 9.93479431e-01 4.63381797e-01
  8.83660454e-04 9.99280661e-02 5.34300864e-01 2.41548657e-01
  3.81230470e-03 7.72543401e-02 3.92349958e-02 1.22656114e-01
  3.65883075e-02 1.08293056e+00 3.87679017e-03 1.97380241e-02
  2.25175009e-03 1.60397869e-02 2.45138347e-01 4.75661278e-01
  4.82394367e-01 2.85476068e-04 6.34259498e-03 3.65669020e-02
  4.16347012e-02 1.03540465e-01]
 [6.95207775e-01 1.41468674e-01 2.44265825e-01 4.71877679e-02
  1.20427525e-02 1.55975549e-02 7.69553363e-01 9.18260753e-01
  1.73470706e-01 8.00056934e-01 8.54870118e-03 7.82308578e-01
  4.13373590e-01 1.52178168e-01 4.78126675e-01 5.94104193e-02
  8.88676383e-03 2.54835755e-01 1.51675239e-01 3.32278535e-02
  6.77956581e-01 2.01689914e-01 2.25449070e-01 5.00630550e-02
  1.42043352e-01 8.71088982e-01 8.06703031e-01 1.81513205e-01
  7.93785881e-03 2.42113918e-02 1.58904880e-01 1.90834701e-01
  3.09611738e-01 2.55114824e-01 1.60577610e-01 5.02577461e-02
  2.04757452e-02 7.48188019e-01 2.70279963e-03 3.07197012e-02
  7.45761842e-02 3.57374191e-01 9.12418902e-01 3.03660929e-02
  6.40751719e-01 1.38850066e-06 1.21779806e-06 5.18719591e-02
  2.86802560e-01 1.46595519e-02]
 [4.08719122e-01 7.69486129e-01 7.75331780e-02 7.59739354e-02
  6.95309862e-02 6.47135451e-02 5.22472858e-01 6.74631536e-01
  8.81514311e-01 7.98391402e-01 5.38832955e-02 5.30117273e-01
  1.11000156e-02 9.04833972e-01 6.18151069e-01 4.62985635e-01
  2.69341581e-02 1.32141006e-03 1.88530125e-02 5.31968288e-03
  4.31650057e-02 1.76073328e-04 8.09535146e-01 1.00241159e-03
  6.47004768e-02 1.04915261e+00 1.27160951e-01 1.75206893e-04
  4.92116297e-03 3.75559018e-03 2.01472804e-01 1.68657012e-03
  1.36877615e-02 8.47539008e-02 9.38597247e-02 1.24041632e-01
  7.11455643e-02 6.71328485e-01 2.06206039e-07 2.81153508e-02
  2.18918785e-01 8.30045727e-04 1.37807453e+00 1.40482515e-01
  1.25697050e-02 6.69031125e-03 4.86765697e-04 1.11013819e-02
  1.65244371e-01 7.60081559e-02]
 [3.59189784e-04 1.59029460e+00 6.09715462e-01 1.47243559e+00
  3.68833765e-02 1.77420571e-01 9.15795982e-01 1.20591116e+00
  8.20920289e-01 5.72627425e-01 3.30255888e-02 5.69343800e-04
  6.73515862e-03 1.61467445e+00 1.02693355e+00 3.23487222e-01
  3.81262016e+00 5.82071900e-01 9.29270592e-03 1.09549984e-03
  4.92381424e-01 8.39160406e-04 2.30399907e-01 1.17959396e-03
  5.20056188e-01 4.51931417e-01 7.22886547e-02 1.37579724e-01
  2.45130850e-05 2.06687916e-02 2.77469665e-01 1.07563846e-02
  1.85912977e-05 9.87724304e-01 8.03305581e-02 1.89489484e-01
  5.25202090e-03 3.35542828e-01 5.38244167e-05 1.70431491e-02
  1.50298521e-01 4.50582862e-01 4.00918603e-01 4.55025993e-02
  6.65969998e-02 6.24079723e-04 3.53129435e-05 3.56299728e-02
  1.26256049e-01 4.31907317e-03]
 [4.06016022e-01 9.83905137e-01 5.48715889e-01 1.15878820e+00
  2.23734379e-02 1.13249451e-01 2.33953640e-01 5.68036318e-01
  2.87019223e-01 1.29385269e+00 5.51585481e-02 6.89629555e-01
  3.02219260e-02 1.08491492e+00 1.29456192e-01 8.48500282e-02
  8.11302941e-03 7.18181968e-01 8.54172322e-05 2.42266594e-03
  7.19908059e-01 3.67164001e-04 6.64963603e-01 7.90669117e-04
  3.89821410e-01 5.31289816e-01 2.09234253e-01 6.04019225e-01
  1.20127686e-06 3.83747108e-02 4.54836875e-01 2.53477483e-04
  6.66259170e-01 9.51557875e-01 2.78380752e-01 5.79240210e-02
  1.20108977e-01 8.13247204e-01 5.66792581e-03 6.82879705e-04
  2.15353876e-01 3.00398707e-01 6.46186292e-01 7.04209134e-02
  6.68982327e-01 8.25291313e-03 3.76600277e-04 6.00410365e-02
  3.80547404e-01 6.52954727e-02]
 [8.78978819e-02 1.50258219e+00 5.82143590e-02 8.09702337e-01
  7.08790570e-02 1.91184029e-01 7.00527608e-01 2.34381273e-01
  9.19096231e-01 1.12208557e+00 5.89441247e-02 1.56475395e-01
  2.60177050e-02 2.35389158e-01 1.28812051e+00 3.63801420e-02
  4.81691398e-02 1.13311756e+00 2.72385883e+00 3.28413048e-03
  4.18490261e-01 2.36540590e-03 7.45973527e-01 3.46429273e-03
  2.63768155e-02 1.03546834e+00 3.57664190e-02 6.34947047e-02
  4.14981926e-03 5.38772084e-02 6.92253350e-04 3.08094983e-04
  7.84957290e-01 1.21477790e-01 1.44211933e-01 1.10521339e-01
  2.28158191e-01 2.32089818e-01 1.05275394e-05 6.32947907e-02
  2.48840690e-01 3.92332137e-01 1.66437554e+00 4.01749939e-01
  5.19666933e-02 3.38763790e-03 1.89077191e-03 5.65185994e-02
  2.81887203e-01 1.67534858e-01]
 [3.98996532e-01 4.39505428e-01 7.74487674e-01 1.11977494e+00
  3.08683002e-03 2.14448765e-01 1.40096045e+00 8.33586037e-01
  6.66560054e-01 1.10917747e+00 4.91742492e-02 2.05135113e-03
  9.42614302e-02 7.70187557e-01 8.16493988e-01 1.11816561e+00
  5.05015906e-03 8.49753201e-01 2.41853315e-02 2.50981808e+00
  6.55273318e-01 5.49293719e-02 5.00432432e-01 9.27452784e-05
  1.40029058e-01 3.70418429e-01 1.25151110e+00 1.77659959e-01
  3.28602582e-01 3.27424891e-02 1.30468905e-01 2.99151152e-01
  4.04266268e-01 7.05918431e-01 1.14207948e-02 2.26987246e-02
  1.82297051e-01 5.07748365e-01 3.59947182e-04 4.66888165e-03
  9.47701558e-02 4.55682546e-01 9.28184688e-01 5.22284135e-02
  4.06180806e-02 3.73289891e-04 3.39615121e-02 6.46189414e-03
  7.03288198e-01 1.06071725e-01]
 [9.87706661e-01 6.96183562e-01 1.70544714e-01 8.81799936e-01
  3.08289528e-02 1.31525561e-01 8.03756714e-01 3.53376955e-01
  3.50035280e-01 1.46374851e-01 2.55400240e-02 8.23167443e-01
  8.76612812e-02 9.79109764e-01 9.92031038e-01 4.03489679e-01
  2.85483450e-02 1.45648018e-01 1.44738387e-02 1.96043402e-03
  5.88054597e-01 2.83974363e-03 6.74103022e-01 7.14258710e-03
  3.92707288e-01 3.45155746e-01 3.84501874e-01 1.80832110e-02
  8.65587071e-02 3.90735549e-05 3.15596193e-01 8.96156489e-05
  8.06084275e-01 6.99069262e-01 1.17907390e-01 3.19311991e-02
  5.51341437e-02 4.87919301e-02 2.98679224e-04 2.86929891e-04
  1.74466193e-01 7.01432645e-01 1.26070309e+00 7.48706102e-01
  6.56137466e-01 1.61314495e-02 5.55062652e-05 2.73201820e-02
  2.68787652e-01 1.29107893e-01]
 [3.58172841e-02 8.70865464e-01 6.82580352e-01 9.79797065e-01
  3.81584242e-02 2.17291415e-01 1.39459825e+00 9.43559527e-01
  7.22081840e-01 5.83095789e-01 3.95442285e-02 5.63976578e-02
  1.68767080e-01 1.43274176e+00 6.56120300e-01 1.13238275e+00
  1.75839681e-02 1.18478096e+00 2.11124532e-02 6.28715148e-04
  1.53581128e-01 3.08449364e+00 9.55317080e-01 2.44953041e-03
  2.51063108e-01 6.55432105e-01 5.79627454e-01 9.67935752e-03
  2.49396078e-02 9.35598649e-03 3.87738384e-02 9.16516900e-01
  5.16633451e-01 1.14479148e+00 3.80355120e-01 4.45244052e-02
  1.89573422e-01 7.44083107e-01 3.36180557e-04 3.51743004e-03
  7.45201528e-01 7.75301814e-01 5.02759159e-01 2.33703867e-01
  3.82348336e-02 3.95785173e-04 8.45354109e-04 4.24368586e-03
  2.54096597e-01 1.48740709e-01]
 [1.09859204e+00 1.51897192e-01 9.00290683e-02 1.02004647e+00
  3.71420719e-02 1.35599598e-01 7.09883034e-01 6.94135204e-02
  5.58029830e-01 1.10701108e+00 8.57686922e-02 1.13333106e+00
  1.08419787e-02 5.75651824e-01 3.50259811e-01 6.89773917e-01
  3.56637165e-02 3.78159761e-01 1.16240513e-02 7.49377953e-03
  4.21076342e-02 4.09699669e-06 2.24732868e-02 7.25141773e-03
  1.20045096e-01 9.29636717e-01 4.77270149e-02 2.33150437e-01
  2.61445832e-03 2.64130197e-02 1.19198263e+00 2.03882903e-03
  3.26998323e-01 5.50621927e-01 3.53222457e-03 9.86571610e-02
  7.04471245e-02 5.32453954e-01 1.05160503e-02 3.95414308e-02
  6.29430890e-01 9.49412286e-02 7.07174957e-01 6.25875354e-01
  4.26638573e-01 9.25908331e-03 2.20922753e-01 9.68270153e-02
  1.08130485e-01 2.87717097e-02]
 [2.20805015e-02 7.67374218e-01 5.99528626e-02 1.46830750e+00
  5.21492213e-02 1.36315569e-01 1.32090420e-01 5.68411052e-01
  5.60669839e-01 1.56808162e+00 1.26202181e-02 1.98978726e-02
  5.45635819e-03 1.49511886e+00 1.36072111e+00 6.51254356e-01
  2.78468002e-02 8.67959380e-01 1.00400233e-04 2.63521797e-04
  4.01555389e-01 6.86254771e-03 3.02419960e-01 4.01435709e+00
  7.73211103e-03 6.49021983e-01 1.03427611e-01 5.98643720e-01
  2.24369142e-04 6.17854996e-03 6.44658580e-02 1.17671720e-04
  8.25956583e-01 9.39738095e-01 2.12135851e-01 8.05108622e-02
  9.53868777e-03 3.49169731e-01 4.99978010e-03 7.02204835e-03
  3.35169077e-01 6.53700590e-01 2.87769556e-01 6.16837740e-02
  2.53988476e-03 1.22677657e-05 4.02467003e-06 3.17000076e-02
  3.04317064e-06 3.82812768e-02]
 [5.37914876e-03 1.13031411e+00 4.45834190e-01 3.09214625e-03
  2.95833517e-02 2.41594221e-02 3.29233259e-01 7.22789466e-01
  4.30316776e-01 9.93247151e-01 9.89758846e-05 2.91636527e-01
  7.66518414e-02 4.93341032e-03 5.12032449e-01 7.05458701e-01
  4.14942298e-03 5.25823474e-01 4.22046840e-04 8.83596689e-02
  8.75552118e-01 6.10017059e-06 1.01920843e+00 1.21796511e-04
  8.80771458e-01 7.19989717e-01 3.93072009e-01 3.03651452e-01
  2.15979535e-02 1.20436281e-01 4.20298666e-01 6.63022511e-04
  5.64010918e-01 1.45386785e-01 4.42792326e-01 1.27123147e-01
  8.03479478e-02 6.89760745e-01 1.06185907e-03 8.84782203e-05
  1.20697491e-01 3.78009588e-01 1.09710403e-01 4.79667149e-02
  5.44019580e-01 7.50466436e-03 1.01885840e-03 1.00727707e-01
  6.85049832e-01 6.40261546e-02]
 [1.64977536e-01 1.71971127e-01 3.43558550e-01 2.66298473e-01
  6.36579171e-02 1.36050493e-01 3.98038089e-01 1.02953804e+00
  1.52523026e-01 1.09991741e+00 5.56079783e-02 1.79415494e-01
  4.68548061e-03 9.06907201e-01 4.84555781e-01 7.97258019e-01
  5.08152694e-03 3.23126912e-01 5.61198825e-03 1.23163736e-05
  3.87748569e-01 4.13785875e-03 6.56778336e-01 3.64765432e-03
  2.65316963e-01 2.93641508e-01 2.90138841e-01 4.26628619e-01
  2.78334366e-03 7.73488656e-02 3.10923964e-01 1.07362121e-02
  1.36585146e-01 3.74213718e-02 1.11788519e-01 1.29929408e-01
  6.70034066e-02 1.21431507e-01 4.49869083e-03 1.18334154e-02
  6.44689977e-01 5.40015996e-01 3.81352276e-01 2.22099647e-01
  7.09600151e-01 2.73128273e-03 1.31842840e-04 1.46124058e-03
  1.92618351e-02 5.11993207e-02]
 [8.93606365e-01 1.06131423e+00 7.87265003e-02 7.83427656e-01
  2.19316520e-02 4.39622663e-02 5.80838658e-02 1.00532734e+00
  7.51075983e-01 6.34717762e-01 6.70513660e-02 2.45745257e-01
  5.55333048e-02 6.61947370e-01 6.49450481e-01 5.84943831e-01
  4.58860844e-02 7.24828482e-01 3.62084073e-04 4.96387947e-04
  1.04254916e-01 5.92059165e-04 9.04781461e-01 5.30183839e-04
  3.61584783e-01 7.25986600e-01 6.42205954e-01 1.05920248e-01
  4.18889225e-02 1.35910120e-02 8.99907649e-01 4.02080652e-04
  4.31586914e-02 8.67622316e-01 5.11417508e-01 2.49211937e-02
  1.25279084e-01 1.24787368e-01 2.86367169e-04 6.71783509e-03
  2.64621407e-01 3.17026675e-01 1.20856559e+00 1.00970179e-01
  1.12697594e-01 4.17118368e-04 1.04874521e-02 8.97839665e-02
  4.51119337e-03 1.14677131e-01]
 [2.25616664e-01 1.14445019e+00 3.50023911e-04 5.07035375e-01
  9.69381630e-03 5.29792905e-02 2.67823130e-01 7.72787750e-01
  4.24970895e-01 8.95041704e-01 6.75518415e-04 1.40330866e-01
  3.21943164e-02 1.04674077e+00 6.05638504e-01 6.93800151e-01
  1.16800090e-08 3.44590366e-01 6.36571692e-03 6.90185186e-03
  4.56574768e-01 2.85740308e-02 3.56293060e-02 1.58332549e-02
  9.29426551e-02 9.16963637e-01 2.28019748e-02 8.69539499e-01
  8.60067201e-04 2.37852847e-03 3.12383962e-03 1.17600158e-01
  2.53997240e-02 4.37528133e-01 6.08758330e-02 4.01739739e-02
  1.17074132e-01 9.47970629e-01 6.53059129e-03 5.02816364e-02
  7.18734980e-01 6.82649612e-02 2.24600121e-01 1.22803889e-01
  6.34733960e-02 9.98072755e-06 6.13946514e-03 1.62809659e-02
  1.08442523e-01 7.29529113e-02]
 [1.54081136e-01 2.30994463e-01 2.63558894e-01 6.75088763e-01
  4.71580587e-02 1.71107594e-02 7.36899376e-01 2.62062311e-01
  6.36224747e-02 5.42716444e-01 3.10210362e-02 2.97058281e-03
  1.87909342e-02 1.36622667e+00 2.75877446e-01 9.25610423e-01
  6.95121149e-03 4.74699996e-02 1.66263953e-02 9.75590592e-06
  6.74133241e-01 1.84879377e-02 7.80158877e-01 2.08741752e-04
  4.46564376e-01 1.07424664e+00 7.02680230e-01 3.76373410e-01
  3.75159144e+00 3.25753130e-02 8.52787048e-02 1.09068795e-04
  4.24973369e-01 2.83641547e-01 4.21978027e-01 8.35636929e-02
  8.97915438e-02 1.12426527e-01 2.38210941e-03 1.75307432e-05
  1.09506987e-01 2.10908949e-01 1.64575323e-01 2.25485931e-03
  2.90110445e-04 1.51246265e-02 3.08280485e-03 7.05758482e-02
  2.60983944e-01 1.19391598e-01]
 [6.32375538e-01 1.00832689e+00 2.98313588e-01 1.03643715e+00
  1.30125284e-02 7.44457617e-02 9.47841406e-01 3.93412530e-01
  1.16402650e+00 5.64571679e-01 7.21669244e-03 4.87386174e-02
  6.99014068e-01 3.50059956e-01 6.04489088e-01 9.69859302e-01
  9.95260105e-02 4.90372390e-01 7.10478842e-01 5.33143222e-01
  1.41932547e-01 8.84986371e-02 1.97789431e-01 1.44247577e-01
  6.61758959e-01 7.60835826e-01 1.42383963e-01 4.61008012e-01
  3.67630459e-02 5.42854071e+00 7.82285452e-01 7.66313449e-03
  8.80049109e-01 8.57434154e-01 2.93372244e-01 5.64021729e-02
  3.14662494e-02 2.65730172e-01 1.35880550e-02 6.48480956e-04
  4.58575964e-01 1.68805063e-01 7.15818524e-01 4.42063332e-01
  3.14386040e-02 1.06569596e-01 4.02288038e-07 9.02652740e-02
  1.04996741e+00 9.20752212e-02]
 [8.78913403e-02 8.62657368e-01 1.30018875e-01 8.16208482e-01
  2.70102862e-02 8.92534927e-02 7.68992960e-01 6.87819362e-01
  1.55465499e-01 1.21202946e+00 1.18137454e-03 1.87392280e-01
  1.80395618e-02 3.86166841e-01 2.49968022e-01 5.76943159e-01
  1.57793313e-02 2.79095262e-01 2.47333106e-03 1.28171304e-02
  6.23463571e-01 1.27203006e-03 5.29465973e-01 9.34909796e-04
  2.54025795e-02 3.11656063e-03 2.56604820e-01 7.31065512e-01
  5.08057326e-02 3.86053473e-02 7.18802691e-01 6.66261464e-02
  2.38352805e-01 2.68314518e-02 3.17681372e-01 1.35646284e-01
  7.70666003e-02 2.57887155e-01 7.33733468e-04 2.90836697e-03
  4.72585022e-01 8.23531598e-02 6.67279303e-01 4.62191440e-02
  2.72162515e-03 1.93462165e-06 3.96401720e-06 2.60902140e-02
  1.77848160e-01 4.71988656e-02]
 [2.84942947e-02 8.32358181e-01 2.87917674e-01 1.30336785e+00
  3.47349830e-02 8.87220502e-02 4.27649468e-01 1.06610286e+00
  8.08900416e-01 9.85779285e-01 2.03434341e-02 3.38267446e-01
  2.46561691e-03 8.33211184e-01 6.85666442e-01 4.21170294e-02
  2.89260782e-02 8.30842435e-01 3.24748456e-03 2.37487466e-03
  2.93899238e-01 1.44071620e-07 2.78764427e-01 2.27392814e-03
  7.66127408e-01 5.04182339e-01 2.19929814e-01 2.90988743e-01
  1.55020459e-03 3.98577787e-02 4.27337080e-01 2.82263970e+00
  3.46742719e-01 6.62904739e-01 4.01188254e-01 1.61174238e-01
  1.32153541e-01 5.87987363e-01 8.16042069e-03 5.62999703e-05
  2.90858716e-01 6.82887197e-01 3.10328543e-01 1.46211788e-01
  1.51171023e-02 2.66240677e-03 6.03072054e-04 5.34131564e-02
  5.45683354e-02 7.25732297e-02]
 [6.18238049e-03 1.19510627e+00 2.12057397e-01 7.00548947e-01
  7.45440973e-03 2.51673441e-02 2.35938668e-01 8.23493659e-01
  4.86180186e-01 8.22346926e-01 6.93468377e-02 3.48059326e-01
  1.04675353e-01 1.14108765e+00 2.68775225e-01 3.76380503e-01
  7.13272393e-02 5.73490143e-01 8.49687755e-02 2.55567152e-02
  4.27834809e-01 1.27941445e-02 1.43288687e-01 3.99724331e-06
  5.04887104e-01 7.63798952e-01 7.36038268e-01 1.55067518e-01
  6.89179264e-03 9.66948047e-02 3.50174785e-01 7.09024668e-02
  8.14106762e-01 1.01081657e+00 8.53793323e-01 8.84405375e-02
  6.13179468e-02 5.41984677e-01 7.16921815e-04 1.35721611e-02
  9.47536588e-01 2.24364296e-01 6.23434186e-01 4.14722692e-03
  9.32448208e-01 1.66861057e-01 7.07309395e-02 8.84314626e-02
  1.19636767e-02 2.35826280e-02]
 [1.30842060e-01 6.16623580e-01 3.42838794e-01 3.74689251e-01
  7.10787624e-03 1.73487350e-01 7.18860090e-01 7.71859705e-01
  7.01364994e-01 8.47891450e-01 3.48785035e-02 3.57932687e-01
  1.01088630e-02 7.17208087e-01 7.73260882e-03 1.92248262e-02
  2.69632824e-02 7.78494358e-01 1.25074983e-02 2.00665934e-04
  4.24325019e-01 1.65245254e-02 1.03993788e-01 6.94883754e-03
  5.82563043e-01 3.91413808e-01 7.59457231e-01 3.24383318e-01
  1.47378929e-02 9.33962911e-02 3.81927714e-02 3.27099006e-05
  1.11942577e+00 5.86891174e-01 4.08335477e-01 1.80551320e-01
  1.01430126e-01 1.06282413e+00 1.05054147e-04 2.44829450e-02
  1.71259001e-01 7.20826089e-01 1.53920978e-01 4.40873235e-01
  2.75191993e-01 3.03587341e-03 4.16174270e-02 5.08275740e-02
  5.67512929e-01 1.49065167e-01]
 [7.62948513e-01 9.38755333e-01 8.14499736e-01 7.56927729e-01
  1.59370787e-02 2.50461064e-02 3.67731899e-01 9.46954250e-01
  5.05942345e-01 8.29170108e-01 4.05408032e-02 1.68001264e-01
  1.89381406e-01 7.97773421e-01 8.50104213e-01 5.07606089e-01
  3.17872949e-02 1.02219629e+00 9.76335630e-03 6.65381849e-01
  8.34780812e-01 6.96635689e-04 6.09711528e-01 2.02030018e-01
  8.00902918e-02 1.11452758e+00 5.64099312e-01 3.34313303e-01
  5.52698493e-01 3.86929959e-02 1.34700388e-01 5.66184044e-01
  2.15926304e-01 3.98726463e-01 7.02446520e-01 2.75751576e-02
  5.55307493e-02 6.43234968e-01 1.39387786e-01 7.62248933e-02
  7.19454587e-01 7.81922996e-01 1.02152753e+00 2.19128132e-02
  6.32554412e-01 6.63243532e-01 1.66168094e-01 5.32709397e-02
  2.59283900e-01 1.13080004e-02]
 [1.43249497e-01 1.31691062e+00 5.07862031e-01 1.25636482e+00
  4.44214083e-02 1.81254447e-01 1.65523374e+00 1.05934238e+00
  8.99038911e-01 1.58371329e+00 4.84517962e-02 6.91652596e-02
  4.87667555e-03 1.57589102e+00 4.51495379e-01 5.93743265e-01
  2.00576658e-04 1.15149796e+00 2.31985655e-03 1.58937485e-06
  5.33637702e-01 1.01145031e-03 9.87448916e-02 2.77120597e-03
  6.93470716e-01 4.99377072e-01 9.27819729e-01 6.16563223e-02
  7.17628107e-04 6.46814983e-03 6.54662475e-02 2.08049104e-01
  6.83650732e-01 2.59516060e-01 1.36773095e-01 3.49131727e+00
  9.44805890e-02 5.31790972e-01 5.28267212e-03 4.64284734e-04
  4.40349579e-01 2.42743827e-03 7.61389911e-01 6.02398813e-01
  2.04670765e-02 3.55880297e-06 8.60640648e-05 2.40090750e-02
  5.50109625e-01 7.40797305e-03]
 [3.94311510e-02 1.36677349e+00 4.63844687e-01 9.55655098e-01
  4.88080531e-02 5.86528098e-03 8.66477251e-01 7.96032548e-01
  3.54329318e-01 7.39907384e-01 9.84701765e-05 2.39846215e-01
  6.76121533e-01 1.41989782e-01 6.91827178e-01 3.98768306e-01
  2.34710034e-02 6.54313922e-01 5.65948844e-01 2.27431864e-01
  1.61821723e-01 2.26554483e-01 3.71776342e-01 6.05312176e-02
  5.41042984e-01 3.93588692e-01 1.05344105e+00 2.68271029e-01
  2.61659682e-01 3.15971381e-04 5.56662008e-06 2.46061966e-01
  1.87195569e-01 3.36202979e-02 2.12340593e-01 2.79911496e-02
  2.53676701e+00 1.03466678e+00 6.80185485e-06 1.77468449e-01
  7.75631428e-01 3.87945622e-01 4.42072839e-01 1.27217516e-01
  1.36275887e-01 3.34013365e-02 5.65592723e-04 3.71202007e-02
  6.75282419e-01 1.10058479e-01]
 [4.52745110e-01 1.31114215e-01 8.46340582e-02 2.05042899e-01
  7.06908619e-03 5.90885542e-02 6.46514833e-01 8.18730116e-01
  2.06224248e-01 8.49204242e-01 2.38772240e-02 7.42317438e-01
  3.71391058e-01 7.41143644e-01 5.52401543e-01 6.90756738e-01
  1.79307833e-02 1.05387881e-01 3.01657438e-01 1.55958598e-02
  8.14244926e-01 2.74688005e-04 3.96166354e-01 5.13064333e-05
  3.97532076e-01 7.94512093e-01 1.69346139e-01 8.02341998e-01
  3.76626641e-01 4.51562591e-02 5.52642524e-01 5.85240163e-02
  4.52852845e-01 3.33295047e-01 5.72345406e-02 4.64040972e-02
  5.59215471e-02 4.58161443e-01 3.53334326e-04 9.03204754e-02
  1.67805374e-01 5.44191420e-01 7.85056472e-01 4.96626087e-03
  3.63025248e-01 4.23507959e-01 9.67806841e-07 1.65584590e-02
  4.59914692e-02 4.64667566e-02]
 [1.49659500e-01 1.26570761e+00 7.06640244e-01 9.40520227e-01
  2.10398417e-02 1.83669150e-01 1.35223269e+00 3.37520242e-01
  5.16663790e-01 4.52176660e-01 5.99926151e-02 1.48115233e-01
  5.61406557e-03 8.11196327e-01 9.00002658e-01 1.49936128e+00
  2.63534393e-02 7.66854465e-01 1.83471069e-02 2.66685360e-03
  1.34653419e-01 1.30204158e-02 5.68898439e-01 6.41043123e-04
  3.97412479e-03 8.69283736e-01 1.15857029e+00 8.47034678e-02
  6.53790170e-03 6.72663376e-02 9.53906332e-04 3.22825700e-01
  3.17474008e-01 6.15208745e-01 5.18215120e-01 2.34070599e-01
  2.05907188e-02 8.72445762e-01 3.61110163e+00 4.24594991e-02
  6.34428322e-01 5.44848204e-01 9.40402567e-01 5.59258983e-02
  1.16145745e-01 1.98045291e-05 3.67832363e-05 2.14040056e-02
  1.32442608e-01 5.12565374e-02]
 [2.32270956e-01 9.29007530e-01 3.24453861e-01 8.77884388e-01
  7.20222220e-02 2.48877285e-03 3.34567338e-01 5.97970523e-02
  3.84456635e-01 6.16671562e-01 9.00130048e-02 4.84755546e-01
  2.89756302e-02 2.67774522e-01 4.74118173e-01 9.20806944e-01
  7.36260787e-02 5.89307010e-01 3.95655483e-02 1.05444165e-02
  4.55010056e-01 3.01020779e-03 4.53736991e-01 3.02628130e-02
  8.59264135e-01 5.98139524e-01 5.02889574e-01 7.65809536e-01
  9.98823810e-03 8.16910863e-02 6.57297671e-01 2.21635923e-02
  3.88100045e-04 4.34539855e-01 1.87770471e-01 1.09421439e-01
  6.47602528e-02 1.48288265e-01 3.78239958e-04 3.20945215e+00
  6.45440042e-01 6.31698012e-01 1.11128926e+00 4.10041600e-01
  3.77321132e-02 1.36381909e-02 6.96968799e-03 1.39967799e-01
  5.58914959e-01 1.53171808e-01]
 [1.80443987e-01 1.17027715e-01 8.85574743e-02 3.28725785e-01
  1.52253760e-02 1.40573055e-01 1.38371559e-02 3.62926066e-01
  2.80368626e-01 1.41085446e+00 4.82402891e-02 3.63045782e-01
  1.93232740e-03 4.56384301e-01 8.86064395e-03 6.16507471e-01
  9.20032151e-03 2.13000372e-01 7.97608634e-04 1.09057978e-03
  2.43618395e-02 6.07563197e-05 1.04011154e+00 5.15543288e-05
  8.79470706e-02 1.21282411e+00 3.67443860e-01 5.82269549e-01
  4.73988568e-03 3.04702353e-02 2.64801919e-01 1.26803666e-03
  4.90589887e-01 4.38105047e-01 2.31119290e-01 3.62969413e-02
  3.48407379e-03 1.28160911e-02 3.45051126e-03 5.22076851e-04
  4.28350300e-01 1.07539728e-01 3.87791932e-01 5.93882442e-01
  3.73904496e-01 3.88979155e-04 2.70647870e-05 5.92168085e-02
  2.89949268e-01 9.33601856e-02]
 [5.19875228e-01 1.04831731e+00 4.05040890e-01 1.06027281e+00
  2.67010331e-02 8.14576373e-02 3.77614312e-02 1.06534719e+00
  6.97346687e-01 8.95597339e-01 7.43865445e-02 1.13191247e-01
  8.26627854e-03 5.70200123e-02 1.08642742e-01 5.72027087e-01
  6.41507208e-02 1.60821065e-01 6.25035213e-03 4.91402861e-05
  4.57600027e-01 9.95696639e-04 3.93761694e-01 1.64876762e-03
  5.00444829e-01 1.16369873e-01 7.50395656e-01 6.32439032e-02
  4.95722797e-03 9.40217674e-02 2.40937114e-01 6.89248880e-03
  4.78978395e-01 7.04517722e-01 4.17782068e-01 4.29686271e-02
  2.48496961e-02 3.87932479e-01 7.11447734e-04 5.95857622e-03
  1.43460587e-01 6.28085256e-01 1.15024674e+00 7.75000811e-01
  2.23012328e-01 7.14214146e-03 3.35315235e-05 1.14453882e-01
  2.11213559e-01 7.88809732e-02]
 [3.75814140e-01 6.23615324e-01 2.75724620e-01 6.36816397e-03
  5.20739071e-02 1.49809644e-01 5.38449109e-01 7.81009972e-01
  5.33056319e-01 1.01103163e+00 2.69730464e-07 5.59441149e-01
  1.84299075e-04 4.05913174e-01 5.63752770e-01 8.01696420e-01
  2.57443935e-02 5.50955474e-01 4.91485838e-03 4.19881399e-04
  9.12401080e-02 8.28949269e-03 3.33994389e-01 3.79216857e-04
  2.35188776e-03 5.30989826e-01 8.16759393e-02 2.93393940e-01
  1.60484426e-02 4.20403853e-02 1.53325811e-01 4.13055308e-02
  2.49602925e-02 8.83911312e-01 9.39516758e-04 2.43242215e-02
  8.53382237e-03 9.39854562e-01 9.84574575e-03 1.95717048e-02
  6.26638353e-01 3.00981343e-01 7.70894736e-02 3.64313334e-01
  7.05864429e-01 3.50528886e-03 1.54713646e-01 3.36714908e-02
  1.58457428e-01 8.02230164e-02]
 [4.40013528e-01 4.48507875e-01 5.52199602e-01 1.39232978e-01
  5.29282466e-02 1.21575244e-01 1.41882285e-01 8.14143240e-01
  5.16569674e-01 7.71282539e-02 4.37890999e-02 8.24158549e-01
  1.72143072e-01 5.03089070e-01 6.33461177e-01 1.13839760e-01
  1.05968006e-02 1.39899814e-04 2.71704739e-05 5.46136536e-02
  1.20048441e-01 4.14824560e-02 4.08956170e-01 8.39770015e-04
  3.03466022e-01 9.41253722e-01 2.65443087e-01 4.98267889e-01
  6.16763569e-02 9.22590867e-02 1.22185126e-01 1.14129437e-02
  5.17027974e-01 7.44201720e-01 2.17958286e-01 1.33419514e-01
  2.71510705e-02 3.82795691e-01 5.03618685e-05 3.53143215e-02
  1.81615800e-01 7.62766719e-01 4.50446606e-01 5.98063886e-01
  9.32471931e-01 4.59406003e-02 2.19580921e-04 1.72609612e-02
  5.32821774e-01 7.12562278e-02]
 [3.51262003e-01 2.52059877e-01 3.21660354e-03 1.15402997e+00
  1.00117803e-01 1.72105595e-01 4.30650748e-02 1.06145132e+00
  6.59178523e-03 1.10984778e+00 3.29673700e-02 1.07117571e-01
  3.53456996e-02 4.13623095e-01 2.56004304e-01 1.24311389e-03
  7.89344311e-02 4.93609421e-02 6.19381331e-02 1.68730449e-02
  3.74944031e-01 2.62186248e-02 1.04341559e-01 4.37094877e-03
  2.87478454e-02 1.06088197e+00 1.44818977e-01 2.76675727e-03
  3.43772732e-02 6.03815094e-02 4.88044284e-02 4.35529370e-03
  3.34763601e-02 1.67459920e-01 8.57619216e-06 2.74579488e-02
  8.56693983e-02 5.11772633e-01 1.86026527e-03 9.05791149e-02
  3.94648850e-01 1.28052756e-01 3.88305813e-01 1.14530092e-02
  6.38539612e-01 7.65026640e-03 6.95613096e-04 7.10486025e-02
  1.63621553e-05 1.51483253e-01]
 [3.15633237e-01 8.60374808e-01 3.00435364e-01 7.63561487e-01
  1.64560098e-02 1.05619565e-01 1.69090343e+00 1.35420322e+00
  2.62891561e-01 1.42867053e+00 5.15407659e-02 4.28854459e-04
  3.64899300e-02 1.08067644e+00 4.64677989e-01 3.26018870e-01
  1.50800813e-02 5.99172711e-01 6.13676123e-02 1.90816936e-03
  9.42308068e-01 2.25363113e-03 8.29716742e-01 4.54882951e-03
  2.63180822e-01 7.83545017e-01 2.21428368e-02 3.32779586e-01
  4.97767609e-03 9.65879112e-03 9.18106455e-03 3.77587378e-02
  4.76789296e-01 9.05680656e-01 2.68146745e-03 1.40818521e-01
  2.42904216e-01 1.44072485e+00 3.21136099e-06 2.90003717e-02
  8.62283707e-01 7.87834406e-01 1.55649412e+00 1.21681462e-03
  5.23494789e-03 3.79564762e+00 4.37681340e-02 1.88066009e-02
  5.61118960e-01 9.83733753e-06]
 [1.30134565e-03 1.57728636e+00 1.35581670e-02 1.46790016e+00
  4.68182005e-02 1.93361670e-01 4.16098177e-01 1.07531643e+00
  4.39738929e-02 6.41793728e-01 6.68968586e-03 1.70216477e-03
  2.71460158e-03 2.93448307e-02 1.41741186e-02 6.26005530e-01
  6.37383247e-03 8.66366029e-02 7.01162219e-03 2.00848750e-04
  5.91571510e-01 4.73370496e-03 3.71959239e-01 5.53841470e-03
  4.04415607e-01 9.15868998e-01 8.06299411e-03 3.79442185e-01
  1.26576424e-02 6.93882182e-02 2.24548746e-02 3.58838923e-02
  2.47386649e-01 4.25254345e-01 1.13546221e-05 1.13708295e-01
  1.43817917e-01 2.32750624e-01 1.30730253e-02 1.19735468e-02
  1.20412454e-01 9.12433416e-02 1.51166046e+00 2.87348479e-01
  5.37268305e-03 3.12063354e-03 5.77579498e+00 4.02890928e-02
  3.35077643e-01 1.28145888e-01]
 [7.40731880e-02 1.63629580e+00 8.79519340e-03 7.84231246e-01
  3.68092731e-02 2.01957986e-01 3.34427282e-02 1.44288516e+00
  6.99111521e-01 1.90266216e+00 2.84573808e-02 1.62896477e-02
  9.62822512e-03 8.50946367e-01 1.43692076e+00 1.87714603e-02
  7.38453446e-03 1.32768229e-01 1.58781521e-02 1.19760996e-04
  2.61879623e-01 7.37029687e-03 3.10781710e-02 3.78608820e-03
  1.92304589e-02 1.55775046e+00 9.49337427e-03 1.85718406e-02
  8.18968110e-04 2.28574295e-02 6.82514161e-02 2.32366342e-02
  6.33960217e-02 1.81222051e-01 2.85718846e-03 2.02340990e-01
  6.19320199e-04 1.26686907e+00 6.07795891e-06 1.15039479e-02
  1.06841438e-01 1.42418459e-01 1.31540132e+00 1.41827865e-02
  6.24830573e-05 4.51373744e-05 5.06078068e-04 5.40484571e+00
  1.63549732e-04 1.18995018e-01]
 [3.09250802e-01 3.42693925e-01 2.68055946e-02 1.04771614e+00
  1.87355261e-02 1.18805893e-01 9.21523869e-01 5.33452272e-01
  5.18728733e-01 1.34427714e+00 4.71423101e-03 1.54960349e-01
  1.00715272e-03 6.84538901e-01 3.01145852e-01 6.80385649e-01
  8.09767563e-03 7.70725191e-01 1.25703926e-03 3.65145679e-04
  6.71856225e-01 3.18300258e-03 1.03965080e+00 2.43962440e-03
  3.18900228e-01 1.15782523e+00 8.36808503e-01 1.58702642e-01
  1.61125150e-03 4.92006987e-02 2.10960023e-02 1.15900077e-02
  2.11293057e-01 1.24882266e-01 1.53693408e-01 1.49427414e-01
  4.15772572e-02 1.66736543e-01 5.64376824e-03 1.20387329e-02
  2.77009010e-01 5.29561162e-01 3.63198787e-01 1.83620887e-06
  4.01248902e-01 4.64760851e-05 1.23978418e-03 9.18765590e-02
  1.45769548e+00 3.86945494e-02]
 [2.40675770e-02 1.04826975e+00 6.57339334e-01 1.26381493e+00
  4.69670668e-02 1.29879713e-01 1.67352545e+00 1.42794824e+00
  7.06351876e-01 1.80269122e+00 7.33729321e-05 9.14620832e-02
  4.07790329e-04 6.35037422e-01 2.60797173e-01 1.10086083e+00
  1.41615365e-02 7.75259197e-01 2.49415589e-03 1.46280543e-03
  2.93172956e-01 6.24808809e-03 3.29204261e-01 1.85071584e-03
  6.39627576e-01 4.85951781e-01 8.23357880e-01 4.07156348e-01
  2.95573268e-02 3.17453928e-02 6.64981053e-05 1.61750540e-02
  3.22316349e-01 8.44953716e-01 2.89915890e-01 1.27308577e-01
  6.22464307e-02 2.13627562e-01 1.31835486e-03 5.44903683e-04
  3.50008041e-01 3.22702639e-02 2.73128331e-01 1.74090922e-01
  9.44757536e-02 4.43767846e-07 3.62484623e-03 1.03003411e-02
  1.35801062e-02 3.05971432e+00]]
x0 : [2.5664370e+01 2.1937059e-02 1.3448831e+01 1.1278906e+01 6.7172594e-02
 2.6593943e+00 2.8209490e+01 2.4290037e-01 3.8272499e+01 1.4114448e+00
 2.5906108e-02 3.8018974e+01 5.0285744e+01 8.5257506e-01 3.6571438e+01
 5.3770359e+01 1.0639268e-01 3.6402332e+01 8.7517881e+00 1.1452811e+00
 2.2893667e+01 3.0776762e+01 6.6875160e-01 5.0920959e+01 3.0160997e+01
 1.1798605e+00 3.1720068e+01 1.5936449e+00 2.5218982e-01 4.8999294e+01
 2.3978725e+01 1.7073947e-01 2.6048353e+01 2.6031599e+01 5.4520559e-01
 3.9659180e+01 3.1237387e+01 1.1449279e-02 3.1189707e+01 4.2524333e+00
 1.7011175e+00 3.4505234e+01 1.8615078e+01 1.5247981e-01 6.7620997e+00
 3.7483307e+01 7.6462013e-01 3.6649963e+01 4.5513836e+01 7.9005700e-01
 3.4567673e+01 2.2468225e+01 4.1119349e-01 2.5008179e+01 2.8200577e+01
 1.4113476e-02 3.3360149e+01 4.7148567e+01 1.9887814e-03 4.4627724e+01
 3.7760906e+01 5.7310015e-01 2.9564167e+01 5.0991840e+01 9.2227137e-01
 4.4525650e+01 1.4911596e+01 1.5307117e+00 4.1736820e+01 4.3067966e+01
 3.0353235e-02 3.4428326e+01 3.9683838e+01 4.1964203e-01 2.3434866e+01
 7.4019065e+00 2.3591790e-02 2.6367855e+01 1.7892706e+01 7.8601414e-01
 2.5862862e+01 2.5235523e+01 2.4961153e-01 4.8906071e+01 2.7068048e+01
 9.8213536e-01 1.1225258e+01 3.7500626e+01 4.0405294e-01 2.1208647e+01
 2.2364767e+01 3.9724283e-02 3.9940468e+01 4.0422100e+01 1.0905057e-01
 1.3474990e+01 7.1685162e+00 7.3920023e-01 3.9810572e+00 1.4867507e+01
 2.0071553e-01 3.6880035e+01 1.7381357e+01 1.5278071e-01 3.8670700e+01
 4.7770920e+01 1.4773081e-02 4.7743019e+01 4.4306293e+01 2.6034251e-01
 2.4173759e+01 1.4260647e+01 6.3726389e-01 4.5145359e+00 3.7678188e+01
 1.5166296e+00 4.2453407e+01 3.6364750e+01 2.6148021e-01 1.0280067e+01
 3.6557949e+01 1.0658871e-01 2.7016199e+01 1.4904635e+01 1.5884702e-01
 1.6321230e+01 5.3726983e-01 4.7718382e-01 4.2768208e+01 1.9823048e+01
 7.9702638e-04 2.6341339e+01 2.0195543e+01 8.2465148e-01 1.6821114e+01
 4.4564163e+01 2.2495665e-01 5.1955074e+01 4.5768101e+01 9.3935132e-01
 3.5804863e+01 5.4314278e+01 7.7000737e-01 3.9382339e+01 3.7807903e+01
 1.4600283e+00 2.5971775e+01 5.4317898e+01 2.4965979e-02 3.5922901e+01]
nUIV_to_SIR : {'slope': array([11.143113], dtype=float32), 'threshold': array([0.3585331], dtype=float32)}
