SIR MODEL PARAMETERS
beta : 67.5
gamma : 0.75
x0 : [0.99 0.01 0.  ]
num_hosts : 50
NUIV MODEL PARAMETERS
beta : [9.5141369e-01 1.0935901e-03 1.8643332e-03 3.0075223e-03 2.0268667e-01
 3.6424850e-03 4.1313149e-04 3.1777695e-03 2.0173896e-02 1.0803085e-04
 1.1505200e-01 1.1525084e-03 5.4079676e-03 9.2105865e-03 9.7425205e-01
 1.0947997e-02 2.4628095e-01 1.8149450e-02 8.5431457e-02 4.0044528e-03
 1.9235274e-02 2.4501475e-02 2.0301566e-01 1.0104019e-02 3.0820334e-04
 6.2373659e-04 2.7242949e-02 5.2186567e-03 8.1041194e-02 1.1200032e+00
 2.3008471e-03 8.7170221e-04 2.8773868e-02 1.2586871e-03 8.6203641e-01
 1.7676695e-01 2.9795259e-01 4.6189697e-03 4.2758524e-01 7.3908038e-02
 7.1622647e-02 9.5646846e-01 7.6186052e-04 1.1011630e-03 2.0159274e-02
 4.0019811e-05 5.3342158e-01 1.3971051e-03 5.5774838e-02 7.7722341e-01]
delta : [ 3.2452505 15.564353   9.443471   9.632003  15.338618  10.935265
 14.0031805 13.41356   12.81923   11.336371   4.65224    9.797149
 11.626571  11.962541   2.4020445 11.560107  13.290693  14.685092
  4.403376  12.860574   9.880678  12.355896   9.932266  11.487274
 13.684082  11.800461  12.204789  11.163618  10.608816   2.2654097
 14.171196  13.972692   9.706169   9.109076   2.8806288  5.7687745
 12.725615  12.897294  13.328184   7.04546   16.301249   8.584494
 13.721585  14.399914  13.924769   4.045184  12.956937  12.343494
 13.245826  11.930872 ]
p : [0.71548337 0.5084112  1.1328635  0.6308663  0.07417598 1.1566483
 0.6374926  0.1293967  1.1641893  0.17755441 1.1358182  0.6022506
 0.27006665 0.64000344 0.706736   0.18772668 0.77273357 1.03058
 0.01155626 0.18596706 0.25003105 0.22532034 0.65459216 0.01640086
 0.06926069 0.00826033 1.2601798  0.48512414 0.30587304 0.3385053
 0.948258   1.191554   0.07071141 0.34936762 0.60379416 0.20639646
 0.731221   1.3101038  0.4975059  0.6378137  0.9329243  0.00884986
 0.24083433 1.217704   0.19826704 0.11276127 0.00918669 0.11207845
 0.6846026  0.04047898]
c : [ 4.4262004 16.250454  16.651657  16.922653  17.956743  14.723814
 11.907908  16.832209  13.665032  15.490207   9.363219  19.543867
 16.260612  13.225827   7.8237343 17.612059  13.710232  10.896553
 13.778391  17.224884  16.657194   9.823609   4.88876   14.763972
 15.278344  16.6238    10.467305  15.277151  15.261537   4.368577
 18.573757  15.074559   9.3954    16.85185    8.674871  11.955584
 13.052435  15.472981  16.18292   11.746203  19.596882   4.2564025
  8.797273  10.036038  13.9731655 11.867494  18.240873  16.37164
 12.000971  16.149061 ]
t : [[3.87647510e+00 8.97136784e+00 5.85353756e+00 9.37628555e+00
  1.63352501e+00 2.68768120e+00 9.18168545e+00 6.99160004e+00
  5.28174448e+00 1.27785711e+01 1.07179821e+00 6.45538902e+00
  7.32460833e+00 9.55879974e+00 1.42272236e-02 5.44312477e+00
  1.61246395e+00 6.77327299e+00 3.83450054e-02 5.01602459e+00
  2.51688027e+00 1.41239917e+00 3.49451375e+00 2.76082969e+00
  4.98280048e+00 8.65054417e+00 7.51575089e+00 6.22801352e+00
  5.80998838e-01 1.37279741e-02 7.78746223e+00 3.78442955e+00
  6.21614027e+00 7.04004431e+00 6.62201867e-02 6.67586088e-01
  5.80521524e-01 7.37031174e+00 1.53034106e-01 8.89679510e-03
  1.36674109e+01 2.07548246e-01 9.25078392e+00 6.76687193e+00
  6.22326994e+00 1.67242084e-02 4.15630378e-02 4.25920773e+00
  3.58517337e+00 2.67358050e-02]
 [2.78816074e-02 1.22865578e-02 6.35697901e-01 1.60354118e+01
  4.65670884e-01 1.06437421e+00 1.59085512e+01 2.56415486e+00
  1.97113782e-01 1.53827085e+01 7.10558236e-01 1.00245798e+00
  4.34703976e-02 1.54904118e+01 4.41238850e-01 7.00338325e-03
  5.26213408e-01 9.14178252e-01 2.94304937e-02 8.02597761e-01
  8.80055353e-02 1.12136889e+00 1.70390487e+00 1.55827506e-02
  9.76963162e-01 1.44790306e+01 4.80873920e-02 1.32676828e+00
  7.53186107e-01 4.24759209e-01 1.17482462e+01 8.68749738e-01
  6.75909340e-01 8.51696110e+00 1.17585957e+00 7.74498999e-01
  3.91617835e-01 1.17112598e+01 1.52234072e-02 2.01955182e-03
  1.97554901e-01 8.62071157e-01 1.64720440e+01 4.18227386e+00
  5.24957418e+00 4.26772058e-01 3.76803994e-01 4.55290645e-01
  6.28957301e-02 6.52287975e-02]
 [3.14126551e-01 8.84572792e+00 1.29297066e+00 9.77250195e+00
  3.79169822e+00 2.17617202e+00 9.31022263e+00 7.33404875e+00
  6.20648956e+00 9.32312107e+00 1.48069644e+00 4.23779726e+00
  3.47824383e+00 9.48594379e+00 4.29565549e-01 5.40438700e+00
  2.46675897e+00 5.75758123e+00 1.10829914e+00 5.28207541e-01
  4.54047728e+00 2.54675317e+00 9.42921257e+00 7.03364685e-02
  5.68028927e-01 8.39190102e+00 5.41252232e+00 7.12186146e+00
  1.02536738e-01 1.11188579e+00 8.07084084e+00 2.27935433e+00
  1.03607349e+01 8.32221222e+00 6.50352478e-01 1.38119459e-01
  1.14909971e+00 7.73779583e+00 5.54278231e+00 3.60746264e+00
  5.35953093e+00 1.20336480e-01 1.05159159e+01 5.76481581e+00
  6.21432304e+00 9.60217118e-01 3.91535664e+00 1.64058053e+00
  4.38628435e+00 2.40762663e+00]
 [2.03926966e-01 8.61754322e+00 1.00416088e+00 1.40583813e-01
  4.51615477e+00 9.37082916e-02 1.10671387e+01 7.77569008e+00
  5.38929176e+00 1.15350132e+01 5.72273493e+00 4.32129145e+00
  5.96430683e+00 8.12319756e+00 1.97827727e-01 3.05436897e+00
  8.98579229e-03 5.61982012e+00 1.04314005e+00 1.28008975e-02
  2.32455349e+00 5.04280508e-01 5.19309044e+00 4.01582941e-02
  1.47440159e+00 1.14299908e+01 4.78230286e+00 5.50354910e+00
  1.72944069e-02 6.19630337e-01 9.45697689e+00 1.35236075e-02
  4.17013025e+00 9.22076035e+00 7.29016900e-01 9.08894420e-01
  7.45758787e-03 7.84898901e+00 1.28272617e+00 4.43184328e+00
  5.72478819e+00 3.72475833e-01 1.23040495e+01 5.06422663e+00
  5.50424957e+00 1.64392628e-02 3.90894485e+00 6.37469769e-01
  2.93041706e+00 7.91640341e-01]
 [1.04941714e+00 1.10463066e+01 1.41618466e+00 1.05865593e+01
  3.36724892e-02 5.68845928e-01 1.23094692e+01 6.19832134e+00
  2.52466989e+00 1.18101702e+01 4.07943189e-01 5.52038133e-01
  4.09416974e-01 1.19137287e+01 1.12558866e+00 6.02325559e-01
  1.16546042e-02 1.15444434e+00 3.96448314e-01 4.67341766e-03
  2.76133835e-01 9.53969285e-02 7.37901735e+00 3.32648936e-03
  1.39874494e+00 1.04542084e+01 3.09778720e-01 4.33013058e+00
  4.40253764e-01 1.17033863e+00 9.02749252e+00 4.46873695e-01
  6.68326330e+00 7.43063593e+00 6.24420285e-01 7.03340113e-01
  3.12017072e-02 7.88858747e+00 2.66366863e+00 1.57536402e-01
  8.33473492e+00 4.93873447e-01 1.20369940e+01 3.01222157e+00
  5.30791235e+00 8.22206438e-01 1.39258277e+00 1.90177858e-02
  3.82099777e-01 1.09208548e+00]
 [1.34988189e-01 1.53703279e+01 7.29933754e-02 1.30439091e+01
  3.75779819e+00 1.29666691e+01 1.66034393e+01 5.19394875e+00
  1.01629889e+00 1.45640945e+01 1.14726591e+00 3.78264457e-01
  3.02470505e-01 1.39815550e+01 8.94451857e-01 7.53897950e-02
  4.58923072e-01 5.17037332e-01 1.07884862e-01 3.89187157e-01
  1.12754367e-01 6.24370351e-02 5.09669018e+00 1.43531665e-01
  1.22764003e+00 1.44484415e+01 1.05784182e-02 3.26351738e+00
  1.65792613e-03 5.14223635e-01 9.47613525e+00 9.90982473e-01
  5.70483971e+00 8.26708221e+00 5.84493577e-01 2.35988908e-02
  6.99118755e-05 1.05412025e+01 4.89105761e-01 4.00399536e-01
  5.18599606e+00 1.39460608e-01 1.68231163e+01 2.04847574e+00
  4.34927225e+00 1.07987985e-01 1.55693197e+00 4.37683411e-05
  1.39865592e-01 2.23997474e-01]
 [6.78797364e-01 1.32989731e+01 1.08806424e-01 1.41969700e+01
  4.11412477e+00 8.42999995e-01 2.64602546e-02 8.44989491e+00
  1.14172006e+00 1.50439253e+01 3.93612289e+00 5.69819736e+00
  8.63543093e-01 1.45366564e+01 5.17253995e-01 8.74629974e-01
  6.27249014e-03 3.04025531e+00 1.23022473e+00 9.15405273e-01
  1.60623621e-02 1.89994052e-01 6.09614992e+00 1.15104032e+00
  7.07187280e-02 1.36442108e+01 1.47798824e+00 4.23594427e+00
  3.36444438e-01 3.60017627e-01 5.79380322e+00 1.01800299e+00
  2.19579720e+00 1.08524866e+01 1.14856148e+00 5.76822460e-01
  7.33114257e-02 1.29495916e+01 6.01825953e-01 1.16467917e+00
  6.76791525e+00 7.46561273e-04 1.42023382e+01 7.60390568e+00
  9.91416168e+00 1.12210765e-01 3.36862779e+00 2.75090575e-01
  2.51434222e-02 4.97190980e-04]
 [9.96045321e-02 1.56158199e+01 7.86490858e-01 1.42631607e+01
  2.36417913e+00 1.09154058e+00 1.64697723e+01 1.06424034e+00
  5.54742515e-01 1.54147148e+01 1.81291056e+00 4.68037891e+00
  1.68209597e-01 1.69067287e+01 1.50902886e-02 1.72558054e-01
  4.75038774e-02 1.27809322e+00 5.78535208e-03 1.24073648e+00
  3.82664800e-02 1.06363101e-02 4.56743288e+00 1.54600322e+00
  1.60881534e-01 1.53566875e+01 1.10832982e-01 3.06630373e+00
  5.76448977e-01 5.71510568e-02 1.47382469e+01 6.06873930e-01
  4.50327158e-01 1.37262201e+01 3.34568471e-02 1.04412019e+00
  9.58611965e-02 1.37469616e+01 6.76756427e-02 4.70954716e-01
  6.36731434e+00 4.48935255e-02 1.63114796e+01 6.63256025e+00
  8.64883900e+00 2.75581405e-02 8.82416427e-01 4.92006093e-01
  1.32820504e-02 3.49949561e-02]
 [1.34258270e-01 1.25071135e+01 1.27905512e+00 1.48691912e+01
  2.85455227e+00 4.15283084e-01 1.21980896e+01 4.47293234e+00
  2.30249643e+00 1.46162748e+01 1.55444086e+00 1.83767855e+00
  6.58696949e-01 1.30390205e+01 2.68304676e-01 4.72485065e-01
  2.97032911e-02 2.31338644e+00 1.23114192e+00 1.43793523e+00
  1.37986705e-01 1.32196128e+00 6.36524391e+00 1.35741460e+00
  5.83259106e-01 1.20570784e+01 5.49791336e-01 5.20024729e+00
  1.25851020e-01 7.59598389e-02 9.28748417e+00 4.71127450e-01
  2.01690817e+00 9.14558220e+00 5.51087141e-01 7.25719258e-02
  1.60968490e-02 1.09302244e+01 1.09150112e-01 9.50491149e-03
  5.06931210e+00 1.25942696e-02 1.28511229e+01 3.16150355e+00
  6.43530798e+00 4.72234190e-01 1.34138787e+00 5.17350286e-02
  4.80120003e-01 1.05324134e-01]
 [6.36605740e-01 1.18935347e+01 9.43064862e-08 1.44656467e+01
  5.39277935e+00 8.41665208e-01 1.35166321e+01 7.69560194e+00
  2.28000998e+00 8.28999933e-03 1.64471245e+00 2.51934505e+00
  5.89608848e-02 1.25990095e+01 7.34582305e-01 9.09569860e-01
  1.45295018e-03 1.53995037e+00 4.19388622e-01 4.36947457e-02
  6.83896691e-02 3.22347552e-01 5.18263006e+00 4.79744554e-01
  7.62868151e-02 1.21700573e+01 1.87387729e+00 5.19863033e+00
  2.14426652e-01 5.45938671e-01 1.06175556e+01 4.94134240e-02
  1.59305739e+00 1.05114460e+01 9.72444952e-01 1.19925424e-01
  9.80493845e-04 1.06487331e+01 2.64510736e-02 4.53354359e-01
  4.43802309e+00 3.17016593e-03 1.33462715e+01 5.61874628e+00
  2.71955490e+00 8.91068161e-01 2.79170609e+00 5.57368435e-02
  3.54334302e-02 2.20574765e-03]
 [1.24086827e-01 1.46693983e+01 2.92547978e-02 1.33903599e+01
  1.02366340e+00 2.62127787e-01 1.70094738e+01 3.21703506e+00
  3.24180871e-01 1.47760468e+01 1.21854992e+01 2.46592179e-01
  5.68674862e-01 1.59107618e+01 1.02545476e+00 3.58143843e-05
  6.50250077e-01 2.35404144e-03 3.35864276e-01 6.41825682e-06
  2.47567538e-02 1.96299881e-01 1.01111817e+00 2.41532829e-03
  4.57668342e-02 1.48252020e+01 2.23098561e-01 1.57258976e+00
  4.22340274e-01 5.95165133e-01 1.20516796e+01 1.05424857e+00
  2.90832448e+00 9.46996689e+00 8.52135301e-01 3.72986570e-02
  2.42253378e-01 1.11377878e+01 5.91711700e-02 1.02674589e-01
  1.30036163e+00 7.88318273e-03 1.53232431e+01 5.67396522e-01
  3.04472995e+00 5.59633970e-01 1.50259829e+00 2.17405632e-01
  1.41487764e-02 2.29171798e-01]
 [4.91732031e-01 7.71735764e+00 3.51168370e+00 7.13694382e+00
  4.34918594e+00 1.08435225e+00 8.41755676e+00 6.09634781e+00
  5.52363157e+00 7.24488831e+00 2.60603428e+00 7.70680487e-01
  5.35144806e+00 7.34582043e+00 1.01008582e+00 5.14426279e+00
  2.90866637e+00 6.03511286e+00 4.60924804e-01 1.45004833e+00
  4.00888443e+00 3.79767489e+00 7.83390045e+00 3.48137528e-01
  4.41063166e+00 7.48530865e+00 5.39520693e+00 5.92293692e+00
  1.29405117e+00 9.57480490e-01 5.32591152e+00 3.22162437e+00
  7.53584099e+00 6.80329323e+00 4.11794744e-02 3.47166985e-01
  2.66966009e+00 5.77713823e+00 3.12616968e+00 4.45837688e+00
  4.67713165e+00 7.20985889e-01 8.20314121e+00 4.21007490e+00
  4.80497646e+00 4.81964916e-01 3.55823135e+00 2.30378366e+00
  4.95373392e+00 1.71972787e+00]
 [3.82942200e-01 4.70813179e+00 3.80465174e+00 6.52750158e+00
  2.64221597e+00 4.19049168e+00 5.44838810e+00 4.62393379e+00
  3.17907023e+00 6.00832176e+00 2.25846004e+00 6.10140657e+00
  6.60307646e-01 6.63493586e+00 9.23807696e-02 5.97026014e+00
  4.07118225e+00 7.26585579e+00 3.72692609e+00 3.09506130e+00
  5.23806524e+00 3.75450587e+00 7.58584452e+00 1.60741925e+00
  2.66245055e+00 6.12083864e+00 7.39789581e+00 5.64301825e+00
  3.57012105e+00 1.12383926e+00 6.97248745e+00 3.29263210e+00
  8.95000172e+00 6.22269154e+00 3.82766710e-03 6.54725552e-01
  3.27488852e+00 7.37044668e+00 4.15738201e+00 1.61857927e+00
  2.17944980e+00 4.43530142e-01 5.97952175e+00 5.27615833e+00
  7.08653307e+00 8.69796276e-01 3.59222150e+00 3.37333488e+00
  6.33037615e+00 4.52253819e+00]
 [3.18558544e-01 7.20143461e+00 6.76401258e-02 9.76417065e+00
  3.99070287e+00 6.01556957e-01 1.01478472e+01 4.38029051e+00
  5.41872311e+00 7.93696213e+00 5.05755091e+00 4.39349365e+00
  4.88592958e+00 4.81883824e-01 5.41044772e-01 3.36639428e+00
  1.04471612e+00 6.15705872e+00 7.38829553e-01 2.94158399e-01
  2.54512715e+00 3.43359351e-01 7.66042185e+00 1.17209344e-03
  1.45761204e+00 7.89724112e+00 6.20012856e+00 6.25940657e+00
  1.24489993e-01 1.29598662e-01 7.13167858e+00 5.92799902e-01
  2.73638940e+00 5.70821857e+00 3.16145867e-01 6.82044923e-02
  2.14734480e-01 8.86579895e+00 2.31280899e+00 6.69878197e+00
  5.69803476e+00 7.09409535e-01 9.44438553e+00 6.06618500e+00
  5.98632860e+00 8.39743078e-01 3.65188146e+00 7.38273084e-01
  2.43741703e+00 1.08046067e+00]
 [7.14209527e-02 4.95281267e+00 2.47260785e+00 4.63069344e+00
  2.74983644e+00 1.31356609e+00 8.35391045e+00 7.18714714e+00
  4.97170591e+00 7.18740797e+00 7.23505974e-01 5.46980000e+00
  6.25275278e+00 5.86006689e+00 4.68040466e+00 3.48621297e+00
  2.53647614e+00 5.85910559e+00 3.93702030e-01 1.42383432e+00
  5.54158688e+00 5.09884882e+00 8.72556973e+00 1.02172792e+00
  2.30023718e+00 7.00883341e+00 7.49094439e+00 5.52424908e+00
  2.20027845e-02 1.62195593e-01 4.49093771e+00 1.47016954e+00
  7.50513506e+00 5.20803118e+00 1.84454262e-01 2.96871066e-01
  3.37082195e+00 7.22195911e+00 2.85449028e+00 5.98358727e+00
  3.88109374e+00 5.52464545e-01 8.09119701e+00 3.40405798e+00
  6.16605902e+00 7.90453672e-01 2.68986750e+00 2.34574914e+00
  5.56303740e+00 1.55256009e+00]
 [7.19897747e-01 8.09560299e+00 5.55167198e-01 6.62826300e+00
  4.16437864e+00 1.32188290e-01 1.00970259e+01 5.40980768e+00
  5.08978462e+00 9.59879494e+00 4.19964839e-04 2.71269608e+00
  2.80069429e-02 1.00551281e+01 1.30508709e+00 5.98636329e-01
  8.09933960e-01 1.49984944e+00 4.95714605e-01 2.31518835e-01
  1.09690797e+00 2.79448122e-01 5.30531216e+00 8.71755256e-05
  3.80299628e-01 8.88276768e+00 2.07539773e+00 7.84503639e-01
  6.55059516e-02 1.15900052e+00 4.98384380e+00 1.57343224e-01
  5.36258602e+00 4.48250723e+00 5.97431779e-01 7.01368272e-01
  1.39454639e+00 6.29555035e+00 3.64274240e+00 3.13587263e-02
  4.54560804e+00 6.13861442e-01 1.18843222e+01 3.80512738e+00
  2.69822121e+00 6.21357858e-01 3.79471540e+00 1.50996909e-01
  3.21753407e+00 1.50964725e+00]
 [8.03450942e-01 1.35939713e+01 1.07171106e+00 1.21789656e+01
  1.05588782e+00 1.04291701e+00 1.40815516e+01 7.40791416e+00
  8.09195936e-01 1.27785692e+01 3.47549987e+00 3.51371735e-01
  2.08712816e+00 1.38587656e+01 1.17213535e+00 4.30573560e-02
  5.28112316e+00 9.28118303e-02 5.03440678e-01 3.36247832e-02
  5.41830389e-03 3.00247282e-01 1.84241259e+00 6.33227900e-02
  1.16773665e+00 1.13390770e+01 7.52722144e-01 2.78710794e+00
  9.40055028e-02 1.96683984e-02 1.19144058e+01 9.08523798e-02
  7.44759083e-01 1.11993647e+01 6.89707100e-01 6.36578739e-01
  1.54240504e-01 1.00350838e+01 1.08538400e-02 6.23360336e-01
  3.98013878e+00 1.99817955e-01 1.29806957e+01 2.20091558e+00
  8.10971928e+00 6.83468342e-01 2.44173956e+00 7.85652757e-01
  1.86195448e-02 4.30722266e-01]
 [1.41140252e-01 8.78137684e+00 3.39908481e+00 9.77419949e+00
  3.05607343e+00 1.55838168e+00 8.70738888e+00 6.61877441e+00
  5.73973942e+00 9.74227428e+00 3.94260311e+00 5.63886070e+00
  6.70060492e+00 9.90079117e+00 4.26148176e-01 3.62135148e+00
  1.32196474e+00 1.23848963e+00 8.91561866e-01 8.08523819e-02
  5.54098177e+00 4.51463604e+00 8.83241940e+00 2.23738149e-01
  3.23000193e+00 7.65964460e+00 7.00901890e+00 7.82462263e+00
  3.16861778e-01 2.89392639e-02 6.74013042e+00 3.13344765e+00
  8.32347965e+00 8.46049023e+00 1.48605201e-02 7.34268367e-01
  2.77113819e+00 8.40396595e+00 4.08338451e+00 4.84299374e+00
  4.33796215e+00 6.51910245e-01 9.03391743e+00 6.03203249e+00
  7.21351814e+00 4.33648735e-01 2.98257875e+00 1.78230119e+00
  6.54841661e+00 1.68713653e+00]
 [7.62708902e-01 1.06113939e+01 6.50519803e-02 1.10588331e+01
  5.52742100e+00 1.46911631e-03 1.15153151e+01 3.84220529e+00
  3.99198556e+00 1.16758614e+01 3.31809193e-01 3.18633986e+00
  3.45926613e-01 9.72404480e+00 7.55310953e-01 1.12778768e-01
  5.93990207e-01 4.18059969e+00 1.64162197e+01 3.67716342e-01
  1.26095343e+00 1.58595785e-01 8.71514988e+00 8.11313391e-01
  2.23831654e-01 1.00720606e+01 8.70897591e-01 3.98124981e+00
  1.80429651e-03 6.31555498e-01 5.44606543e+00 4.45728153e-02
  7.35005236e+00 5.16803694e+00 4.26152319e-01 2.95080453e-01
  1.01107073e+00 5.39642715e+00 3.31866717e+00 1.12853646e-01
  5.33452368e+00 5.37242703e-02 1.38546743e+01 4.38884020e+00
  5.60829926e+00 1.66068345e-01 3.70766926e+00 1.72741219e-01
  2.33425903e+00 1.55555332e+00]
 [4.44626957e-01 8.27413082e+00 5.90243451e-02 1.00995827e+01
  4.50797081e+00 5.24119258e-01 1.08522625e+01 6.67439413e+00
  5.14435768e+00 1.02234011e+01 1.24048471e+00 3.00544095e+00
  2.13169312e+00 1.01138048e+01 9.55226541e-01 4.48043251e+00
  1.59538555e+00 4.80507803e+00 6.79838121e-01 2.71255851e+00
  2.74296141e+00 2.04728818e+00 8.87969780e+00 4.46071088e-01
  4.67648089e-04 8.35322285e+00 3.86810517e+00 5.93022919e+00
  1.24610913e+00 1.08171427e+00 7.10178137e+00 2.28827715e+00
  7.46347046e+00 6.93619680e+00 7.31143177e-01 1.07237168e-01
  2.34684014e+00 6.58426523e+00 4.32647514e+00 1.73959970e+00
  5.05097961e+00 1.52658239e-01 1.07936192e+01 4.09946489e+00
  5.81235647e+00 2.68454880e-01 4.21515465e+00 9.65849459e-02
  3.69950986e+00 2.81435871e+00]
 [2.03059450e-01 8.79174042e+00 1.15977144e+00 9.78108501e+00
  3.18837523e+00 6.18737102e-01 1.04374676e+01 6.20289898e+00
  5.29960251e+00 8.00940704e+00 4.22476673e+00 6.22628689e+00
  6.06618357e+00 1.01658335e+01 2.32580021e-01 4.36975336e+00
  2.42125607e+00 5.69092035e+00 1.76669061e-01 1.08021535e-01
  1.87144399e+00 1.85301757e+00 7.91967821e+00 2.59188652e-01
  2.38786817e+00 8.03725624e+00 5.75381184e+00 4.41512585e+00
  1.53215301e+00 3.64028096e-01 6.95315981e+00 2.05335474e+00
  6.79675436e+00 7.72233772e+00 5.29192865e-01 2.84974337e-01
  2.12210846e+00 5.87796068e+00 1.89088070e+00 1.40738189e+00
  4.45776701e+00 1.53299458e-02 1.11095772e+01 7.18432522e+00
  7.05351496e+00 6.56343460e-01 2.76923800e+00 7.56926239e-01
  4.18267870e+00 2.05446243e+00]
 [1.45371035e-01 1.06682854e+01 4.87402320e-01 1.20806160e+01
  2.94308829e+00 8.55367705e-02 1.23213520e+01 7.01586199e+00
  4.50250435e+00 1.16334991e+01 5.03937578e+00 4.60963678e+00
  4.34717941e+00 1.23689871e+01 4.48461562e-01 3.85839272e+00
  9.21209991e-01 6.11392403e+00 1.28417480e+00 1.44758582e+00
  1.22465527e+00 4.41871262e+00 8.87896538e+00 4.30307865e-01
  6.22686893e-02 1.04277000e+01 4.06374741e+00 4.99290466e+00
  2.52972394e-01 1.04383519e-02 8.06444740e+00 3.10039788e-01
  3.94406986e+00 8.71258926e+00 2.64292747e-01 4.75323498e-01
  7.32693434e-01 8.81801128e+00 3.18590403e+00 1.98539972e+00
  6.18283272e+00 8.36246684e-02 1.23784189e+01 6.25893068e+00
  6.50977659e+00 6.51934206e-01 2.09250450e+00 3.05401860e-04
  2.03319716e+00 6.61610901e-01]
 [2.49542557e-02 4.73832655e+00 3.47389197e+00 7.19093800e+00
  2.83767843e+00 3.46201730e+00 8.59131050e+00 3.63009238e+00
  6.14515543e+00 7.23531151e+00 3.17231011e+00 4.18720484e+00
  6.14485025e+00 6.95972967e+00 1.97423249e-01 6.01272774e+00
  2.48876119e+00 7.11553240e+00 9.83765841e-01 1.14730835e+00
  3.07471275e+00 6.78376198e+00 1.21864307e+00 7.69074380e-01
  3.04267478e+00 6.66410542e+00 6.69696569e+00 5.63775444e+00
  1.55090857e+00 1.84224844e-01 5.88698530e+00 2.46459126e+00
  7.18670654e+00 6.17809343e+00 3.39839101e-01 7.46596605e-02
  2.28941798e+00 6.55507326e+00 2.15912628e+00 2.22763968e+00
  3.99506426e+00 7.19019175e-02 7.05023289e+00 6.26610374e+00
  4.74273777e+00 1.83126971e-03 2.36613274e+00 2.55790210e+00
  5.76347876e+00 1.75033271e+00]
 [6.23749912e-01 7.95513916e+00 7.32634738e-02 1.06214781e+01
  4.26816463e+00 8.02900195e-01 8.39598751e+00 5.70718288e+00
  5.43129206e+00 1.03790684e+01 5.34299575e-03 4.02706814e+00
  8.39088023e-01 1.06529064e+01 3.10818672e-01 3.88439059e+00
  2.30943346e+00 6.95943785e+00 8.43823373e-01 2.25453109e-01
  3.61665058e+00 1.12960907e-02 9.26162815e+00 4.11579037e+00
  1.48510356e-02 7.94179249e+00 4.05332565e+00 7.12829971e+00
  1.41553080e+00 3.60022241e-04 6.41481352e+00 2.14894938e+00
  1.07039404e+01 7.85208607e+00 7.90079031e-03 1.37927979e-01
  5.35394847e-01 6.28875065e+00 1.86074340e+00 4.59337711e-01
  5.53681040e+00 3.52187271e-05 8.78665733e+00 5.62589407e+00
  5.91802406e+00 1.03657544e-02 4.05366182e+00 1.41262639e+00
  1.03831911e+00 1.76560259e+00]
 [1.00918555e+00 9.65707397e+00 7.60693669e-01 5.53554726e+00
  4.13961172e+00 1.13931201e-01 9.86265659e+00 7.02601528e+00
  5.68937588e+00 9.91607761e+00 1.56039727e+00 4.52606773e+00
  3.64789128e+00 5.05398798e+00 4.75080907e-01 5.66264153e+00
  3.27580643e+00 6.70816135e+00 5.75553477e-01 6.39685750e-01
  4.57953405e+00 2.11152720e+00 1.14206171e+01 2.62659490e-01
  7.15394318e-01 8.59589386e+00 5.74212837e+00 6.37222958e+00
  9.82382953e-01 1.22146297e+00 7.03704596e+00 2.61818981e+00
  1.06782093e+01 6.14090538e+00 1.67703861e-03 2.79171288e-01
  2.46531796e+00 8.13862133e+00 5.69020414e+00 3.53486347e+00
  4.66115522e+00 5.69073319e-01 8.07127094e+00 5.12901258e+00
  7.05292845e+00 1.00648133e-02 4.60477924e+00 1.87226963e+00
  5.98287201e+00 2.87847924e+00]
 [3.88271719e-01 1.12878723e+01 6.06070161e-01 1.24157591e+01
  4.69312048e+00 9.37254310e-01 1.55782242e+01 5.26005793e+00
  8.64365771e-02 1.47485800e+01 2.52696016e-04 5.21302402e-01
  1.39992595e-01 1.54875927e+01 5.67388356e-01 6.81892857e-02
  1.10060953e-01 1.00331008e+00 4.20890570e-01 3.83341312e-01
  9.36997011e-02 7.02521920e-01 3.76451182e+00 2.48942035e-03
  7.26421893e-01 4.17974852e-02 2.02898547e-01 2.02283287e+00
  4.53362137e-01 9.72072721e-01 1.08993835e+01 2.39252895e-01
  1.96063280e+00 7.17688465e+00 1.00690579e+00 3.23596373e-02
  1.58817738e-01 1.00488281e+01 1.83314770e-01 7.07255453e-02
  1.29704034e+00 3.31730455e-01 1.38070526e+01 2.98109102e+00
  6.86988640e+00 8.24176073e-01 5.78895986e-01 1.77363050e-03
  1.08999379e-01 5.15709706e-02]
 [3.41451094e-02 7.86193800e+00 1.37685978e+00 7.46057463e+00
  2.81413460e+00 1.69769430e+00 6.13482380e+00 7.43533134e+00
  7.19663858e+00 6.68674469e+00 4.23760891e+00 3.61591983e+00
  6.18250465e+00 7.56144333e+00 8.25001597e-02 5.97664547e+00
  3.43687177e+00 7.84141350e+00 1.02374226e-01 2.38897395e+00
  3.82481289e+00 3.90653348e+00 8.68390465e+00 1.78201661e-01
  3.60594487e+00 6.87535524e+00 1.26997662e+00 5.56557703e+00
  2.31091166e+00 4.49850023e-01 6.94591522e+00 4.11042738e+00
  5.79347706e+00 7.30454922e+00 1.24314509e-03 6.14159703e-01
  4.18556309e+00 5.06460619e+00 4.51897144e+00 6.21537352e+00
  3.63041258e+00 5.48214853e-01 8.73334789e+00 5.35689831e+00
  4.66442108e+00 1.12370956e+00 2.65608740e+00 2.79998398e+00
  3.95779872e+00 3.20495772e+00]
 [8.76276899e-05 1.62276096e+01 6.08946022e-04 1.42113686e+01
  3.52536254e-02 1.26058984e+00 1.67896538e+01 9.72297072e-01
  1.07602715e-01 1.51884098e+01 8.48952774e-03 1.74879745e-01
  1.03133118e+00 1.66448593e+01 2.22472660e-03 1.06101859e+00
  4.77450818e-01 5.48415519e-02 2.68136144e-01 3.44541162e-01
  5.72529435e-01 1.66828442e+00 1.67226422e+00 7.31244963e-03
  1.28589344e+00 1.52156878e+01 1.16167791e-01 3.16876197e+00
  8.36189032e-01 2.71696355e-02 8.22436333e+00 9.85009432e-01
  1.05641726e-02 7.78536367e+00 3.09470534e-01 7.10116029e-02
  6.86797947e-02 1.22137423e+01 1.37004664e-03 7.48136640e-01
  6.74656153e-01 5.07187769e-02 1.43353701e+01 5.07835090e-01
  9.36506867e-01 2.46259660e-01 4.97023761e-02 9.88424361e-01
  3.83009106e-01 5.52403415e-03]
 [5.81470966e-01 8.97660732e+00 9.46270168e-01 1.07796354e+01
  6.55136490e+00 9.34830531e-02 1.12056417e+01 5.11611891e+00
  2.37954545e+00 1.12234116e+01 7.96205878e-01 2.03007245e+00
  1.72952726e-01 1.23036928e+01 1.10849488e+00 2.61223841e+00
  1.37250619e-02 1.54223502e+00 6.80163801e-01 1.01372266e+00
  1.35065198e+00 2.70908233e-04 8.74266434e+00 9.82201546e-02
  4.41557795e-01 1.05991745e+01 1.24346185e+00 4.78485775e+00
  5.30749941e+00 1.11896920e+00 7.42991686e+00 2.58834381e-03
  7.22038317e+00 5.93151951e+00 2.08801016e-01 4.78466749e-01
  7.51407862e-01 6.00621367e+00 2.61233616e+00 1.18714368e+00
  4.65882778e+00 4.90422636e-01 1.11683064e+01 2.16790342e+00
  3.47836637e+00 3.05125803e-01 4.56943846e+00 2.46756151e-01
  1.36361551e+00 1.70549989e+00]
 [1.07365720e-01 5.63423157e+00 1.95037735e+00 5.86784840e+00
  2.05510092e+00 2.25342989e+00 6.12658405e+00 4.80668020e+00
  6.23204565e+00 4.92367887e+00 2.76558876e+00 4.41955996e+00
  3.79687762e+00 5.21114969e+00 4.52175051e-01 6.02467060e+00
  3.63933396e+00 4.26192713e+00 1.16600379e-01 3.29348612e+00
  3.74037361e+00 5.29040337e+00 7.01789045e+00 2.03112435e+00
  3.64392853e+00 5.11500931e+00 3.31966853e+00 5.20017767e+00
  2.98519158e+00 8.65162563e+00 6.02941656e+00 4.14780807e+00
  5.99774075e+00 5.42662573e+00 2.27518678e-01 9.57941830e-01
  2.02115226e+00 4.24396896e+00 2.24114394e+00 4.72605753e+00
  3.76267242e+00 3.37855309e-01 5.56146860e+00 4.29420376e+00
  4.54967451e+00 7.45036066e-01 3.11718583e+00 3.20466328e+00
  6.11240673e+00 2.50648785e+00]
 [7.43413329e-01 7.33461332e+00 1.54058501e-01 7.52358723e+00
  3.67932034e+00 1.05402505e+00 8.36039162e+00 6.11681414e+00
  4.61241913e+00 8.45788956e+00 2.52479672e+00 3.42613816e+00
  4.43155384e+00 7.25007677e+00 9.99666333e-01 4.68245363e+00
  2.60330415e+00 5.13266468e+00 4.90176141e-01 1.39682770e+00
  4.26544237e+00 7.91866779e-01 1.11976404e+01 3.13470095e-01
  1.66659698e-01 4.50468302e+00 4.63411617e+00 6.48209047e+00
  1.02008557e+00 1.03017509e+00 6.12190247e-01 1.21234763e+00
  6.76496935e+00 4.35236454e+00 1.84016466e-01 5.54945171e-01
  2.91515803e+00 5.75360394e+00 3.64102387e+00 3.85164976e-01
  5.51508379e+00 2.00922415e-01 7.93286133e+00 3.77292657e+00
  3.04709888e+00 7.72399068e-01 2.98357582e+00 1.63541269e+00
  4.14426517e+00 2.42680573e+00]
 [5.65288126e-01 1.03824215e+01 1.65329111e+00 1.25089111e+01
  5.53898191e+00 3.72544318e-01 1.12778921e+01 5.80570364e+00
  3.08018279e+00 1.24297409e+01 5.74040413e-01 3.18616056e+00
  4.78570163e-01 1.17813616e+01 1.21301973e+00 1.05894520e-03
  4.33268445e-03 2.36978030e+00 9.99887064e-02 2.03050539e-01
  5.83744705e-01 3.31022739e-01 3.29988033e-01 1.56223387e-01
  1.30679131e+00 9.84224319e+00 1.51415110e-01 3.68663502e+00
  6.23939872e-01 1.12287068e+00 8.41875362e+00 6.52140522e+00
  5.25067663e+00 6.31881714e+00 1.79249883e-01 6.89540863e-01
  1.63356766e-01 6.82255411e+00 6.49644434e-01 6.47453487e-01
  3.36672211e+00 4.77992520e-02 1.21522875e+01 2.53979445e+00
  3.61145639e+00 1.37506992e-01 3.75114012e+00 9.41502769e-03
  5.99285662e-01 3.14624369e-01]
 [2.41380155e-01 8.27941227e+00 2.73344398e+00 7.74808311e+00
  2.69729447e+00 2.59431660e-01 7.57761765e+00 6.65438080e+00
  5.54667282e+00 7.92116928e+00 4.75130558e+00 4.31858683e+00
  4.62938833e+00 8.71310139e+00 2.96221107e-01 5.05849457e+00
  2.73869514e+00 6.18211699e+00 1.35500598e+00 4.17571105e-02
  4.07763672e+00 2.85453463e+00 6.93656588e+00 6.05011463e-01
  3.62388206e+00 7.32237577e+00 6.38603735e+00 5.40646029e+00
  1.60341752e+00 4.65308242e-02 5.67659092e+00 8.67296338e-01
  1.47581255e+00 7.44008303e+00 1.39456820e-02 5.21380603e-01
  1.49757779e+00 6.76892614e+00 3.01064110e+00 7.92837238e+00
  6.01834297e+00 3.78621668e-01 7.94597197e+00 3.84926033e+00
  6.31567240e+00 4.97864664e-01 2.69248676e+00 1.86364913e+00
  3.09257126e+00 7.49439299e-01]
 [5.50102353e-01 9.15541363e+00 1.26004830e-01 9.72933006e+00
  3.41904521e+00 5.58606803e-01 1.06723232e+01 7.34142828e+00
  6.18866062e+00 1.02902803e+01 5.23585987e+00 5.04050398e+00
  4.23384428e+00 1.02150784e+01 9.59169209e-01 2.03229499e+00
  1.56858468e+00 6.92194033e+00 1.83492050e-01 8.46732914e-01
  3.60988903e+00 2.43613815e+00 1.10473518e+01 5.76985359e-01
  1.26022911e+00 8.77028656e+00 6.15217543e+00 6.83971024e+00
  5.66758990e-01 7.34200239e-01 6.17759228e+00 2.61263371e+00
  7.27530861e+00 5.24482906e-01 9.70881358e-02 5.76861739e-01
  1.25763476e+00 9.04174519e+00 4.48314333e+00 3.73830962e+00
  4.93373156e+00 4.80117768e-01 1.04218512e+01 6.65960217e+00
  6.58042049e+00 3.90530229e-01 3.52836943e+00 1.19069898e+00
  5.04801273e+00 1.90172958e+00]
 [1.40272424e-01 9.83178139e+00 2.88744044e+00 1.06115389e+01
  3.12193489e+00 1.24124996e-02 1.01301308e+01 7.35648775e+00
  5.17383480e+00 1.08197041e+01 2.42466307e+00 4.32177925e+00
  4.31300974e+00 1.04838314e+01 9.07597765e-02 4.62847328e+00
  1.42197573e+00 6.78945160e+00 8.33095491e-01 2.39074278e+00
  3.50115013e+00 3.10504675e-01 8.61553860e+00 4.55233723e-01
  6.79968059e-01 1.01785450e+01 5.39483595e+00 6.11460924e+00
  3.40186572e+00 5.46269231e-02 6.61256361e+00 1.00475681e+00
  6.65582895e+00 7.11267948e+00 4.34287977e+00 7.17419803e-01
  7.64139414e-01 8.26849079e+00 2.72215605e+00 4.39311886e+00
  6.31786680e+00 1.30568743e-01 1.16468773e+01 5.49661446e+00
  6.83839226e+00 1.33281386e+00 3.08127666e+00 7.57694781e-01
  3.36230016e+00 2.88061887e-01]
 [8.05005133e-01 1.18443966e+01 5.22252977e-01 1.23804522e+01
  4.38592577e+00 4.19134438e-01 1.29794044e+01 6.50571251e+00
  2.70479083e+00 1.31548080e+01 1.30568653e-01 3.50787091e+00
  1.37098297e-01 1.30606022e+01 1.04295671e+00 9.28396404e-01
  4.95922230e-02 2.59947634e+00 7.24755526e-01 7.47951269e-01
  3.37765396e-01 9.79902297e-02 5.36448860e+00 4.94301200e-01
  1.36643708e+00 1.12007504e+01 2.70426571e-01 4.78361702e+00
  1.34689301e-01 2.51910150e-01 9.41092777e+00 6.10832572e-01
  4.89142990e+00 7.43508816e+00 4.49879766e-01 1.67161140e+01
  3.77652980e-02 8.11728191e+00 1.22100449e+00 2.64225721e-01
  5.64502239e+00 1.73905075e-01 1.29786797e+01 5.31800985e+00
  6.10625219e+00 4.35144305e-01 3.31134057e+00 5.28201237e-02
  6.20548546e-01 7.91222006e-02]
 [8.67309213e-01 1.30995541e+01 8.03406298e-01 1.11038237e+01
  1.39337766e+00 5.74613176e-03 1.30892820e+01 7.66742468e+00
  1.14524984e+00 1.18054132e+01 1.66387355e+00 2.95761681e+00
  4.95598704e-01 1.13821745e+01 1.24729836e+00 1.72682840e-03
  5.71682639e-02 5.65711975e-01 5.87507427e-01 1.06209004e+00
  2.22850102e-03 9.00059789e-02 5.50806475e+00 1.17624260e-03
  1.23801851e+00 1.07565670e+01 9.11171958e-02 3.96790528e+00
  2.03761607e-02 1.34887710e-01 7.30037308e+00 5.02356291e-01
  5.44438505e+00 8.22849846e+00 5.90416789e-01 1.31756157e-01
  3.52190590e+00 1.12346544e+01 1.00134182e+00 7.59775490e-02
  7.12022924e+00 3.93600583e-01 1.16675358e+01 3.60229802e+00
  8.43298054e+00 9.80816305e-01 3.02991366e+00 4.68699515e-01
  2.34164298e-01 1.23286530e-01]
 [1.33064374e-01 4.97509813e+00 2.17671394e+00 5.96043634e+00
  2.54473329e+00 1.70734334e+00 7.95370531e+00 6.80112219e+00
  5.01929188e+00 7.36711216e+00 3.43237400e+00 5.49242306e+00
  6.28824949e+00 7.60873461e+00 1.21998228e-01 6.29457188e+00
  2.44456601e+00 5.33695793e+00 2.83667564e-01 1.70910120e+00
  5.70488310e+00 1.18003690e+00 6.95851088e+00 1.27917969e+00
  3.99733162e+00 6.96632051e+00 5.76411533e+00 7.07521486e+00
  4.61017227e+00 3.94519925e-01 5.98443651e+00 2.33496332e+00
  6.73760176e+00 5.80161953e+00 2.34130904e-01 6.66905224e-01
  3.65588927e+00 9.74296153e-01 3.41857910e+00 7.90187693e+00
  3.03180099e+00 5.12043655e-01 7.73088026e+00 3.41011930e+00
  5.14942598e+00 7.02562213e-01 3.20539594e-01 1.55061781e+00
  4.05425978e+00 3.42893267e+00]
 [1.08623266e+00 1.09962025e+01 1.52972960e+00 1.01911516e+01
  4.02790356e+00 2.08484471e-01 1.16926680e+01 6.73574400e+00
  2.90055466e+00 1.24032488e+01 3.22310656e-01 3.38386321e+00
  1.68070719e-01 1.17618713e+01 1.02706158e+00 1.41085565e+00
  8.02118063e-01 2.43301892e+00 5.58341295e-02 1.14056158e+00
  4.87727612e-01 2.45086640e-01 7.70441580e+00 7.88641945e-02
  1.03135467e-01 1.01313534e+01 5.48614979e-01 5.32022905e+00
  6.54507339e-01 1.23880196e+00 6.14702559e+00 3.38283964e-02
  7.86550283e+00 7.33633471e+00 1.27668023e-01 6.79815710e-01
  5.84181190e-01 8.45961094e+00 8.88005048e-02 1.01081252e-01
  6.45554161e+00 6.26502752e-01 1.15910063e+01 3.43817830e+00
  6.56035185e+00 1.39189303e-01 4.54733849e+00 1.08741957e-03
  6.89438343e-01 1.21363723e+00]
 [1.84535757e-01 6.38389874e+00 4.10069418e+00 6.32853127e+00
  2.82447100e+00 2.17332149e+00 6.66446638e+00 3.55031323e+00
  5.55237389e+00 5.79171801e+00 1.68097126e+00 5.65562105e+00
  4.67037630e+00 5.92014742e+00 3.56581599e-01 6.75711346e+00
  2.83337212e+00 6.26387405e+00 1.46941036e-01 2.09049678e+00
  5.15696192e+00 6.15481043e+00 6.70566320e+00 7.14767337e-01
  5.48232412e+00 5.61117029e+00 6.14548874e+00 6.37987995e+00
  2.53800774e+00 1.16311145e+00 6.30674076e+00 2.81329608e+00
  3.85006666e+00 5.62837601e+00 5.73150627e-02 7.10313797e-01
  2.53200769e+00 5.15076685e+00 3.47747755e+00 7.49035597e-01
  4.10544300e+00 9.79356647e-01 7.07981205e+00 5.63990688e+00
  4.76666975e+00 2.56531566e-01 2.44855237e+00 2.91281009e+00
  6.52787066e+00 4.19890547e+00]
 [1.16711187e+00 8.27587414e+00 4.00038987e-01 9.42051411e+00
  3.81003428e+00 1.19123414e-01 8.50800514e+00 4.65894413e+00
  2.61676931e+00 1.25994463e+01 8.85626376e-01 1.75107968e+00
  6.45122230e-01 1.11577492e+01 1.06861925e+00 7.57872701e-01
  3.99459839e-01 1.41726470e+00 5.12016237e-01 3.27517688e-01
  2.16674879e-01 5.35757959e-01 7.36978865e+00 4.63612676e-01
  1.97602231e-02 1.06207285e+01 3.10158014e-01 4.62788200e+00
  5.33831656e-01 1.18648362e+00 6.48802471e+00 4.21856483e-03
  9.02679157e+00 5.77113771e+00 5.37711740e-01 7.08144307e-01
  4.10033837e-02 3.89317751e+00 8.53613555e-01 9.62660968e-01
  2.79157814e-02 5.41223645e-01 1.19131908e+01 3.39390612e+00
  4.38070774e+00 1.15047902e-01 4.32257223e+00 2.96823997e-02
  1.56092000e+00 1.63152206e+00]
 [1.13897726e-01 5.20984316e+00 3.34024501e+00 5.79222870e+00
  3.98902702e+00 2.53706503e+00 3.51196909e+00 5.33646202e+00
  4.95295048e+00 4.62661219e+00 2.16202283e+00 2.52218461e+00
  6.03546762e+00 2.49730682e+00 4.84145759e-03 3.69406319e+00
  2.84431100e+00 4.96922779e+00 9.62716103e-01 2.61849308e+00
  3.81155658e+00 1.88488817e+00 6.49273968e+00 1.67059851e+00
  3.66123390e+00 2.47768021e+00 8.10524559e+00 2.83458996e+00
  2.32691693e+00 1.70137677e-02 3.35624886e+00 3.51269889e+00
  6.25138044e+00 5.10128260e+00 8.01290795e-02 1.93701033e-02
  4.07110834e+00 4.69141006e+00 4.24271774e+00 1.69762659e+00
  2.87238216e+00 1.56958187e+00 5.98757362e+00 5.58582067e+00
  3.52726030e+00 7.95383573e-01 1.88149917e+00 2.80846930e+00
  4.70635223e+00 2.58628750e+00]
 [2.39277884e-01 7.50154018e+00 2.86225772e+00 5.93338108e+00
  3.67788434e+00 1.36830437e+00 8.92524529e+00 6.62413263e+00
  5.61435032e+00 8.84269333e+00 4.13679504e+00 4.30746269e+00
  6.07158375e+00 7.92054367e+00 3.43223929e-01 5.47962046e+00
  2.18865228e+00 6.87200880e+00 5.63551366e-01 1.12488103e+00
  2.76355386e+00 2.37287092e+00 7.05107737e+00 7.08541691e-01
  1.90418518e+00 7.21464252e+00 5.62740088e+00 5.88857365e+00
  1.13904595e+00 7.14794546e-02 5.08646107e+00 7.72292137e-01
  4.42498255e+00 7.42344809e+00 3.96605283e-01 1.24544978e+00
  2.93521613e-01 8.13509560e+00 2.46943212e+00 3.53075552e+00
  4.93944502e+00 7.04503119e-01 6.50345564e-01 5.99708414e+00
  6.12826824e+00 4.57779229e-01 2.67274666e+00 1.28250241e+00
  4.42541313e+00 2.16110134e+00]
 [2.45617658e-01 1.57884617e+01 2.45427359e-02 1.41180696e+01
  5.18771601e+00 1.79589793e-01 1.65730953e+01 1.13373203e+01
  1.94475603e+00 1.16929913e+01 3.29027724e+00 7.66768360e+00
  1.38056910e+00 1.70058346e+01 1.89085096e-01 2.27150843e-01
  1.69039778e-02 5.41849971e-01 1.23368764e+00 1.16192174e+00
  1.16727822e-01 6.64045140e-02 7.97607803e+00 4.24411297e-01
  1.66242182e-01 1.74555721e+01 1.71276081e+00 7.91792440e+00
  1.30631551e-01 7.85601363e-02 1.24663086e+01 7.78692961e-02
  2.24521780e+00 1.57664242e+01 1.24255550e+00 1.12535679e+00
  3.51817682e-02 1.50211802e+01 2.23268971e-01 1.32060981e+00
  7.70523787e+00 1.43418491e+00 1.66638393e+01 1.18022978e+00
  1.20464821e+01 2.55678773e-01 2.81541419e+00 6.36759818e-01
  1.63104400e-01 1.08758003e-01]
 [3.81248772e-01 5.23094654e+00 9.68468964e-01 8.03813267e+00
  4.18863344e+00 3.18208122e+00 7.39715528e+00 7.45715237e+00
  2.05027032e+00 7.75122261e+00 1.56149077e+00 2.50362968e+00
  1.54731345e+00 7.12994432e+00 5.97920597e-01 3.78213716e+00
  2.88122058e+00 6.86645842e+00 2.84756601e-01 1.55729902e+00
  5.20405912e+00 3.04245353e+00 7.97497654e+00 1.10240650e+00
  1.38808358e+00 7.57531023e+00 8.82101727e+00 2.99578929e+00
  2.26010895e+00 7.22551942e-01 3.18620491e+00 1.84152400e+00
  8.85918808e+00 5.81111526e+00 6.84978902e-01 2.02637181e-01
  2.52687001e+00 7.09212208e+00 4.96834469e+00 4.32060432e+00
  3.22623062e+00 8.80378604e-01 6.97772646e+00 4.83393049e+00
  8.86469841e-01 5.33146679e-01 2.91911125e+00 2.52942395e+00
  3.15421462e+00 3.24225593e+00]
 [1.00856707e-01 8.81713390e+00 1.58439291e+00 9.59478855e+00
  4.27089310e+00 5.75864792e-01 1.08661919e+01 7.89217806e+00
  5.24946260e+00 1.05183592e+01 1.83095431e+00 4.17881870e+00
  4.48707867e+00 9.83308506e+00 6.76019430e-01 4.41690063e+00
  1.81787431e+00 6.02639818e+00 1.71823665e-01 2.60692334e+00
  4.57995272e+00 2.38144016e+00 9.13531780e+00 8.23714808e-02
  2.15991926e+00 8.69782925e+00 5.01158524e+00 6.41338110e+00
  1.52828085e+00 4.79730844e-01 6.92804384e+00 3.20944524e+00
  8.32816887e+00 7.73496580e+00 3.03395778e-01 5.71369171e-01
  3.05332351e+00 9.05254078e+00 4.63393021e+00 5.83402014e+00
  5.63807392e+00 2.96240777e-01 1.13242121e+01 5.43971539e+00
  6.57047701e+00 1.19449701e+01 3.82412100e+00 1.05724144e+00
  4.87103558e+00 4.52579498e+00]
 [9.11283553e-01 1.41127558e+01 7.31896684e-02 1.31379061e+01
  2.46923137e+00 6.81071818e-01 1.54887915e+01 3.09700584e+00
  4.94416445e-01 1.43878088e+01 2.72001266e+00 1.60863463e-04
  3.92118782e-01 1.34638596e+01 1.18882108e+00 4.00600322e-02
  2.59080261e-01 3.20671685e-02 4.32463914e-01 5.73654249e-02
  4.66619618e-02 5.72388113e-01 3.06034279e+00 3.00063491e-02
  1.11138546e+00 1.25244017e+01 6.01315022e-01 1.31061637e+00
  7.15046048e-01 7.13420689e-01 8.71636295e+00 1.01189601e+00
  5.08777094e+00 4.46415615e+00 1.59441575e-01 5.12033761e-01
  1.58796042e-01 6.94426155e+00 7.75647163e-02 6.47899330e-01
  3.40672708e+00 9.10325050e-02 1.41644058e+01 6.79131806e-01
  8.35242629e-01 3.29804748e-01 1.32993686e+00 4.79534030e-01
  1.86913207e-01 1.20338939e-01]
 [5.21325409e-01 1.72491264e+01 6.07558824e-02 1.37738323e+01
  2.35240092e-03 9.32783067e-01 1.71015320e+01 9.79845822e-01
  9.00125951e-02 1.63434219e+01 3.00639123e-02 3.05355359e-02
  3.75466533e-02 1.69085007e+01 7.91366518e-01 5.60938954e-01
  1.52237701e+00 2.81264335e-01 6.10256672e-01 1.92450851e-01
  4.11058255e-02 6.47713721e-01 4.94075447e-01 1.86937824e-01
  3.83306853e-02 1.64420109e+01 1.03872681e+00 1.14475943e-01
  2.42297441e-01 1.89532161e-01 1.38870087e+01 3.14967006e-01
  1.96426737e+00 1.69529760e+00 3.31966877e-01 6.33042216e-01
  1.41805851e+00 8.59468269e+00 1.79297495e+00 6.37679279e-01
  3.33811551e-01 4.38346677e-02 1.57520952e+01 9.44978893e-02
  1.76397234e-01 7.03940988e-01 3.77086736e-02 1.63385906e+01
  3.78182858e-01 2.80924559e-01]
 [4.26948509e-06 1.44250870e+01 4.08576876e-02 1.66092892e+01
  9.15861607e-01 6.92316651e-01 1.90249233e+01 1.46459281e+00
  4.85555865e-02 1.72136402e+01 2.09248494e-02 3.47913317e-02
  1.23119164e+00 1.65094509e+01 6.57061755e-04 1.44136816e-01
  5.11314392e-01 1.09059766e-01 1.31497705e+00 6.30507410e-01
  4.23594862e-01 3.05805475e-01 3.84050059e+00 1.34108157e-03
  1.08299458e+00 1.69245911e+01 7.38562550e-03 1.73111334e-01
  7.94920504e-01 2.16476098e-02 1.15207443e+01 1.04127097e+00
  2.99233776e-02 1.05492220e+01 9.78880703e-01 7.59150740e-03
  3.27878743e-01 1.17726755e+01 2.68772990e-01 6.81416094e-01
  3.16660118e+00 6.11094385e-02 1.52984486e+01 6.21832535e-02
  3.16378760e+00 1.14226073e-01 4.56495909e-03 1.10582435e+00
  7.65108061e+00 8.80673081e-02]
 [8.54135394e-01 1.19977875e+01 8.40382516e-01 1.18947725e+01
  5.15434599e+00 2.80219793e-01 1.45645161e+01 8.14356518e+00
  3.65402269e+00 1.38642483e+01 4.98139679e-01 2.82711101e+00
  4.39696878e-01 1.28488665e+01 8.66075695e-01 1.85353982e+00
  1.47072926e-01 2.36072111e+00 4.61096354e-02 2.78404634e-02
  5.28368354e-01 8.36342096e-01 7.60950041e+00 1.80411547e-01
  1.17769182e+00 1.07996750e+01 2.95436114e-01 5.65283060e+00
  3.90139461e-01 1.14805388e+00 7.06760025e+00 2.28451163e-01
  7.99868631e+00 8.16073418e+00 4.45655823e-01 5.87425292e-01
  1.48620874e-01 7.42254639e+00 2.14739633e+00 7.00706005e-01
  5.59777975e+00 4.66183126e-01 1.30577192e+01 3.54583097e+00
  6.42017078e+00 2.29209363e-02 3.72502828e+00 3.13061252e-02
  5.74366808e-01 1.34433627e+00]]
x0 : [6.88164749e+01 1.53145069e-04 7.16075348e-03 5.13247566e+01
 3.46332625e-03 4.91473407e-01 1.05738419e+02 4.69183862e-01
 8.20102096e-02 4.76600170e+00 9.57720131e-02 6.30525470e-01
 2.01474518e+02 3.89530659e-02 2.51760960e-01 1.92532806e+02
 4.32576269e-01 6.58098981e-02 3.54868126e+01 3.53360802e-01
 2.79859662e-01 1.12847000e+02 9.33153182e-03 1.89431399e-01
 1.12568710e+02 3.80156726e-01 9.80456322e-02 5.37699461e+00
 5.53125083e-01 7.69106925e-01 9.70827484e+01 8.33946988e-02
 9.76394713e-02 9.78089371e+01 4.50091273e-01 1.54157013e-01
 1.20203369e+02 2.47388452e-01 1.08186468e-01 1.60703735e+01
 3.10734868e-01 2.92136699e-01 5.38283119e+01 2.04071119e-01
 8.29505827e-03 1.38394073e+02 1.53573766e-01 9.33007374e-02
 1.74108200e+02 4.48220503e-03 9.39808860e-02 8.82896194e+01
 1.42514789e-02 1.43634200e-01 8.96160889e+01 6.33289386e-03
 7.63863847e-02 1.73673172e+02 2.61503190e-01 7.92241171e-02
 1.37959076e+02 1.66873187e-01 8.27647001e-02 1.57348633e+02
 1.90157115e-01 1.51631787e-01 5.33711662e+01 2.78932571e-01
 2.28359297e-01 1.60180450e+02 3.13692600e-01 1.01650789e-01
 1.56934753e+02 4.57536010e-03 2.60016829e-01 2.94786015e+01
 3.72298270e-01 2.80565262e-01 6.90989227e+01 9.77536142e-02
 1.25934228e-01 9.08767624e+01 3.48452568e-01 1.93338767e-01
 1.14885223e+02 4.16742116e-01 8.93329740e-01 1.13960701e+02
 2.74540763e-02 3.10161799e-01 8.66807785e+01 3.23264534e-03
 2.00235814e-01 1.66406097e+02 1.08979212e-03 2.58054137e-01
 3.12360973e+01 3.67267013e-01 3.14630449e-01 5.62389297e+01
 4.87655886e-02 1.57152653e-01 4.23320808e+01 2.23378874e-02
 9.53362435e-02 1.29159882e+02 2.16118082e-01 5.11578433e-02
 1.74523758e+02 2.03199275e-02 1.06563061e-01 6.31329994e+01
 5.66541636e-03 3.38032991e-01 1.44769180e+02 3.13795090e-01
 1.99036896e-01 1.43772766e+02 1.97444916e-01 2.63061941e-01
 1.47950684e+02 1.73729435e-02 2.10358888e-01 4.21852722e+01
 7.86572248e-02 1.26800847e+00 1.13959336e+00 1.59542204e-03
 7.68667996e-01 7.83515244e+01 5.92272216e-03 1.28604293e-01
 8.40059662e+01 1.60580724e-01 3.43267083e-01 1.27316803e+02
 9.29124095e-03 4.30233143e-02 1.84052429e+02 8.80979449e-02
 1.66850835e-01 2.06171143e+02 1.23669982e-01 1.01436086e-01
 1.37665482e+02 3.00467312e-01 8.19127560e-02 2.10233429e+02
 3.08931023e-01 9.53744352e-02]
nUIV_to_SIR : {'slope': array([11.394935], dtype=float32), 'threshold': array([1.0205023], dtype=float32)}
