SIR MODEL PARAMETERS
beta : 22.5
gamma : 0.25
x0 : [0.75 0.25 0.  ]
num_hosts : 50
NUIV MODEL PARAMETERS
beta : [3.4620434e-03 9.5830532e-04 1.9224992e-02 1.3811760e-01 2.5880121e-02
 1.3609156e-01 2.4058609e-05 1.6094519e-04 8.5314410e-03 4.2686754e-01
 3.4496330e-02 2.6806924e-01 2.4707791e-07 3.0094830e-02 2.6718466e-02
 4.1495154e-05 3.4518106e-07 6.0265092e-04 8.0827640e-06 5.1584564e-05
 5.4421987e-02 5.2263353e-02 4.6683690e-06 1.0143470e-03 5.3465675e-04
 3.4659118e-03 1.6266078e-04 1.7006967e-02 1.5699745e-03 3.3546187e-02
 3.1683236e-04 9.8462664e-02 4.0122129e-02 8.3840469e-06 3.1363950e-03
 1.5503546e-02 1.5704062e-02 4.1174266e-05 6.3544428e-03 8.0537087e-05
 8.6340927e-02 6.5306306e-04 3.6655790e-03 9.3032094e-04 8.8022957e-03
 6.5887964e-04 5.3632951e-01 4.8683488e-01 1.3424632e-01 9.3136258e-02]
delta : [0.19251369 1.1654798  1.1630073  0.19445504 0.27836382 0.15012668
 1.1236017  1.1662232  0.78957194 1.1658056  0.46594068 0.14043948
 0.1468771  0.13443416 1.1653281  0.21002924 0.6187855  1.1749104
 0.6877631  0.16092095 0.13112755 0.19756433 0.13149555 0.25126252
 0.18023165 0.14321457 0.15700361 0.1368372  0.17540707 0.14522815
 0.27145115 0.3257386  0.12922576 0.1340413  0.13421695 0.15796961
 0.27775395 0.9354835  1.3221096  0.13782951 0.5932772  0.42782825
 1.1816758  0.17711249 1.2788724  0.13422269 0.40985355 0.18197511
 1.2551026  0.22946182]
p : [0.23452    0.20003259 0.2000001  0.22046901 0.5406974  1.5954779
 0.20018166 0.19899    0.21773171 0.19999906 0.20314123 1.4565133
 0.41805604 0.40292484 0.20013417 0.5204468  0.1718503  0.20004256
 0.20025463 0.27189288 0.94303507 0.71982473 0.7480553  0.2110267
 0.23341227 0.38329548 0.26649597 0.40980074 0.4594555  2.0701258
 0.20507632 0.3299225  1.1172559  0.531805   0.9971027  1.1413409
 0.48898047 0.19971864 0.04534031 1.297167   0.20298775 0.20874481
 0.20004374 0.23238014 0.17679642 0.635996   0.29383463 0.9066291
 0.02039653 1.0222418 ]
c : [2.3791044e+00 2.3409188e+00 2.3900304e+00 2.3896649e+00 3.1018215e-05
 1.8401636e-06 2.3816202e+00 2.3704813e+00 2.3645527e+00 2.3769536e+00
 2.3506939e+00 1.4427640e+00 2.3249876e+00 2.3746898e+00 2.3305981e+00
 4.0480422e-04 2.3855131e+00 2.3777866e+00 2.3654194e+00 2.3606608e+00
 2.3056982e+00 5.4616106e-05 2.3196876e+00 2.3826990e+00 2.3968675e+00
 2.3894007e+00 2.3930147e+00 2.3556409e+00 3.4817657e-01 2.5029617e-04
 2.3877006e+00 4.0136606e-02 2.1939697e+00 2.3673828e+00 1.9608265e+00
 1.5159386e-04 1.6564698e-08 2.2905097e+00 2.3865383e+00 1.8151487e-01
 2.3534014e+00 1.6604426e+00 2.3798289e+00 2.3941078e+00 2.3672652e+00
 2.3119550e+00 2.0564473e+00 9.7639096e-01 2.3937798e+00 5.0885137e-03]
t : [[3.12399864e+00 2.14660820e-03 5.56887640e-03 1.73231226e-03
  5.63642859e-01 1.27379501e+00 2.19369409e-04 8.21980555e-03
  8.82950798e-03 5.17636363e-06 5.39800346e-01 1.09805347e-04
  1.08036045e-02 7.40600331e-03 5.73629187e-03 3.99020851e-01
  1.78170979e-01 2.06197524e-06 4.72180732e-02 2.09843274e-04
  1.01182435e-04 6.06027126e-01 8.72188341e-03 9.57402140e-02
  9.17145889e-03 1.87733583e-03 7.39400927e-03 2.49488017e-04
  7.42377341e-01 2.78388798e-01 4.99645721e-05 2.17407793e-01
  7.64890428e-05 1.39561898e-05 3.35546732e-02 5.69465645e-02
  9.05681431e-01 1.99794602e-02 3.33313435e-01 3.86585295e-02
  2.67110884e-01 1.29344299e-01 4.29514982e-03 8.84299725e-03
  5.12935745e-04 7.33537525e-02 9.55929816e-01 9.09865022e-01
  9.69055633e-04 4.89519119e-01]
 [4.74347644e-06 4.09650612e+00 1.24007434e-04 8.70449367e-05
  1.74812412e+00 2.11390185e+00 1.01989433e-04 7.46448450e-07
  2.44024266e-02 3.63040192e-04 1.07896924e-01 2.80231470e-03
  1.16202990e-02 4.67886493e-05 1.48404870e-04 3.72006357e-01
  2.47821063e-01 5.71447948e-04 4.40146669e-10 3.57417651e-02
  2.14804616e-03 6.20943785e-01 1.12166333e-06 2.74343881e-09
  3.28350667e-04 6.09321869e-04 1.85253994e-05 5.31569203e-05
  2.10496336e-01 1.73886344e-01 6.56679219e-07 2.75443643e-01
  8.13170103e-04 3.74678173e-08 1.22523343e-03 5.10603011e-01
  1.00146508e+00 3.41549879e-11 1.87838104e-05 6.11518230e-03
  9.11586210e-02 2.38034472e-01 6.22480235e-04 1.07054017e-03
  3.78053119e-06 2.71148216e-02 1.48015991e-01 9.29911554e-01
  7.82693746e-07 2.37302825e-01]
 [9.91083458e-02 1.67097512e-03 3.27063966e+00 5.87709947e-03
  6.26966715e-01 5.00642598e-01 9.58065838e-02 3.67288217e-02
  1.12523980e-01 1.93414593e-03 1.55082300e-01 4.20994395e-09
  4.23740357e-01 3.05239041e-03 1.06363967e-01 6.83331609e-01
  2.52607502e-02 8.51392522e-02 2.67687380e-01 1.83109045e-02
  1.10500418e-01 4.27843213e-01 2.91282702e-02 4.40095514e-02
  1.23150891e-03 2.48883967e-03 4.90035787e-02 3.21336417e-03
  1.66838205e+00 6.75710797e-01 2.15227067e-01 1.64475012e+00
  2.23302528e-01 7.22928867e-02 2.58971125e-01 9.44441855e-01
  7.33376086e-01 7.65357092e-02 8.47146437e-02 4.31141645e-01
  8.45997691e-01 3.22381377e-01 7.06172362e-03 5.37429228e-02
  2.18107691e-03 9.59618241e-02 8.42241347e-02 2.09173784e-01
  7.02036843e-02 2.89565206e-01]
 [1.09952658e-01 8.75368416e-02 8.45166738e-04 1.80665958e+00
  5.23936689e-01 1.28784347e+00 8.96415766e-03 8.48323926e-02
  3.05197328e-01 2.50471896e-03 3.16282421e-01 3.19616087e-02
  3.72617424e-01 4.59203720e-02 1.03285499e-01 5.51099539e-01
  2.60762244e-01 1.44441631e-02 7.67588574e-07 7.60751218e-02
  3.51041853e-02 9.73153114e-01 9.25859287e-02 6.36263117e-02
  5.28789610e-02 4.35373113e-02 1.89934563e-05 3.55805457e-03
  7.48552680e-01 2.41230540e-02 1.69857100e-01 1.24948692e+00
  2.16796505e-03 3.39186415e-02 8.49532261e-02 9.81694937e-01
  6.76487625e-01 2.85974771e-01 6.64663017e-02 2.33346105e-01
  9.54336822e-01 3.38262469e-01 2.81551969e-03 7.18620941e-02
  1.84923992e-01 1.26027346e-01 6.29373342e-02 2.06864655e-01
  1.20174140e-01 1.52584359e-01]
 [4.21602912e-02 9.05907727e-05 6.45378381e-02 2.05819635e-03
  2.02504203e-01 1.63269842e+00 9.97760147e-02 8.61035008e-03
  1.26456827e-01 4.11950704e-03 9.10292193e-02 4.75242585e-02
  1.71202838e-01 9.18910652e-03 1.34493608e-03 3.93404961e-01
  2.45221499e-02 8.43957998e-03 3.80218290e-02 3.22151434e-04
  1.91676236e-06 8.18548620e-01 6.18272461e-02 7.01123383e-03
  3.10549192e-04 2.97644816e-04 1.01274356e-01 2.39615631e-03
  4.81471956e-01 6.30115807e-01 7.16837030e-03 9.71409231e-02
  2.14486327e-02 1.20341498e-03 1.51874544e-03 4.65326995e-01
  1.52190077e+00 6.32198825e-02 4.60088532e-03 2.19333202e-01
  7.08721206e-02 2.02418104e-01 3.66611890e-02 1.42443227e-04
  2.84211872e-08 4.12735082e-02 1.52520478e+00 6.71127498e-01
  1.64124777e-03 1.58131458e-02]
 [1.42229226e-04 1.31397955e-02 3.11632675e-07 2.25937720e-06
  1.58613467e+00 7.70823419e-01 1.32764794e-03 4.84455202e-04
  1.00508956e-02 6.45195684e-08 4.36780825e-02 1.18580461e-01
  8.73111486e-02 1.18295063e-08 2.46667176e-01 8.69048238e-01
  1.95843548e-01 1.63739413e-01 3.03205888e-04 1.97126064e-02
  3.21259795e-05 1.93890762e+00 5.56502968e-08 2.14936645e-05
  6.03353186e-03 6.66374376e-07 8.00004322e-03 1.33219478e-03
  6.17186129e-01 1.79038000e+00 5.07327262e-04 9.09124017e-01
  7.61064172e-01 2.38516455e-04 2.31650382e-01 1.13343096e+00
  7.03637838e-01 6.74225450e-01 4.23413155e-07 1.47542447e-01
  1.69572338e-01 3.38393301e-01 8.69640987e-03 2.74211932e-02
  3.25255562e-03 3.98463663e-03 1.49666989e+00 8.26185524e-01
  4.18063628e-09 1.93059981e-01]
 [2.78960029e-03 4.80533636e-04 7.63066718e-03 1.62774886e-05
  1.40749109e+00 6.17299974e-01 3.80264711e+00 1.85690995e-03
  2.18672175e-02 1.64404028e-05 6.20585382e-01 8.17312673e-03
  1.04609635e-02 5.57733620e-06 4.26735824e-05 2.44731754e-01
  7.03362674e-02 2.71734968e-02 2.50395108e-03 2.55717300e-02
  2.80615920e-03 1.29574135e-01 1.00009972e-02 2.28040945e-02
  6.23749511e-05 1.00037214e-04 6.96604684e-06 3.07744078e-04
  2.95599312e-01 2.57761180e-01 1.15951607e-02 4.88410622e-01
  2.55375198e-06 1.25474560e-06 2.18480141e-04 6.89482570e-01
  1.39089823e-01 1.17272958e-02 6.38772920e-02 1.88427955e-01
  1.17928967e-01 3.55256498e-02 2.24787882e-03 1.14627313e-04
  1.36546167e-02 2.73804348e-02 1.76815897e-01 1.23805535e+00
  7.56209993e-05 7.64014184e-01]
 [5.33682823e-01 8.46412927e-02 5.81473820e-02 2.20001359e-02
  1.08759737e+00 6.17659867e-01 1.31052509e-01 2.37657905e+00
  4.34116811e-01 3.44787836e-02 8.96123707e-01 1.95121750e-01
  1.27012599e+00 3.15928996e-01 1.56550074e-03 1.48228931e+00
  1.66071076e-02 2.10759878e-01 2.51094341e-01 2.35345289e-02
  2.33561918e-01 2.33062005e+00 1.17784701e-01 2.22046021e-02
  8.69977400e-02 1.11290164e-01 1.87113136e-02 1.72437634e-02
  1.23356974e+00 3.85854006e-01 7.88908824e-02 2.34623790e-01
  1.86254773e-02 2.65714005e-02 5.51316977e-01 2.26841569e-01
  1.20453268e-01 1.26803413e-01 5.13573699e-02 1.28316939e+00
  2.03499675e-01 1.51424932e+00 1.91842556e-01 1.19290173e-01
  3.75312902e-02 4.15895879e-02 1.48061737e-01 1.28746718e-01
  1.86924502e-01 8.98192078e-02]
 [9.89958271e-02 1.15194777e-03 1.99627146e-01 1.73974056e-02
  1.20367639e-01 2.94440359e-01 4.39777970e-01 2.95379490e-04
  2.20613480e+00 2.38363355e-04 7.77812481e-01 4.26401338e-03
  1.75798461e-01 2.31867446e-07 1.61275733e-02 6.70655668e-01
  1.06981667e-02 6.07451081e-01 5.82126761e-03 2.21638307e-02
  1.76941656e-04 1.18626809e+00 1.11794636e-01 5.67615815e-02
  4.90217842e-03 2.05910146e-05 1.16532668e-02 1.04252603e-02
  5.97423494e-01 9.67304587e-01 4.56099224e-06 7.22524345e-01
  1.51050544e+00 1.45670935e-03 6.94503129e-01 1.11679649e+00
  4.50243130e-02 1.01299977e+00 3.41863006e-01 5.86209953e-01
  1.21212438e-01 4.15561441e-03 2.80994475e-02 4.69037384e-01
  2.27791015e-02 1.71474814e-02 4.67330813e-01 4.05254483e-01
  1.76321015e-01 7.84446672e-02]
 [1.69878900e-01 1.17559098e-01 1.31271988e-01 1.64384127e-01
  2.41474714e-02 1.19160211e+00 6.52432442e-02 1.85349882e-01
  4.00041401e-01 1.72076857e+00 1.40539980e+00 4.63470578e-01
  4.80987459e-01 6.34039640e-02 2.82058679e-02 3.08799243e+00
  2.27636490e-02 3.43984067e-01 6.71369791e-01 4.33080073e-04
  3.64591211e-01 2.38338947e+00 6.16665261e-07 1.08325556e-01
  2.32241256e-03 3.12067359e-03 2.05150306e-01 4.99563408e-04
  4.45932746e-01 2.36935601e-01 9.42566544e-02 2.20689997e-01
  2.36724868e-01 1.13308810e-01 3.72314632e-01 1.05327320e+00
  2.30929139e-03 7.29144290e-02 1.19870201e-01 8.46230388e-01
  3.92622054e-01 8.86803329e-01 1.79090304e-04 8.95244908e-03
  3.63378495e-01 3.01713169e-01 2.86032017e-02 1.42068515e-04
  1.23160072e-01 2.14630172e-01]
 [5.62287937e-07 6.13289245e-04 1.29267632e-04 1.61675882e-04
  5.74497618e-02 2.05540085e+00 1.37668131e-02 1.40927057e-03
  2.25751594e-01 1.03576959e-03 2.11129522e+00 9.99115128e-03
  8.69060308e-02 2.27849581e-04 5.55180106e-03 1.50617290e+00
  8.73377845e-02 5.78166358e-03 8.69028121e-02 1.06709292e-02
  5.47399558e-03 3.82658660e-01 3.44042480e-03 5.61655983e-02
  1.86679307e-02 9.80766141e-04 1.60426591e-02 7.04588660e-04
  3.47796410e-01 7.06657022e-02 8.57089326e-05 1.65553832e+00
  1.30412911e-06 5.25994365e-05 1.04379840e-01 5.86224198e-01
  1.43234074e+00 1.14222564e-01 6.11293986e-02 3.67258862e-02
  6.99058592e-01 3.76601309e-01 2.63577397e-03 2.41599176e-02
  4.90848906e-03 8.16759886e-04 1.80286810e-01 9.73326266e-01
  7.39086196e-02 6.61637545e-01]
 [4.58942857e-08 1.16992490e-02 5.90135856e-03 3.32093997e-08
  3.55637610e-01 2.08529854e+00 1.85449645e-02 8.56692317e-09
  2.22172657e-05 6.88345452e-08 1.87494963e-01 1.80758357e+00
  2.23943338e-01 2.17774499e-07 1.99041297e-05 1.53652561e+00
  6.40499452e-03 2.96631642e-03 2.93491147e-02 7.89139667e-05
  9.76182150e-07 2.49140501e+00 6.17193151e-03 1.36237504e-04
  1.35115860e-02 6.39658002e-03 2.97795486e-06 1.58666523e-07
  6.82369694e-02 1.33184350e+00 1.31867127e-02 5.29382704e-03
  1.06061222e-02 1.11788022e-03 1.12940080e-01 7.60064662e-01
  2.09022895e-01 5.32056531e-03 4.73258533e-02 1.19132839e-01
  1.14452567e-04 7.99485505e-01 8.07967409e-03 2.79435499e-05
  1.99631476e-08 7.07582198e-03 6.41939556e-03 4.72432464e-01
  5.69630647e-05 3.45415682e-01]
 [2.17865035e-03 2.10620783e-04 2.04372341e-07 4.61073796e-06
  1.27292955e+00 1.59512594e-01 2.06014817e-03 1.73791964e-03
  2.55277418e-02 6.58968588e-07 5.54752290e-01 2.50785053e-02
  2.29248214e+00 4.26940296e-08 2.17162847e-06 1.05140781e+00
  1.05806575e-04 1.39492285e-03 1.94314551e-02 2.54237298e-02
  3.08079092e-04 1.19516540e+00 1.43976382e-03 5.98735455e-03
  1.54556315e-02 4.46219747e-06 7.26304506e-06 9.61182348e-04
  4.36886966e-01 1.17275100e-02 2.26168837e-02 5.06700933e-01
  1.02796689e-01 1.09121549e-06 8.55981633e-02 6.36394024e-01
  7.68689632e-01 1.36134550e-01 1.62499417e-02 4.47654992e-01
  1.30608678e-01 3.94751549e-01 1.51627406e-03 6.35293778e-04
  4.06438718e-03 4.10736958e-03 5.59576452e-01 3.15460593e-01
  4.31775433e-08 6.48282096e-02]
 [1.93406269e-02 6.08992614e-02 4.58184034e-02 1.34520051e-05
  5.37387609e-01 9.68128562e-01 4.05348502e-02 8.70761499e-02
  1.31041944e-01 4.21526842e-03 3.08074683e-01 9.96320881e-03
  2.70431399e-01 2.52514100e+00 2.08999752e-03 5.60705923e-02
  7.45114055e-04 5.50859533e-02 8.54885578e-02 6.67016488e-04
  7.55610759e-04 8.71667385e-01 8.14580619e-02 5.53597056e-04
  8.77753308e-04 1.22316582e-02 1.48202807e-01 7.52953952e-03
  2.15337053e-01 4.49965417e-01 1.96762942e-02 1.37805295e+00
  6.88338354e-02 4.81834024e-04 2.61754096e-01 7.38019824e-01
  6.35771275e-01 2.81510741e-01 4.00741734e-02 4.76493657e-01
  3.33673686e-01 9.64023411e-01 4.79312614e-02 3.43311615e-02
  4.52497886e-07 8.59561861e-02 4.73181605e-02 6.75306559e-01
  5.19698188e-02 1.39589608e-01]
 [5.08502999e-05 1.10814724e-09 8.43232684e-08 6.74034517e-09
  2.24763560e+00 7.49356508e-01 1.51977483e-05 7.05162674e-05
  3.94829584e-07 9.24478627e-06 1.46025699e-03 5.67181036e-04
  1.99560472e-03 3.43475026e-10 5.41059971e+00 4.10805689e-03
  9.27194431e-02 1.28897515e-09 2.92526101e-06 4.41501354e-04
  4.92312829e-04 3.49624574e-01 1.86289473e-08 1.53614497e-02
  2.38873326e-07 9.30635942e-05 1.07358010e-05 4.32767706e-07
  2.10135181e-06 1.45963728e-04 6.97489156e-07 5.67997873e-01
  7.89884336e-09 4.14217799e-10 6.35583001e-06 5.78735769e-01
  2.98893210e-02 1.55484842e-04 2.33688570e-06 1.68426607e-06
  2.11707205e-01 5.96321843e-05 1.87929691e-05 7.87271546e-08
  1.25194686e-06 3.65831852e-07 4.30145364e-11 9.49914455e-01
  5.03348341e-09 1.50389850e+00]
 [1.62564162e-02 6.78502314e-04 3.14290007e-03 8.59355532e-06
  8.66551220e-01 3.76506560e-02 1.48299396e-01 1.38720544e-03
  1.32156014e-01 4.25903295e-08 1.66355893e-01 6.81997463e-03
  4.52649027e-01 1.06976022e-05 2.97330786e-02 6.37974203e-01
  5.97649552e-02 3.69932859e-05 1.57985394e-03 6.72486067e-08
  3.60453327e-04 1.76384068e+00 1.44181922e-02 4.19317484e-02
  1.18292365e-02 4.54882667e-07 3.67925428e-02 7.02213310e-06
  2.18289648e-03 7.68073177e+00 4.47156932e-03 9.26982641e-01
  1.01402146e-03 1.14683537e-02 9.26694795e-02 6.05107963e-01
  6.52040362e-01 4.28378463e-01 8.57516378e-03 1.30434632e-01
  1.12131655e-01 4.35293466e-01 7.49773905e-03 2.40291399e-03
  1.02153262e-02 7.91616272e-03 5.17155290e-01 8.71813297e-03
  2.75719143e-03 8.35645497e-01]
 [2.44729370e-01 2.24627241e-01 2.10517287e-01 1.92269459e-01
  8.34092423e-02 1.07101595e+00 1.73155949e-01 6.02225780e-01
  7.09528804e-01 9.30336025e-03 1.69334069e-01 9.44947606e-05
  3.03434104e-01 3.50236595e-01 4.68064994e-02 5.10386407e-01
  1.85560417e+00 2.16084778e-01 6.45994619e-02 8.11337829e-02
  4.48576733e-02 6.85327113e-01 2.32682824e-02 2.02717528e-01
  7.25242263e-03 4.69477009e-03 4.81654219e-02 1.08596133e-02
  2.91738003e-01 4.39874917e-01 8.08334172e-01 2.05676958e-01
  4.62021858e-01 8.18342641e-02 1.74369946e-01 4.56143767e-01
  6.59373999e-01 1.11468457e-01 3.12377006e-01 2.04071105e-01
  1.68732598e-01 7.84660459e-01 8.10216665e-02 2.63695722e-03
  3.41502041e-01 1.84779435e-01 1.39473006e-01 4.04105902e-01
  2.87697278e-02 3.92592490e-01]
 [8.77348793e-06 2.14638817e-03 1.54525274e-03 6.68138615e-04
  1.39024878e+00 3.02436888e-01 2.55126679e-06 4.40806616e-05
  5.54422013e-06 8.51171615e-04 6.07999265e-01 8.55180610e-04
  8.83293450e-02 6.91424590e-03 2.40994807e-04 2.27096707e-01
  2.12961689e-01 3.84879851e+00 4.97606881e-02 2.17555277e-02
  7.21256540e-04 1.93465427e-01 7.99910413e-05 3.03716920e-02
  2.02931534e-03 1.57614868e-05 7.72102116e-09 9.26872948e-04
  1.02456592e-01 5.92042506e-03 4.61659838e-05 8.32996488e-01
  4.52798046e-02 4.77211113e-04 9.34473611e-03 7.09827423e-01
  6.91205978e-01 5.75072430e-02 1.28579782e-02 3.55378240e-01
  4.52446520e-01 1.04689039e-02 1.66859806e-08 3.25083676e-07
  7.27701845e-05 8.25933833e-03 1.03871119e+00 1.17794120e+00
  2.17436231e-03 6.59532130e-01]
 [2.55067916e-05 8.98018107e-03 1.04561659e-05 2.31051272e-05
  1.87010109e-01 3.61796200e-01 2.41557020e-04 2.30936077e-03
  1.06887914e-01 4.22234734e-05 3.20124060e-01 1.02749523e-02
  3.39097008e-02 1.55634953e-05 1.52782747e-03 2.30111003e-01
  7.00368583e-02 8.85329992e-02 2.28713107e+00 1.21932486e-02
  1.89885078e-03 1.35584509e+00 8.09989590e-03 4.90069725e-02
  3.05699706e-02 1.99422226e-04 1.31058187e-04 6.84985612e-03
  1.31077933e+00 2.32087955e-01 9.73425899e-03 1.02198052e+00
  3.36816967e-01 6.93280436e-03 3.79870646e-02 5.87022424e-01
  1.49583340e-01 4.31641079e-02 1.08811108e-03 2.58905012e-02
  6.63334191e-01 2.24592775e-01 8.42070486e-03 3.58732343e-02
  2.32531652e-02 2.82705612e-02 9.00140643e-01 1.00387585e+00
  7.74476957e-03 3.12426120e-01]
 [1.20022833e-01 9.83024016e-02 1.56085091e-02 2.82600541e-02
  1.65491015e-01 8.33488882e-01 1.37448162e-01 2.33845878e-03
  3.48307677e-02 3.06850742e-03 6.33748591e-01 1.19529918e-01
  2.39399046e-01 1.07803871e-05 2.92953420e-02 4.08668232e+00
  1.57019664e-02 5.27920499e-02 3.52371126e-01 3.71361136e+00
  5.07946610e-02 2.75832629e+00 4.30967426e-03 3.19002382e-03
  4.27044220e-02 6.25369921e-02 1.54047444e-01 1.40595566e-02
  1.09337592e+00 4.13452983e-01 7.64488056e-03 5.95480353e-02
  7.77198758e-04 2.86710984e-03 1.49126947e-01 1.02133131e+00
  7.73283839e-03 1.01986276e-02 1.23275515e-06 1.35778821e+00
  4.45263431e-04 7.27762505e-02 5.15880165e-05 5.57306036e-03
  1.66800455e-04 5.21399044e-02 2.72060657e-04 1.07173848e+00
  7.21902400e-02 3.38238315e-03]
 [3.95100098e-03 3.84733103e-05 4.17923673e-07 2.92767868e-06
  3.01562697e-01 2.01532578e+00 7.28607432e-08 1.43797962e-09
  3.21706078e-10 1.82339261e-06 1.27358764e-01 4.45088372e-03
  1.44146428e-01 2.41381858e-04 1.06806913e-03 1.26949918e+00
  4.46122722e-05 1.27017543e-07 4.49812822e-02 1.86692501e-04
  4.47411251e+00 1.87564564e+00 9.24035921e-05 1.04027167e-02
  1.83123993e-04 3.94488637e-07 5.63236235e-10 5.38383574e-06
  2.68885106e-01 1.16938913e+00 2.14760987e-09 4.93805965e-05
  5.97271901e-05 1.16195106e-05 8.65889742e-05 1.19700003e+00
  1.19331390e-01 4.53991866e-09 2.14265077e-03 8.52204040e-02
  1.22020656e-05 5.58508277e-01 8.58529098e-03 2.04709620e-04
  2.08558319e-07 3.84765561e-03 3.60870287e-02 9.09568727e-01
  1.50060398e-13 1.24409534e-02]
 [5.34622639e-04 1.66855330e-04 9.45816282e-03 5.07055549e-04
  4.05580282e-01 3.53850424e-01 1.42998904e-01 8.22979212e-03
  8.46485235e-03 5.19355399e-06 2.53779233e-01 9.59724281e-03
  3.22860509e-01 4.39685918e-02 1.05848780e-03 6.99180424e-01
  1.46099608e-02 3.60362411e-01 1.54474720e-01 1.43081736e-04
  1.16423443e-07 5.64606190e-01 7.81400949e-02 1.55044748e-02
  3.45727130e-05 1.83458098e-07 9.86863258e-10 8.74832040e-05
  4.37579781e-01 3.64695978e+00 2.13581780e-14 6.78881586e-01
  6.70707077e-02 8.03280063e-03 4.87973094e-01 1.36346471e+00
  5.66897750e-01 3.32875773e-02 5.02179173e-05 4.15207595e-02
  7.74681321e-05 3.82423908e-01 7.93366414e-03 4.12364723e-03
  6.47302659e-05 5.41189360e-03 4.26256895e-01 9.41757917e-01
  1.57145027e-03 4.33086827e-02]
 [5.25659695e-02 2.98647356e-04 2.48336364e-02 6.29213871e-03
  3.02762061e-01 1.13132823e+00 7.85908401e-02 7.82713387e-03
  7.47042745e-02 1.31528471e-02 2.97721118e-01 3.98761971e-04
  2.14365408e-01 8.59289721e-04 5.56871855e-05 2.00622058e+00
  3.74319170e-05 4.55093905e-02 1.72083892e-04 2.84622307e-03
  6.43355190e-04 3.04596448e+00 2.68477988e+00 8.53383273e-04
  2.56238785e-03 1.52991153e-02 2.04170155e-05 7.42087423e-07
  1.37495503e-01 4.24637878e-03 5.27737476e-02 1.09229647e-01
  6.42195297e-03 9.98843752e-05 1.59516528e-01 9.41598475e-01
  2.54281640e-01 5.01082018e-02 6.23138212e-02 2.59913504e-01
  2.40546560e-05 4.14437413e-01 2.44586729e-03 3.33990566e-02
  3.34682767e-07 5.12085529e-03 8.35707039e-02 1.67857364e-01
  9.55510768e-05 2.88112670e-01]
 [2.41743531e-02 3.85179534e-03 5.41009381e-03 1.08320333e-01
  2.57186979e-01 7.37156153e-01 3.24997194e-02 5.29761310e-04
  4.81528938e-02 5.82841337e-02 4.32046801e-01 6.81702513e-03
  5.16940244e-02 1.44362643e-01 2.15455785e-01 2.37447119e+00
  8.25134739e-02 1.29637763e-01 3.03142965e-01 8.78642406e-03
  8.17274395e-03 1.10489142e+00 2.76713818e-03 3.71128535e+00
  4.45312001e-02 3.16974102e-03 2.30879523e-02 2.08620355e-03
  9.43797290e-01 5.82451820e-01 1.46984430e-02 5.57679176e-01
  5.32157004e-01 4.96210121e-02 1.29704207e-01 7.68932402e-01
  7.49371171e-01 1.46629401e-02 5.42861283e-01 1.10041857e+00
  7.40844846e-01 2.97512949e-01 6.22198954e-02 5.86725189e-04
  7.72482890e-04 1.22660786e-01 4.61261533e-02 1.43826738e-01
  7.40393177e-02 4.35249895e-01]
 [2.84213945e-02 1.22464886e-02 1.30872778e-03 6.76751370e-03
  7.65928805e-01 1.32064271e+00 1.43799547e-03 3.06893904e-02
  5.32167368e-02 3.22704110e-03 5.02486005e-02 1.83606129e-02
  1.77065998e-01 4.70032479e-04 2.88733933e-02 1.51974559e+00
  2.80543347e-04 3.15307349e-04 4.97590890e-03 4.91870902e-02
  1.53534318e-04 7.66937971e-01 5.78767695e-02 1.20024860e-01
  3.94513941e+00 5.07918838e-03 8.17521848e-03 2.05943506e-04
  5.79919815e-01 2.16585040e-01 9.05300602e-02 4.75801416e-02
  1.73156448e-02 4.21925038e-02 3.15164365e-02 2.72790134e-01
  6.93865478e-01 8.73354375e-02 1.89846158e-02 2.57508576e-01
  2.16885984e-01 2.18994424e-01 4.21563582e-03 6.48679258e-03
  2.12737229e-02 1.17015220e-01 4.13524657e-01 6.75711453e-01
  5.93485683e-02 6.11530364e-01]
 [3.38737201e-03 8.41892033e-05 1.01216473e-02 1.43937490e-04
  2.27169087e-03 9.63505864e-01 2.82488509e-05 7.50089809e-02
  3.34508047e-02 1.40040927e-03 2.50056028e-01 2.24917848e-03
  6.78265393e-02 9.58098099e-03 4.68678027e-03 2.23649979e+00
  8.32878798e-03 2.27208948e-05 5.85783534e-02 5.15564680e-02
  8.86542723e-03 1.99002194e+00 1.12598715e-02 9.32858288e-02
  6.47055497e-03 3.18079305e+00 1.35861221e-04 1.80999991e-02
  7.16157317e-01 7.00512081e-02 2.59063207e-04 1.17591735e-05
  8.23422306e-06 6.29994553e-03 1.59901031e-03 6.30965710e-01
  3.55144411e-01 2.53455692e-05 5.00781555e-03 7.51155894e-04
  2.28286922e-01 7.96347499e-01 6.37213141e-03 8.37787593e-05
  5.82037633e-03 7.53249675e-02 2.66669363e-01 3.19901258e-01
  4.68459632e-03 3.32409084e-01]
 [3.20517197e-02 1.33143580e-02 3.21985967e-03 1.41308317e-03
  9.81685400e-01 9.33396876e-01 1.83138642e-02 4.69671264e-02
  1.68815076e-01 1.55980582e-03 3.18035901e-01 8.40486679e-03
  1.89681798e-01 8.10718234e-07 2.64320173e-04 5.53962350e-01
  3.94922532e-02 4.44726236e-02 1.05317263e-03 9.93897486e-03
  7.72420084e-04 4.95987505e-01 2.30938122e-02 7.69572183e-02
  2.08922871e-03 1.34244765e-04 3.74684930e+00 1.74505031e-03
  8.05711865e-01 2.19757166e-02 1.16894603e-01 3.43663484e-01
  3.77115584e-03 3.84544750e-04 1.04782738e-01 1.02613473e+00
  2.68517494e-01 9.81072113e-02 3.34472023e-03 1.64175957e-01
  2.13059679e-01 5.62552959e-02 2.81984899e-02 4.34075482e-03
  3.06941997e-02 6.13218918e-02 3.96118641e-01 5.38663268e-01
  5.89378215e-02 2.78156251e-01]
 [3.53233606e-01 1.14946656e-01 2.38929037e-03 4.45419806e-04
  5.64944185e-03 5.99606276e-01 3.14635783e-01 1.53893121e-02
  1.15659550e-01 1.01854196e-02 7.26057449e-03 6.82104751e-03
  3.33587736e-01 1.30269215e-01 1.52389884e-01 6.26100540e+00
  4.91247401e-02 2.78018564e-01 1.06617522e+00 5.43306349e-03
  1.52150035e-01 4.36503458e+00 6.72762236e-03 5.73602729e-02
  5.02236001e-02 9.00059789e-02 2.49954551e-01 3.30409026e+00
  4.86245590e-05 1.65772870e-01 2.53541350e-01 3.91370840e-02
  5.92746809e-02 2.74390355e-03 3.42746884e-01 3.72624770e-03
  1.28608420e-01 5.23739696e-01 1.13302935e-03 6.53626263e-01
  2.36652866e-01 3.85296774e+00 1.84047651e-02 3.69280353e-02
  2.26193992e-03 1.68884974e-02 2.03715697e-01 8.17050189e-02
  1.51685808e-05 1.88457876e-01]
 [1.49721160e-07 4.13115555e-03 8.54677239e-07 5.52041638e-05
  6.94970727e-01 7.41208911e-01 3.13060639e-07 2.99503616e-10
  2.88557466e-02 6.97427229e-12 2.76815658e-03 6.27238095e-01
  1.05119728e-01 1.19554938e-03 3.59712567e-06 2.36128569e+00
  5.27345464e-02 8.93175602e-05 2.62128152e-02 5.46798529e-03
  2.29527615e-03 1.94076824e+00 9.62529238e-03 5.55791482e-02
  4.39726748e-03 4.96335524e-05 2.97940922e-10 8.47711490e-05
  1.38650656e+00 1.38375580e+00 2.93448917e-03 5.41034818e-01
  1.88962780e-02 6.26466572e-05 1.00874521e-01 9.35667872e-01
  2.16927797e-01 9.72225983e-03 2.01718096e-04 4.40153219e-02
  1.42905470e-02 2.43514001e-01 2.47138028e-04 2.52753568e-10
  2.29977514e-03 9.82205849e-03 7.70458937e-01 9.65031385e-01
  2.43885253e-04 3.00856959e-02]
 [1.12838799e-03 2.94120709e-05 5.23561638e-10 6.41952738e-06
  1.50649655e+00 1.34061480e+00 4.79423862e-11 5.35431434e-04
  7.59176537e-02 1.19242959e-05 7.67566889e-05 4.10254719e-03
  5.17677097e-03 6.03016481e-09 7.11521744e-11 6.29888058e-01
  1.36407092e-04 4.38046666e-09 4.25110897e-03 2.50444356e-02
  3.30248577e-06 7.37189293e-01 1.00766720e-05 2.31689773e-02
  3.26303925e-05 2.38256206e-07 1.94394598e-08 2.60505749e-05
  4.81632924e-05 7.41740346e-01 1.82861183e-02 5.43933399e-02
  7.20807066e-06 2.04684093e-05 6.34490505e-07 9.45982635e-01
  1.32076907e+00 1.19233489e-04 9.09388997e-03 7.65146455e-04
  1.26949912e-02 1.93243355e-01 3.66624242e-08 5.55161361e-10
  2.02218871e-07 1.07915362e-03 5.71375713e-02 3.02543998e-01
  7.88250472e-03 7.14374304e-01]
 [1.65716780e-03 8.99155214e-02 6.13213936e-03 1.59034915e-02
  8.92443895e-01 4.12001342e-01 4.04054612e-01 5.15299812e-02
  7.20518874e-03 5.72354682e-02 8.47256929e-02 2.90576048e-04
  5.60878515e-01 1.03132421e-04 6.61438389e-04 9.72071767e-01
  5.30521050e-02 1.56582251e-01 3.65990549e-01 1.25052631e-02
  4.13308218e-02 4.46617603e-01 5.24344631e-02 1.67777147e-02
  2.95736790e-02 6.07441878e-03 1.96985994e-02 4.71082058e-05
  1.87556362e+00 7.10863173e-01 1.94989824e+00 1.11361551e+00
  8.69702101e-01 1.37135910e-03 4.29109931e-01 3.43764007e-01
  3.16289254e-02 8.79753530e-02 3.18931020e-03 1.17442332e-01
  1.26661599e+00 3.07961311e-02 1.78930219e-02 1.18678436e-02
  8.52567423e-03 2.79536974e-02 8.24224770e-01 6.38857365e-01
  2.23918874e-02 5.39336860e-01]
 [2.66705565e-02 3.79870366e-03 1.20542636e-02 3.84941250e-02
  1.93597272e-01 9.08288002e-01 1.05359557e-03 3.56191039e-01
  2.81861901e-01 2.02465616e-03 6.36673093e-01 2.38927960e-01
  5.82499504e-01 1.59097603e-03 9.18548256e-02 5.37561476e-01
  4.89732064e-02 7.38571286e-01 4.17796057e-03 1.33123815e-01
  3.19612287e-02 1.46945405e+00 7.12931142e-05 3.27399839e-03
  1.18757589e-02 1.95017410e-03 3.94338280e-01 3.07692518e-03
  2.51319468e-01 2.64046645e+00 2.58175999e-01 5.42806089e-01
  1.14559746e+00 2.41981037e-02 1.22554219e+00 6.80667162e-01
  2.42160615e-02 8.82077575e-01 1.05076715e-01 5.75713813e-01
  2.01831192e-01 1.53814852e+00 6.15784936e-02 1.98196881e-02
  6.41735876e-03 2.60236282e-02 8.45943749e-01 7.98900723e-01
  2.90066246e-02 4.13222998e-01]
 [3.36797582e-03 1.13821942e-02 4.08510772e-07 2.18401350e-08
  9.86226261e-01 1.93256235e+00 1.74459672e-06 2.30002683e-03
  1.09244706e-06 2.11255565e-06 9.47665572e-02 1.71067644e-04
  8.16693273e-08 1.25620300e-02 6.16699992e-07 3.54961306e-02
  7.32824963e-04 1.04941901e-05 7.09827151e-03 2.76959963e-05
  1.37467532e-06 4.95835632e-01 6.96527492e-03 1.46915716e-10
  2.70510918e-05 4.00351485e-09 2.41908804e-03 1.77633510e-07
  1.39246192e-02 1.12957489e+00 5.24926698e-04 2.49405473e-01
  4.52714443e+00 2.52994266e-03 7.30672106e-02 2.17980623e-01
  7.78747141e-01 2.11940387e-05 6.32212460e-02 1.00096755e-01
  9.14228337e-09 7.49613270e-02 1.25249173e-07 1.45474763e-03
  3.17687022e-06 7.93439511e-04 1.25149384e-01 1.32916403e+00
  8.54393095e-03 6.00527287e-01]
 [6.95231883e-03 6.37986930e-03 2.16316339e-02 1.47326160e-02
  5.24206460e-01 1.20863402e+00 5.98077141e-02 2.69198976e-02
  1.92853436e-01 3.61818093e-04 2.31027812e-01 1.41570682e-03
  7.83504546e-02 6.19622646e-03 3.46757136e-02 1.74772918e+00
  6.92211837e-02 1.61686942e-01 8.26067571e-03 8.44881963e-03
  2.68824515e-03 1.72304153e+00 6.17650636e-02 7.46198297e-02
  6.33490235e-02 1.56249348e-02 1.22066647e-01 2.73685460e-03
  9.02747095e-01 7.78530240e-01 1.42354295e-01 4.97476906e-01
  4.66088951e-01 3.79556251e+00 2.37935498e-01 5.23622811e-01
  3.34649324e-01 3.58591914e-01 3.54946777e-03 2.42400959e-01
  3.29399891e-02 8.43188167e-01 6.92780316e-02 8.78926516e-02
  3.91610013e-03 6.49127364e-02 6.63206428e-02 4.05884087e-01
  1.84121057e-01 1.66670159e-02]
 [6.97498035e-04 2.95197871e-03 3.46334372e-03 2.71496994e-08
  9.63716149e-01 1.36756516e+00 8.06755125e-08 1.05525311e-02
  2.39193810e-06 9.09593061e-12 6.08342141e-02 5.05894772e-04
  3.86856602e-10 3.26380512e-04 5.44575788e-03 2.99600363e-01
  9.55758709e-03 2.16482487e-02 6.50645292e-04 2.23858887e-03
  2.63517397e-03 7.69092381e-01 4.09097856e-06 7.46496161e-03
  7.80147002e-06 8.96191783e-03 2.35444858e-07 1.71340560e-07
  9.43690836e-01 4.39031065e-01 4.93396306e-03 5.64398170e-01
  2.01555874e-08 3.01314329e-09 2.36860228e+00 1.11697865e+00
  7.82761991e-01 1.00224931e-03 9.89301056e-02 2.32448266e-03
  7.21147167e-04 2.42530242e-01 7.03299092e-03 1.16934076e-04
  3.95050938e-06 2.37953477e-03 1.62645981e-01 1.20485556e+00
  2.38329037e-07 7.42776811e-01]
 [7.32567287e-06 4.87874122e-03 2.24871255e-09 6.08555274e-04
  9.94085133e-01 5.06894350e-01 2.59839557e-02 8.18325207e-03
  6.23584837e-02 8.24093760e-04 2.13894490e-02 1.40302768e-03
  1.22163023e-04 1.34533374e-02 1.30555162e-03 1.16690867e-01
  1.40813529e-01 3.27823684e-02 7.54108354e-02 1.50632829e-07
  8.50426004e-05 7.87140012e-01 3.82789993e-04 1.19680138e-02
  1.56647206e-04 4.16305639e-08 2.55553427e-08 5.59302171e-05
  5.39860688e-02 2.49806717e-01 5.57867985e-04 1.59272063e+00
  6.64107362e-03 1.46052953e-05 4.01949976e-03 7.99097955e-01
  9.03251410e-01 6.85655095e-07 1.60748623e-02 2.89765120e-01
  3.69168758e-01 2.44092464e-01 5.40152312e-10 3.89491543e-02
  1.37734532e-04 6.72070833e-04 6.47519469e-01 1.34848881e+00
  4.05552723e-02 1.07209277e+00]
 [5.32766357e-02 1.18280590e-01 6.57198427e-04 7.33061286e-04
  6.59762204e-01 1.26822722e+00 1.00580283e-01 1.31771520e-01
  4.15895978e-04 2.64152215e-04 4.10445839e-01 4.78387587e-02
  3.95426124e-01 9.55506519e-04 6.74355775e-02 5.86870849e-01
  3.56564182e-03 1.34403110e-01 3.28613043e-01 1.02819599e-01
  5.21044012e-06 6.38074100e-01 1.01272672e-05 1.25973955e-01
  2.90839542e-02 4.05776109e-06 9.28600430e-02 4.12920872e-06
  4.91159230e-01 3.16792279e-01 1.89700499e-02 1.10966194e+00
  5.24400473e-01 1.36308344e-02 5.63738793e-02 8.32297802e-01
  1.45020215e-02 1.03188884e+00 4.88806777e-02 4.32475686e-01
  9.56769168e-01 2.05250889e-01 1.31958994e-04 1.39510538e-03
  1.26792461e-01 1.27213523e-01 9.14952874e-01 9.13011909e-01
  2.34537765e-01 2.83150911e-01]
 [2.83262966e-06 1.74676103e-07 2.16547722e-08 5.18553577e-07
  1.44887638e+00 6.04400456e-01 4.31875264e-08 5.32068188e-05
  1.14777313e-05 1.21223047e-06 3.85014974e-02 6.82379905e-05
  3.76226148e-03 2.72052006e-07 7.27618171e-04 1.05873637e-01
  4.44543101e-02 2.72933903e-06 7.95444101e-03 2.55417090e-05
  4.38454590e-05 3.62579554e-01 6.94283813e-08 2.84850388e-03
  2.54694851e-06 6.91325184e-08 1.37478974e-05 4.65076446e-04
  6.80521607e-01 8.07387680e-02 3.06635535e-08 2.47649968e-01
  6.01284182e-06 3.69522652e-08 4.10760578e-04 8.44037354e-01
  1.54080987e-01 3.83145761e+00 4.99472549e-07 1.67611608e-04
  6.55100330e-09 2.77102347e-02 1.35734348e-08 3.64892003e-05
  1.55948976e-06 1.09533314e-03 2.44617656e-01 1.79269564e+00
  1.14988243e-05 5.33625603e-01]
 [5.07326648e-02 5.71777932e-02 5.17298803e-02 1.13545038e-05
  5.22008359e-01 8.94254208e-01 1.52385324e-01 7.64245763e-02
  2.17566397e-02 6.09651033e-06 7.32354343e-01 6.59709871e-02
  1.64063983e-02 1.06546277e-05 7.69197475e-04 8.30481172e-01
  5.69530251e-03 1.10295184e-01 3.78433093e-02 4.02502231e-02
  1.79674043e-06 5.80131114e-01 4.42724191e-02 7.02637136e-02
  5.36542502e-04 1.11481803e-03 9.52775627e-02 2.84917303e-04
  2.96855658e-01 2.14770973e-01 1.18218631e-01 2.37348723e+00
  3.29397619e-04 1.11588044e-03 4.59311038e-01 3.18600208e-01
  7.62733817e-01 1.20609753e-01 2.29837203e+00 3.97424959e-03
  3.24884444e-01 3.13890517e-01 2.88036623e-04 9.05806199e-03
  3.03758591e-01 3.59584689e-02 5.42598926e-02 6.15929842e-01
  3.18546222e-06 3.12635243e-01]
 [1.10809395e-09 7.92242499e-05 4.39465992e-08 2.85266178e-05
  7.29773462e-01 5.98428249e-01 1.43930068e-09 5.55586675e-03
  1.36522453e-06 1.84854299e-09 3.74586461e-03 3.71546694e-03
  3.46407265e-04 2.00284873e-07 1.60299323e-03 1.67022443e+00
  2.60773376e-02 7.38236679e-07 3.37326989e-09 2.13520834e-03
  1.21000594e-04 1.27248323e+00 1.72109296e-08 5.25489636e-03
  1.04686653e-03 3.85778272e-08 9.54792654e-07 1.94444181e-03
  4.98046964e-01 6.16163155e-03 3.48574705e-02 3.71947259e-01
  2.15274511e-07 2.21956231e-08 1.11122274e-04 9.35800612e-01
  6.85708702e-01 2.79244105e-03 2.84222257e-03 1.84880185e+00
  1.15171783e-01 3.52137357e-01 1.97618431e-03 6.21921892e-09
  1.01225545e-04 1.51361164e-03 5.98780036e-01 8.35767627e-01
  1.62668445e-03 1.25732973e-01]
 [2.03771415e-04 1.88566319e-05 3.21691743e-07 8.96743302e-09
  4.97714043e-01 8.70048642e-01 6.50085713e-05 9.60121653e-08
  2.81097946e-05 9.59305000e-03 1.99109182e-01 2.18163636e-02
  3.46156186e-04 2.27357444e-09 3.09351861e-04 1.73691559e+00
  1.25340978e-03 6.37199520e-08 7.55001679e-02 5.10497391e-02
  8.38733922e-06 1.14982486e+00 8.86050761e-02 3.02761691e-05
  2.85005699e-05 1.20515907e-02 3.99332173e-04 3.19163362e-03
  7.10774004e-01 2.96001155e-02 1.35697203e-03 1.84098810e-01
  4.87011336e-02 1.28418026e-06 9.20998901e-02 6.55116588e-02
  1.17215180e+00 8.54295045e-02 1.96765408e-01 7.41051197e-01
  1.64885783e+00 5.46831731e-03 1.22082201e-05 6.72361329e-02
  2.03192746e-03 2.41018068e-02 6.77683484e-03 4.64396447e-01
  6.66578021e-03 7.22682962e-05]
 [4.35978221e-03 1.47329038e-03 3.50012306e-05 2.18100231e-05
  1.09564173e+00 5.23820341e-01 7.79123977e-02 3.04827318e-02
  1.27077317e-02 8.86721755e-05 3.89015615e-01 2.08317131e-01
  4.10747454e-02 1.17637962e-03 6.46193206e-01 9.02475178e-01
  1.24977194e-01 7.14974999e-02 9.84779373e-03 3.29514791e-04
  2.96557951e-03 1.08787060e+00 6.94875102e-10 3.84503230e-02
  1.97504321e-03 8.98034705e-06 8.85900008e-05 2.37863022e-03
  1.01246619e+00 1.76122248e-01 3.67155940e-06 3.30641009e-02
  1.07818499e-01 4.79233777e-03 1.61285233e-02 1.33537400e+00
  4.18056875e-01 4.80899587e-07 4.21354771e-02 3.11880171e-01
  1.34742558e-01 1.78341126e+00 1.92636755e-04 1.53793497e-02
  9.69506521e-03 2.50924863e-02 1.30918264e+00 8.26317489e-01
  2.59804297e-02 9.12724018e-01]
 [9.85409785e-03 3.36709293e-03 5.22196144e-02 4.13327990e-03
  2.75059432e-01 6.65122509e-01 7.39762262e-02 4.00555246e-02
  1.08927391e-01 2.33903620e-02 9.83103923e-03 1.22849951e-05
  2.95327991e-01 8.57394753e-07 4.04145755e-02 2.32813573e+00
  5.94199542e-03 1.46480933e-01 2.07760945e-01 2.66996282e-03
  1.27148093e-03 1.33282518e+00 8.30711997e-06 6.83461037e-03
  1.97897229e-04 4.22717967e-05 1.13861221e-04 2.61399720e-04
  1.62781036e+00 1.72726482e-01 3.36220162e-03 8.98218572e-01
  7.03310221e-03 3.85459699e-02 6.65122718e-02 9.01641995e-02
  7.67855167e-01 4.50489074e-01 6.10185377e-02 4.34794426e-01
  1.18231523e+00 5.37961066e-01 2.15040779e+00 3.98474000e-02
  1.62749924e-02 1.54643389e-03 1.75188124e-01 5.43131649e-01
  6.09717797e-04 1.52573481e-01]
 [2.37120315e-03 2.01314711e-03 7.37005100e-03 8.20432397e-05
  6.91768348e-01 2.48691812e-01 6.42213649e-07 3.28458920e-02
  2.52470672e-02 8.48224663e-05 4.22020942e-01 3.05002928e-03
  7.56641701e-02 1.53276724e-05 2.83160432e-07 1.48932170e-03
  2.20539942e-01 6.40029460e-02 1.06857615e-02 3.07263806e-02
  1.06042411e-04 4.32309896e-01 7.63662829e-05 3.93126793e-02
  2.83908355e-03 5.05517470e-03 5.82063365e-07 5.67589607e-03
  1.15610600e+00 1.73799232e-01 1.88008621e-02 8.57316375e-01
  6.44132448e-03 1.59767718e-04 3.05641268e-04 3.93697232e-01
  1.16200066e+00 4.01289813e-04 3.35924238e-01 1.41762495e-01
  5.89599550e-01 4.13662732e-01 7.73979351e-04 2.38394713e+00
  1.23542920e-02 4.36653197e-02 3.53344589e-01 1.46221113e+00
  2.82307733e-02 4.72902805e-01]
 [4.75647934e-02 5.06032929e-02 4.24738638e-02 1.01458505e-02
  2.74609983e-01 8.65227997e-01 2.08084211e-02 2.22088277e-01
  2.09361762e-01 2.44081742e-03 1.56623051e-01 1.30363717e-03
  2.56540269e-01 1.77023455e-03 1.91724952e-02 9.47954118e-01
  1.25773355e-01 7.11225122e-02 3.47347092e-03 8.99727941e-02
  1.59650687e-02 5.47611952e-01 2.66657248e-02 3.65278274e-02
  4.40472038e-03 1.66674349e-02 7.47555345e-02 2.39880683e-05
  1.55181217e+00 4.36015248e-01 1.35857821e-01 1.35934865e+00
  5.56765437e-01 6.20851424e-05 4.90370065e-01 3.72121483e-01
  9.00604725e-01 3.01189482e-01 3.18985991e-02 4.23138916e-01
  8.23607683e-01 3.69359344e-01 4.51840907e-02 1.10145427e-01
  3.94168997e+00 1.48557022e-01 2.23984867e-02 3.22027415e-01
  3.93862166e-02 2.89372981e-01]
 [5.26940860e-02 3.31472512e-03 5.86511362e-07 1.55705420e-04
  2.17708886e-01 1.46236646e+00 1.06940202e-01 6.04093000e-02
  9.19736400e-02 1.70083884e-02 8.16525042e-01 7.98779950e-02
  6.04877584e-02 8.24221992e-04 1.20547402e-03 4.23833513e+00
  1.77499987e-02 6.16362551e-04 1.73214730e-02 2.54908537e-05
  1.27251282e-01 3.31428766e+00 6.03968538e-02 3.91344838e-02
  4.14134847e-04 6.86557440e-04 5.26462356e-03 8.37716914e-04
  4.65738088e-01 1.20710582e-01 5.58642531e-03 8.18209499e-02
  4.33249719e-04 5.63971652e-03 3.23629603e-02 6.88397944e-01
  3.46802501e-03 2.25662842e-01 3.04467231e-03 7.88052678e-01
  2.53964536e-05 4.78962719e-01 6.63012415e-02 1.18666433e-03
  3.74111580e-04 3.67960691e+00 1.26325935e-02 4.77793485e-01
  3.68972234e-02 4.07255217e-02]
 [9.15075168e-02 8.88188034e-02 2.28333380e-03 5.30903600e-02
  6.91397667e-01 7.97155499e-02 2.91471788e-05 1.08126290e-01
  1.75192341e-01 4.56913853e-07 8.97467881e-03 1.03622012e-01
  9.03008521e-01 2.45036883e-03 2.91512627e-03 1.84393716e+00
  2.10178047e-02 1.58591755e-02 1.25106633e-01 1.23223767e-03
  3.84696461e-02 1.65869713e+00 6.70458525e-02 1.03036799e-01
  3.79655813e-03 1.56826503e-03 2.23213388e-03 3.60955577e-03
  5.36516197e-02 1.18412606e-01 3.56296514e-05 2.37949431e-01
  6.80767670e-02 1.75617737e-04 6.29574835e-01 5.50059140e-01
  1.58011666e-04 4.14064676e-01 1.37261010e-03 8.27592134e-01
  8.89842212e-02 4.13267583e-01 9.03927535e-02 2.22748891e-01
  2.88798604e-02 7.28016123e-02 1.71387112e+00 2.58009106e-01
  2.37966135e-01 1.56625628e-01]
 [3.23838800e-01 1.70141891e-01 9.85533223e-02 1.80622810e-05
  4.00806069e-01 3.89224440e-01 2.46666297e-02 4.27510411e-01
  2.36756369e-01 5.81851192e-02 6.38008893e-01 2.91487247e-01
  1.63041067e+00 5.39390091e-03 2.50338674e-01 1.37251103e+00
  4.25880356e-03 1.85110465e-01 8.97388041e-01 2.37252738e-04
  3.74969319e-02 1.54140604e+00 1.48278810e-02 1.12968042e-01
  5.82100786e-02 1.28035545e-01 2.16031615e-02 2.65551289e-03
  1.77477658e-01 3.71321768e-01 2.55358607e-01 3.73533368e-02
  5.61987996e-01 1.89546607e-02 1.66630650e+00 7.11567223e-01
  3.54539305e-01 9.53210235e-01 1.24722213e-01 1.00169230e+00
  1.34186749e-03 1.45254600e+00 9.91021320e-02 2.19872836e-02
  7.50636980e-02 1.79243520e-01 4.59034443e-01 9.90106881e-01
  2.02183892e-05 1.96331456e-01]
 [4.16705897e-03 2.17668898e-03 2.13058433e-03 4.01787972e-03
  9.18114781e-02 1.39983013e-01 3.59581858e-02 4.59375406e-05
  2.13975310e-02 1.73487626e-02 2.56269947e-02 2.30962760e-03
  8.28279182e-02 2.21422160e-05 7.37311435e-04 1.12098980e+00
  5.26217580e-01 4.91687357e-02 1.72635362e-01 5.11030778e-02
  1.91142922e-03 2.77767211e-01 4.72621582e-02 9.13387910e-02
  2.95049860e-03 2.24315282e-02 3.13588753e-02 2.74141930e-04
  4.19491678e-01 4.27709185e-02 2.53512301e-02 1.23704112e+00
  3.83740553e-05 1.95595203e-03 8.70655931e-04 4.99369413e-01
  1.07359862e+00 1.59201957e-02 5.05201779e-02 4.49894786e-01
  8.53726804e-01 1.74028963e-01 6.19370863e-03 2.20593121e-02
  2.77572405e-03 3.75495367e-02 1.00798213e+00 6.59050107e-01
  3.74851727e+00 8.19772124e-01]
 [1.03242684e-03 1.58353534e-04 2.17157807e-02 4.76667704e-03
  8.22904408e-01 4.08027083e-01 2.04852372e-01 3.44335824e-01
  2.32133552e-01 1.49085689e-02 5.36247492e-01 1.76475532e-02
  2.44708452e-02 7.35454378e-04 5.19444704e-01 1.24925697e+00
  1.26499254e-02 1.66438699e-01 1.82147115e-01 7.10973740e-02
  2.98664346e-03 1.51297748e+00 3.93224967e-04 1.08059920e-01
  8.30903809e-05 4.54270594e-06 1.25087658e-02 8.52076802e-03
  5.11808634e-01 1.07152045e-01 7.97702000e-03 1.03287530e+00
  1.91947632e-03 8.46863477e-05 4.11332220e-01 6.34470105e-01
  8.66604507e-01 1.65130079e-01 1.90246536e-03 1.59785859e-02
  8.07921961e-02 4.63245064e-01 1.04935025e-04 3.76757309e-02
  5.14565818e-02 8.91050790e-04 9.52297628e-01 9.06762958e-01
  3.14496197e-02 3.39162022e-01]]
x0 : [1.6194495e-04 7.3646896e-02 4.0942293e-01 1.2656334e-01 6.3406671e-09
 1.4501017e+00 2.1069774e-02 6.1338164e-06 2.4654603e-01 3.2408452e-03
 7.0451349e-02 2.5836200e-01 1.8262779e+00 3.2563249e-03 5.3868029e-02
 2.1662374e+00 5.0684601e-01 8.2259828e-01 1.9184981e-02 5.6826073e-04
 1.5136138e-01 1.4124408e-01 6.5109372e-04 6.9910014e-01 3.3079323e-01
 3.8671137e-03 5.4580015e-01 1.4711152e-09 4.8794054e-06 7.4968702e-01
 2.7509695e-01 3.3395182e-04 4.1405968e-02 3.6139542e-01 1.1339849e+00
 2.3044652e-01 6.4353131e-02 3.0045974e-01 3.8407496e-01 3.0744799e-05
 6.0520208e-01 1.7888103e-01 8.9644305e-02 5.2010228e-07 1.3023194e+00
 1.1433580e+00 1.5494260e-01 9.6089274e-01 6.5450013e-01 1.5508025e-03
 8.9984395e-02 6.1055007e-03 3.2695604e-04 1.3025704e-02 5.3569436e-02
 1.1150887e-03 4.1850761e-01 7.7702547e-03 1.5597807e-01 1.0202032e+00
 2.4221335e-03 9.6872085e-01 3.9289445e-01 1.5890898e+00 4.6665277e-02
 1.2920674e+00 1.6280675e-02 8.7885147e-01 6.2718779e-01 1.6506093e-02
 3.1681534e-02 3.7345833e-01 4.6674665e-03 6.1470706e-02 2.5849149e-02
 1.0445615e-02 2.9741406e-01 4.4731747e-02 1.0701442e-03 9.6995592e-02
 5.4715453e-03 2.8238451e-02 4.9297503e-01 1.1069999e+00 4.6390802e-01
 4.4463921e-01 1.8189584e+00 1.0781212e+00 1.4503030e+00 1.0143791e+00
 2.6539889e-01 1.5182990e-02 3.7897876e-01 1.1251681e+00 4.0752017e-03
 1.2800063e+00 3.2189526e-04 1.0132722e+00 1.2141523e+00 3.5599832e-04
 6.9338059e-01 2.3160729e-01 2.5152747e-02 8.2045549e-01 6.3079900e-01
 8.4126353e-01 4.9013701e-01 1.0669644e+00 1.5321084e+00 2.5498359e-03
 4.6809089e-01 4.7996577e-02 3.5328767e-04 1.4703901e+00 3.0035925e-01
 1.6254721e-03 1.3075067e-01 2.9517317e-01 1.1045421e+00 1.7066871e+00
 6.1181450e-01 2.5962573e-03 3.1365213e-01 3.8601604e-01 1.8130299e-03
 1.4460192e+00 1.6358042e-02 3.9973599e-04 5.6449151e-01 2.6636313e-10
 7.8465216e-02 4.9167350e-03 3.5632253e-01 5.2964716e-04 1.0270827e+00
 3.6606267e-03 8.7828231e-01 1.3276101e+00 1.1046870e+00 6.3251797e-04
 5.4901820e-02 2.2177329e+00 1.3478191e-01 2.3328658e-04 1.2147455e-01
 2.9685500e-03 6.0905475e-02 2.3266094e+00 2.6165836e-02 1.7957504e-01]
nUIV_to_SIR : {'slope': array([9.410319], dtype=float32), 'threshold': array([0.11551955], dtype=float32)}
