SIR MODEL PARAMETERS
beta : 67.5
gamma : 0.75
x0 : [0.3 0.5 0.2]
num_hosts : 50
NUIV MODEL PARAMETERS
beta : [1.0367366e+00 2.5788081e+00 1.0607638e-01 1.6084211e+00 4.5818365e-01
 6.1817276e-01 5.0435155e-03 1.0328841e+01 1.0929877e+01 9.3873155e-01
 3.8736684e+00 7.6036453e-01 3.6503935e+00 6.8886691e-01 8.7023717e-01
 8.6506896e-02 7.2238903e+00 9.3210230e+00 2.3212998e+00 1.1803702e-03
 7.2211403e-01 2.8273127e+00 3.9926424e+00 2.0428987e+00 2.9533114e+00
 1.8299108e+00 2.4839892e+00 2.4913993e+00 1.1696756e+00 1.3337837e+00
 1.6744713e+00 3.9019983e+00 2.8661168e+00 5.3998506e-01 7.3816830e-01
 3.3913162e-01 5.6496739e-01 5.3129339e+00 2.9722281e+00 2.1307328e+00
 1.1458288e+00 3.5983031e+00 1.9565635e+00 2.3339732e+00 6.6449943e+00
 2.5548321e-01 1.2224775e+01 9.3104953e-01 3.1252357e-03 7.3348274e+00]
delta : [ 4.5346265  10.502846    1.2426522   6.729018    1.7972096   1.6435428
  0.27158433 24.177216   22.492983    3.4589412  10.59814     2.915326
 11.53043     1.31528     3.4710498   0.23718077 13.418878   29.352423
  6.456277    2.885754    2.3123007   6.5411973   2.5604372   3.1765976
  6.4054136   2.1434555  13.27617     8.707951    5.152244    4.11846
  7.1663074  13.267914    4.1114984   1.4611083   3.472242    2.5519192
  0.4088317  20.410278    7.5951567   4.2516446   4.1307316  11.541883
  7.4121056  10.027039   18.045427    1.7470978  14.768538    2.4097748
  0.49917653 12.008194  ]
p : [1.34630234e-03 7.36080289e-01 1.32357865e-03 6.04281902e-01
 4.49738801e-01 1.60739124e-01 4.03568661e-03 7.23168068e-03
 3.45653592e-04 2.78608948e-02 1.89231262e-02 3.37791480e-02
 3.11402662e-04 1.49307325e-02 2.55554565e-03 7.38070626e-03
 1.49942737e-03 1.77603215e-04 4.02900994e-01 1.43581815e-02
 7.37062946e-05 1.15349219e-04 4.47752413e-09 1.09224114e-08
 4.49376284e-06 1.66628278e-09 2.93419289e-09 1.69480767e-03
 2.89281667e-03 5.33990860e-02 1.92282110e-01 2.99479318e-04
 2.34228810e-06 6.49879798e-02 5.42981029e-02 8.28288123e-02
 3.03074741e-03 4.57937047e-02 2.27019746e-06 2.01981771e-03
 1.35198971e-02 5.07713249e-03 2.55065709e-02 4.26691771e-03
 4.13417071e-02 2.08330574e-03 6.64618128e-05 8.26284364e-02
 3.41595486e-02 4.72845323e-03]
c : [4.4606981e+00 4.2539554e+00 4.1650381e+00 4.0351357e+00 1.8211440e+00
 3.6213055e+00 4.8270321e+00 7.2771916e+00 6.0184717e+00 6.1405926e+00
 2.1054394e+00 5.1285806e+00 3.6459377e+00 4.4094658e+00 5.6415796e+00
 7.4626403e+00 4.1683555e+00 2.0949008e+00 2.3980544e+00 4.6099267e+00
 4.3801985e+00 2.7271464e+00 6.1140204e-04 3.6159270e+00 3.2950847e+00
 5.7070155e+00 1.0889230e+00 4.5238190e+00 3.4606769e+00 1.2623549e+00
 4.5069728e+00 3.5515847e+00 3.5523877e+00 5.1681170e+00 3.8954329e+00
 1.0122229e+00 4.2855186e+00 2.8382571e+00 1.5248234e+00 4.5144072e+00
 4.5736337e+00 2.1241324e+00 3.1227300e+00 2.0658560e+00 1.7125804e+00
 3.1535008e+00 5.1204104e+00 4.2142558e+00 3.9850984e+00 2.3286226e+00]
t : [[2.01043558e+00 5.15392923e+00 4.72195330e-04 1.85257423e+00
  1.90732941e-01 2.60064602e-01 1.03527136e-01 3.20378757e+00
  3.04111266e+00 3.68644691e+00 8.58158231e-01 4.25825417e-02
  1.72157311e+00 4.42107558e-01 1.70703065e+00 2.19525561e-01
  4.76899481e+00 1.39017016e-01 7.12044597e-01 1.46096617e-01
  2.12177951e-02 7.44525075e-01 1.11722112e-01 3.27828854e-01
  6.27934158e-01 1.99639821e+00 1.34886593e-01 1.54544091e+00
  9.23390761e-02 1.29687428e-01 8.97198558e-01 4.08277899e-01
  5.56478739e+00 1.18819557e-01 2.83759087e-04 9.58765745e-01
  7.33768716e-02 1.22582507e+00 7.75005639e-01 1.07466185e+00
  6.46856904e-01 7.48888195e-01 2.18139648e+00 1.74827003e+00
  1.11003768e+00 8.81527958e-05 2.48013735e+00 5.24393916e-01
  2.97917333e-02 2.91300797e+00]
 [9.70687270e-01 2.01197004e+00 2.45431550e-02 7.96730071e-03
  2.11083817e+00 2.13791823e+00 4.18263152e-02 1.65818185e-02
  6.04307628e-04 1.59129336e-01 1.07148089e-01 6.42912579e+00
  1.81083835e-03 2.26661348e+00 8.43113613e+00 1.61107369e-02
  2.14849532e-01 9.79548022e-02 1.60022780e-01 2.87971087e-03
  1.46878406e-01 8.62421170e-02 8.95691738e-02 1.15980864e+00
  4.99986811e-04 2.95084327e-01 3.97987694e-01 4.28753972e-01
  2.44004035e+00 1.22916734e+00 2.39466652e-02 3.89566928e-01
  8.38276625e-01 6.32044506e+00 6.75371647e+00 9.92517471e-01
  8.22342277e-01 1.39475644e-01 7.86332071e-01 3.02152300e+00
  2.00904822e+00 1.90817803e-01 1.26889968e+00 3.26347411e-01
  9.04997811e-03 1.79315522e-01 1.68658698e+00 9.12427366e-01
  3.23212094e-04 1.00219607e+00]
 [1.28314912e-01 5.25278568e+00 7.02985048e+00 3.91861498e-01
  5.13348162e-01 8.61958638e-02 1.71502799e-01 3.51173329e+00
  8.08623910e-01 1.50127143e-01 1.20073771e+00 4.96354640e-01
  9.30571437e-01 2.27164960e+00 1.74696863e+00 9.66307372e-02
  6.06060505e+00 2.17908859e+00 4.06620026e-01 5.24831889e-03
  5.12610935e-03 4.05386388e-01 2.57515977e-03 8.09879363e-01
  2.96471745e-01 3.51949275e-01 4.83489990e-01 1.83735311e+00
  2.12694392e-01 3.43903154e-02 1.94550884e+00 7.69173265e-01
  6.13398731e-01 2.94700023e-02 5.92971034e-03 2.59819105e-02
  2.04781190e-01 1.70835876e+00 8.44679177e-01 9.28935647e-01
  2.26235938e+00 3.34699184e-01 1.92931354e+00 4.45357919e-01
  2.78107405e-01 4.25706105e-03 3.77728510e+00 7.29637682e-01
  3.63452882e-02 2.47018385e+00]
 [4.81144786e-01 9.37776756e+00 8.57398100e-03 3.77625749e-02
  9.11966681e-01 1.35503018e+00 1.17031634e-01 1.85074973e+00
  1.13422694e-02 1.74219429e-01 1.57244205e+00 7.63025999e-01
  2.73207331e+00 1.65046155e+00 2.46069121e+00 5.06877266e-02
  1.38463330e+00 1.31950796e-01 1.64747834e+00 4.80364449e-02
  1.67876080e-01 8.80877674e-01 5.60448579e-02 5.24415851e-01
  4.26705331e-01 2.98597455e-01 9.27756608e-01 5.21613073e+00
  1.93942595e+00 1.99395604e-03 2.72362518e+00 1.77440303e-03
  1.81452239e+00 1.29761726e-01 1.57832026e-01 1.19198576e-01
  1.89937127e+00 3.49661112e+00 5.28466523e-01 3.61559123e-01
  3.81687260e+00 1.44564784e+00 2.21027207e+00 7.30916262e-01
  1.53455293e+00 3.07296799e-03 4.00352669e+00 1.95152497e+00
  9.30599645e-02 1.11757624e+00]
 [7.08384275e-01 1.81975160e-02 2.91637890e-02 1.86533511e-01
  8.00106168e-01 4.56575775e+00 3.50815617e-02 5.99168381e-03
  3.57822716e-01 1.20256118e-01 3.83116840e-03 8.28073788e+00
  2.96023339e-01 2.36583054e-01 4.06625211e-01 1.42552645e-03
  6.32932484e-02 8.08576867e-03 1.14266090e-02 1.93386842e-02
  1.65544879e+00 1.29368797e-01 3.02714258e-01 2.82376170e-01
  4.52946648e-02 4.38379288e-01 9.67237353e-02 1.14972731e-02
  8.13252985e-01 1.62528306e-02 8.81720055e-03 8.37263644e-01
  7.11582378e-02 3.01805782e+00 1.03440702e+00 1.51195884e+00
  3.65032983e+00 3.69457691e-03 2.58646756e-02 1.66534081e-01
  3.02078366e+00 8.51031542e-02 2.92727888e-01 4.45610518e-03
  7.44080244e-05 1.47835203e-02 1.05250545e-01 1.19746411e+00
  5.13556552e-05 1.21980220e-01]
 [1.06474020e-01 3.01833779e-01 8.82227868e-02 3.03253889e-01
  2.18709087e+00 4.25324310e-03 1.65598613e-04 3.13733727e-01
  8.04990456e-02 2.33232677e-01 9.06547345e-03 1.49967417e-01
  2.22693235e-02 1.49537285e-04 3.95705879e-01 1.12403834e+00
  1.40567827e+00 1.99628323e-01 8.89838114e-02 1.08420148e-01
  1.97959761e-03 2.46888362e-02 9.97613097e-05 2.44882330e-02
  9.48916823e-02 4.82646748e-02 2.62327909e-01 5.79956174e-02
  3.63393855e+00 1.06835859e-02 7.00478852e-02 2.86087155e+00
  1.75822482e-01 2.47797905e-03 4.22094278e-02 1.34598351e+00
  2.63920188e+00 9.23639527e-05 1.14845209e-01 8.83754417e-02
  1.79044902e+00 3.50650549e-01 2.55746156e-01 1.75782844e-01
  1.41447484e-01 3.64427119e-02 2.21840191e+00 1.01538551e+00
  7.11075671e-04 7.34276652e-01]
 [1.42335087e-01 5.59401798e+00 1.34290755e-02 8.53982806e-01
  1.53926795e-03 7.27200648e-03 7.83613348e+00 4.37695503e+00
  2.54633856e+00 1.82503569e+00 8.50295365e-01 7.96409309e-01
  1.96206919e-03 1.79464495e+00 7.80977011e-01 1.77402869e-01
  4.62700129e+00 3.55988169e+00 1.11352764e-01 3.61954644e-02
  3.25618610e-02 1.55913373e-02 9.01501328e-02 2.62978852e-01
  3.65655720e-01 1.30188954e+00 9.71082032e-01 3.17045522e+00
  3.54499996e-01 9.37219616e-03 3.71956237e-04 1.07282090e+00
  3.18127179e+00 6.39490843e-01 2.87241518e-01 1.53010026e-01
  5.47030196e-02 1.24849685e-01 5.76005995e-01 4.63333540e-03
  1.19922197e+00 1.83740258e-01 1.53582737e-01 8.42272699e-01
  1.63321912e-01 2.59353146e-02 4.37472439e+00 6.29994392e-01
  1.78207888e-03 2.04729319e+00]
 [1.48167014e-01 3.41974109e-01 1.97907072e-02 3.35356545e+00
  2.00712979e-01 1.58187044e+00 1.15504265e-01 2.18942761e-02
  2.01960038e-02 3.17151519e-03 3.49881530e-01 9.17866349e-01
  4.28753912e-01 1.05435264e+00 3.77948374e-01 1.63835548e-02
  9.86064434e-01 2.00179353e-01 9.65282857e-01 1.42150313e-01
  4.54935431e-02 1.59938306e-01 2.07447678e-01 5.23402877e-02
  3.42206299e-01 5.44040836e-02 2.62111280e-04 2.58514547e+00
  6.71584654e+00 1.02443388e-02 9.17721868e-01 1.43894660e+00
  1.05148065e+00 8.29557180e-02 1.09436601e-01 3.69631574e-02
  1.92074132e+00 1.98036954e-01 1.64763659e-01 2.66597280e-03
  2.69399071e+00 2.63579637e-01 9.49855983e-01 7.48736635e-02
  1.40265707e-04 6.51232228e-02 3.25220394e+00 2.13136768e+00
  1.62392214e-01 1.35172725e+00]
 [2.16949970e-01 1.09876025e+00 9.93822515e-02 5.68897009e-01
  1.16768926e-01 7.32614458e-01 3.76048744e-01 2.15450907e+00
  1.88264064e-02 6.89929247e-01 1.43063575e-01 3.16287577e-01
  3.12426180e-01 2.89935899e+00 1.51571751e+00 1.40046835e+00
  1.24572384e+00 2.58295834e-01 3.31050575e-01 3.01296324e-01
  3.94724190e-01 9.07507241e-02 1.11806557e-01 1.18668094e-01
  3.83923888e-01 4.91928816e-01 4.19966429e-01 1.49496496e-01
  3.99395418e+00 8.94925185e-03 1.52344060e+00 2.46108985e+00
  5.11622846e-01 3.37218434e-01 1.54631436e-02 1.30634876e-02
  3.39753091e-01 1.71007395e-01 6.68491721e-02 8.01234841e-01
  1.86497664e+00 3.99011001e-02 1.96244288e-03 2.22618490e-01
  1.25824390e-02 6.78929165e-02 4.14902973e+00 1.80625355e+00
  2.21493065e-01 9.89439368e-01]
 [2.88772106e-01 6.82175681e-02 1.16115928e-01 8.68024975e-02
  1.37682378e+00 2.00444913e+00 4.83773738e-01 1.55510294e+00
  2.62434664e-03 1.55411497e-01 3.53408366e-01 4.22047563e-02
  3.55227852e+00 1.10591269e+00 7.53893971e-01 4.60650474e-01
  8.94938290e-01 3.12709379e+00 6.57571554e-01 6.80218488e-02
  1.35361421e+00 8.89882267e-01 4.27091658e-01 2.68329196e-02
  6.81520641e-01 3.79709015e-03 5.85174799e-01 2.30169225e+00
  1.31458795e+00 2.05761285e-06 9.57396150e-01 1.39808238e+00
  5.38055134e+00 1.02861812e-02 2.73039103e-01 5.44207776e-03
  4.07357037e-01 4.05845344e-01 8.95525300e-05 2.81413865e+00
  2.24650168e+00 1.69305921e-01 3.02342033e+00 6.53868198e-01
  3.15754366e+00 4.37328875e-01 3.29797626e+00 1.78887999e+00
  6.62883976e-03 1.08900440e+00]
 [1.10199404e+00 4.87882853e+00 3.44858272e-03 4.49597806e-01
  6.03013933e-02 9.82321441e-01 1.35778263e-02 3.81317925e+00
  3.04624915e+00 3.18372846e+00 2.57042789e+00 3.11017299e+00
  1.57175604e-02 1.34330904e+00 2.91267705e+00 1.39611602e+00
  3.30588889e+00 4.06939980e-05 2.51144052e-01 3.13352118e-03
  3.95401931e+00 1.97997129e+00 2.44265699e+00 5.71295381e-01
  4.78531361e+00 4.01395559e+00 3.38889426e-03 1.56832218e+00
  1.91993487e+00 1.45944619e+00 1.76992834e+00 9.16096628e-01
  2.04690790e+00 7.63254464e-01 6.42481595e-02 1.70879197e+00
  1.86937797e+00 5.49327493e-01 3.18019181e-01 2.14908743e+00
  3.79372215e+00 1.78967789e-02 4.95016545e-01 2.16936916e-02
  6.72433823e-02 2.61844285e-02 3.77461982e+00 3.66896057e+00
  2.28498336e-02 1.23217785e+00]
 [1.54206604e-01 6.38259411e-01 1.00683749e-01 1.54341832e-01
  5.59360027e-01 2.60217261e+00 3.40789884e-01 5.56595862e-01
  5.24416417e-02 3.12550396e-01 4.13206220e-01 1.33645739e-02
  7.23736763e-01 1.21723441e-02 2.79672837e+00 1.26440167e+00
  4.88916278e-01 6.28667921e-02 3.31435412e-01 8.57261419e-02
  7.31309116e-01 1.44097164e-01 3.15424200e-04 1.45639479e-01
  2.12375283e-01 2.32518047e-01 1.38391584e-01 1.47797561e+00
  6.64610147e+00 5.29856570e-02 4.84773144e-03 6.34448647e-01
  4.14282948e-01 2.60655332e-04 3.86509478e-01 7.01613203e-02
  3.10417795e+00 1.46396950e-01 2.64159471e-01 2.20134586e-01
  2.84339356e+00 3.89016509e-01 6.45389557e-01 2.38052322e-04
  7.99998164e-01 1.06304534e-01 1.78866637e+00 1.37633789e+00
  8.20510909e-02 9.15858388e-01]
 [3.25259209e-01 4.24441195e+00 4.56680469e-02 7.97010243e-01
  8.13382626e-01 5.19260997e-03 5.01549803e-03 3.12758923e+00
  5.51275826e+00 1.26217830e+00 5.43239474e-01 1.73612070e+00
  1.00260973e+00 2.22965002e+00 1.93965733e+00 8.68289888e-01
  3.71406341e+00 5.08952141e-02 5.19180298e-01 8.33824277e-03
  1.06050515e+00 7.26113141e-01 1.00104921e-02 1.97294712e-01
  1.16004610e+00 2.44445372e+00 4.83518809e-01 1.92960393e+00
  2.80111647e+00 1.32371992e-01 2.78651500e+00 1.92405069e+00
  9.33079362e-01 6.41923323e-02 3.16114798e-02 8.46651290e-03
  5.66425622e-01 6.25765622e-01 2.23807007e-01 1.81020284e+00
  1.57336450e+00 3.00671488e-01 1.30962539e+00 3.81029807e-02
  1.11184023e-01 4.22515087e-02 4.59263754e+00 9.10214007e-01
  7.89098516e-02 2.00234270e+00]
 [1.72971100e-01 7.51842213e+00 3.65781900e-03 1.24779439e+00
  4.93699282e-01 6.78082183e-02 4.38780077e-02 3.81649876e+00
  1.75634193e+00 3.64414454e+00 1.00903785e+00 1.18749797e+00
  1.00876331e+00 7.05073416e-01 2.29112792e+00 7.85580128e-02
  7.35180874e-05 7.71143381e-03 8.99114236e-02 8.95159841e-02
  3.69889487e-04 1.98736548e+00 1.08024888e-01 4.22333288e+00
  3.89230311e-01 8.71309400e-01 1.12504158e-02 1.74724185e+00
  9.54968333e-01 4.31875093e-03 1.77142894e+00 1.26308635e-01
  6.45696878e+00 5.88950634e-01 9.52348351e-01 1.74987086e-04
  6.43129051e-01 8.31490576e-01 3.66192013e-01 1.12403607e+00
  1.00780874e-01 2.07167077e+00 1.34828782e+00 1.94897920e-01
  3.43663424e-01 2.77231485e-01 2.78772426e+00 1.23391140e+00
  5.47855115e-03 1.60686278e+00]
 [1.78563073e-01 3.16562128e+00 2.69863631e-06 3.92495918e+00
  1.51032197e+00 2.55438304e+00 2.64871776e-01 1.95597017e+00
  8.39276254e-01 2.49586720e-02 1.17798805e+00 1.38002682e+00
  1.23599207e+00 3.24626207e-01 1.10721244e-02 6.47427514e-02
  7.01426864e-01 2.48308197e-01 2.92929173e-01 1.76838174e-01
  2.45558619e-01 2.90001124e-01 1.04037044e-03 4.51845163e-03
  2.57588713e-03 1.82874277e-01 2.30885699e-01 1.63223994e+00
  3.31949115e+00 6.33945660e-07 1.28415106e-02 1.92685747e+00
  9.85247970e-01 5.51544666e-01 3.61401066e-02 3.12507525e-02
  7.33589113e-01 4.41777403e-04 9.45417583e-01 4.23410535e-01
  3.33889651e+00 2.00200430e-03 1.08077013e+00 2.36486390e-04
  7.97895118e-05 5.78159690e-01 3.70225453e+00 1.78822803e+00
  3.79480049e-03 1.09234929e+00]
 [1.18927509e-01 4.88227189e-01 3.80405672e-02 3.29145122e+00
  9.68206108e-01 8.18771780e-01 9.45435539e-02 8.36295068e-01
  4.04238373e-01 1.66932587e-02 1.28130510e-01 1.48642981e+00
  1.16298579e-01 2.50941515e-01 2.68193388e+00 7.91223645e-01
  9.52763915e-01 1.21290557e-01 1.12999283e-01 2.01351922e-02
  8.86972189e-01 3.41023989e-02 1.02029428e-01 5.42417131e-02
  3.72581696e-03 4.54648674e-01 1.40859857e-01 2.74028492e+00
  7.33747387e+00 7.38308206e-03 2.22419286e+00 2.60193133e+00
  2.13159621e-01 1.15013683e+00 1.63385470e-03 2.25563906e-02
  1.27126527e+00 8.98386817e-03 3.89229268e-01 1.20721173e+00
  3.81260490e+00 4.19027424e+00 4.19061810e-01 1.55590057e-01
  6.61250293e-01 4.26977873e-03 1.33023632e+00 6.99611008e-01
  9.49669443e-03 6.49753809e-01]
 [1.75259484e-03 4.18142974e-01 7.99511373e-03 1.96639006e-03
  7.10569799e-01 1.98772812e+00 8.21037591e-03 7.17064619e-01
  1.07431901e-03 9.70517576e-01 2.96357321e-03 9.31041956e-01
  2.50868410e-01 2.51114428e-01 4.52851915e+00 1.35228419e+00
  1.33205295e+00 6.16305306e-06 5.37352785e-02 1.49817904e-03
  1.56477654e+00 1.74472362e-01 3.26030292e-02 1.86652796e-05
  1.76539779e-01 8.06914270e-01 7.91531503e-02 2.29908133e+00
  3.47128701e+00 4.10916889e-03 1.89822340e+00 7.01606810e-01
  1.03867454e-02 1.19959247e+00 4.93207216e-01 4.41632494e-02
  5.60083532e+00 1.28156438e-01 4.60264295e-01 2.98029566e+00
  6.54757071e+00 8.47685710e-02 8.33188836e-03 1.51803007e-03
  2.03575362e-02 1.79248974e-02 1.75972128e+00 1.33294868e+00
  1.02957024e-03 7.12245107e-01]
 [6.67964220e-01 5.26777935e+00 2.13755649e-02 2.41415286e+00
  8.05454701e-02 1.75305352e-01 5.45205832e-01 2.88728118e+00
  3.66888881e+00 2.53526425e+00 1.15910602e+00 1.09334779e+00
  2.34368849e+00 2.60618120e-01 1.71001077e+00 1.04576111e+00
  6.42247975e-01 4.60444880e+00 7.57752776e-01 2.50698686e-01
  2.50671625e+00 3.37884855e+00 2.10955977e-01 3.22170734e+00
  2.31408262e+00 1.69366038e+00 1.20940113e+00 1.72502935e+00
  1.08752832e-01 2.62331820e+00 1.11577988e+00 1.24066740e-01
  4.40466690e+00 1.27375031e+00 1.41196102e-01 2.13355109e-01
  2.56234221e-03 1.51883817e+00 2.17683166e-01 8.33223879e-01
  8.31832528e-01 8.89863491e-01 3.17806029e+00 1.69118190e+00
  7.86538497e-02 1.15267463e-01 3.14581966e+00 8.25342178e-01
  5.70695568e-03 1.96448755e+00]
 [2.23482227e+00 3.54248714e+00 2.88211522e-05 1.84377223e-01
  1.31750393e+00 7.62850568e-02 3.19716358e-03 3.59756136e+00
  2.17469811e+00 1.48457956e+00 5.32060266e-01 2.62674046e+00
  1.31398368e+00 4.43326569e+00 2.93190241e+00 1.07949066e+00
  1.69606066e+00 1.01964191e-01 4.56192017e+00 2.49053235e-03
  1.57071054e+00 3.25154924e+00 7.31629971e-03 3.87413311e+00
  5.20745564e+00 2.20061016e+00 6.61098540e-01 1.52736175e+00
  3.88231444e+00 4.69563484e+00 7.92292893e-01 1.04398385e-01
  2.25294280e+00 1.89213857e-01 4.23189020e+00 1.22838748e+00
  2.79189968e+00 3.83049585e-02 6.40243590e-01 3.98539543e+00
  2.22741914e+00 3.96820977e-02 6.83987319e-01 8.24170944e-04
  7.84857050e-02 3.16636488e-02 3.22863817e+00 1.63912237e+00
  2.64495425e-03 8.21000516e-01]
 [1.68720409e-01 8.46487999e-01 5.58577850e-02 9.35117960e-01
  1.22836292e+00 2.69031644e-01 1.05183518e+00 2.51467633e+00
  1.05264151e+00 6.48691535e-01 4.07846957e-01 1.84206337e-01
  1.11983442e+00 4.03646040e+00 1.54472458e+00 8.31377447e-01
  3.70107555e+00 3.68628383e-01 5.75344980e-01 4.79745770e+00
  3.53820562e-01 2.65001208e-01 2.45764524e-01 1.94406793e-01
  9.58645437e-03 2.42844433e-01 5.40916383e-01 2.59329081e+00
  4.96461678e+00 5.42398803e-02 1.61860383e+00 2.47066092e+00
  7.15623808e+00 2.50959415e-02 8.89799297e-01 1.33638516e-01
  7.92708173e-02 1.39530503e-05 4.21095073e-01 4.63793963e-01
  1.20189643e+00 1.37808427e-01 3.36130452e+00 1.06250191e+00
  4.75631654e-03 3.31131638e-08 2.90517902e+00 2.21571636e+00
  1.55507684e-01 1.89713788e+00]
 [1.69682935e-01 1.25249946e+00 8.68518837e-03 1.88030347e-01
  1.49619603e+00 9.91796315e-01 6.24195635e-01 7.63158321e-01
  2.47401829e-07 1.81792855e+00 1.76508099e-01 1.08023953e+00
  1.53888392e+00 1.09485483e+00 1.80166256e+00 4.35315102e-01
  1.23938084e+00 3.17314297e-01 9.19353604e-01 6.76973388e-02
  2.26769552e-01 6.60320640e-01 4.71352309e-01 2.74562061e-01
  7.99320638e-01 1.13887992e-02 1.27137220e+00 6.33994401e-01
  8.89154720e+00 5.72703220e-02 1.36502576e+00 4.25398397e+00
  1.85950220e+00 6.29153976e-04 3.70388804e-03 4.47435508e-04
  1.61551148e-01 2.80423498e+00 9.05221462e-01 6.39496863e-01
  2.05321789e+00 6.97110474e-01 1.57543850e+00 4.40098196e-01
  8.60404015e-01 7.34018981e-02 3.77787256e+00 1.79750443e+00
  9.55105871e-02 1.36577106e+00]
 [9.61569011e-01 2.58803058e+00 5.42004295e-02 3.57673198e-01
  5.33989608e-01 5.85618429e-02 2.25418955e-01 2.34362864e+00
  5.68437517e-01 1.81094325e+00 8.20021987e-01 7.59511769e-01
  1.22711813e+00 1.25064945e+00 1.36461163e+00 6.61900282e-01
  3.15791059e+00 2.30338927e-02 6.46191478e-01 1.00595839e-01
  1.56359994e+00 7.03858793e-01 2.90666640e-01 8.54375482e-01
  2.47269058e+00 7.00425744e-01 1.30730569e+00 2.20363140e+00
  2.94293904e+00 3.59369144e-02 1.03310549e+00 1.09602988e+00
  7.19605637e+00 7.69063691e-03 1.45075414e-02 4.28203202e-04
  5.07686939e-03 3.54213454e-03 1.02389562e+00 2.26141810e+00
  2.36818218e+00 5.59331775e-01 7.61472583e-02 5.50357699e-01
  4.64072116e-02 3.93490336e-05 3.07655334e+00 1.75658119e+00
  9.13070589e-02 1.40512657e+00]
 [1.80152074e-01 1.14492202e+00 4.00184989e-02 1.08346879e+00
  9.29932296e-01 2.61669722e-03 1.48546947e-02 7.12605715e-01
  6.30483866e-01 1.03699517e+00 9.15502489e-01 9.02493298e-01
  1.85423386e+00 1.61871755e+00 1.70146608e+00 6.49054527e-01
  2.96229911e+00 7.12324455e-02 1.39674985e+00 7.33961351e-05
  6.51631236e-01 4.65229422e-01 1.26235449e+00 1.86439490e+00
  1.38161933e+00 1.51818943e+00 2.67161727e+00 2.76745391e+00
  1.64911163e+00 2.50611097e-01 2.12217212e+00 2.04603672e+00
  3.89097810e+00 1.08944058e+00 1.00178737e-02 2.44494751e-02
  3.79143149e-01 3.70768793e-02 7.00298175e-02 6.01210535e-01
  2.15147352e+00 3.96996051e-01 3.30516124e+00 3.21340084e-01
  7.12234437e-01 3.27172019e-02 2.94024181e+00 1.04632783e+00
  4.96506989e-02 2.21081376e+00]
 [2.80700475e-01 5.32422352e+00 5.03927760e-04 2.09905624e+00
  3.02590489e-01 1.94931895e-01 2.25501478e-01 2.95510197e+00
  1.95794868e+00 1.92930293e+00 1.45491326e+00 9.63726461e-01
  2.48453617e+00 1.37873188e-01 2.43253469e+00 3.52141261e-01
  4.16180038e+00 3.06988005e-02 5.29882252e-01 5.55180339e-03
  4.17671632e-03 2.11287066e-01 3.70061934e-01 1.38355958e+00
  2.07859516e+00 1.37230825e+00 3.11119485e+00 3.08890152e+00
  3.13554144e+00 2.38746196e-01 1.87646174e+00 1.05355131e-02
  2.82734811e-01 2.80545264e-01 2.12193400e-01 3.37130111e-03
  8.22512448e-01 1.37686598e+00 5.54728091e-01 1.09279831e-03
  2.06525850e+00 4.83482599e-01 1.39173007e+00 6.80737495e-01
  8.53060628e-05 2.40572505e-02 3.12527490e+00 8.28204215e-01
  1.01074541e+00 2.42171025e+00]
 [2.14107931e-01 5.03311872e+00 2.37962287e-02 2.47153330e+00
  3.38274054e-02 2.20508855e-02 2.56583691e-01 3.38144875e+00
  3.53000069e+00 1.85498261e+00 1.60977781e+00 1.97149396e-01
  2.19532108e+00 3.32320976e+00 1.44669127e+00 2.58975506e-01
  3.47629237e+00 1.75641552e-01 4.66167331e-01 2.66587740e-04
  9.89375472e-01 7.71950841e-01 2.25191042e-01 9.49798822e-01
  8.33749250e-02 1.97096145e+00 9.05195177e-01 2.47276855e+00
  1.00728047e+00 1.11111313e-01 1.13914824e+00 4.56478506e-01
  4.16624880e+00 1.45490393e-01 3.10669448e-02 9.04162228e-01
  7.72967339e-01 1.16758156e+00 1.24632347e+00 4.67929006e-01
  5.45403302e-01 7.80672491e-01 1.13868192e-02 1.43313098e+00
  1.14588983e-01 1.66952033e-02 3.01091671e+00 5.95081747e-01
  4.62623090e-02 3.08138371e+00]
 [2.72147298e-01 7.63149261e-01 9.01894346e-02 1.50373101e+00
  3.50577086e-01 6.34493411e-01 2.11607635e-01 1.73721445e+00
  3.58858585e-01 2.45252565e-01 5.97895920e-01 1.52476788e-01
  3.07862425e+00 8.03128064e-01 1.33401000e+00 9.87631917e-01
  1.64915115e-01 3.03627878e-01 7.32138991e-01 1.22027352e-01
  1.16109308e-02 1.65905282e-01 3.05260420e-01 2.87926257e-01
  6.69291496e-01 9.80924442e-02 9.46251273e-01 1.91925800e+00
  4.77421331e+00 4.82843549e-04 1.15103960e+00 1.23866880e+00
  2.50912094e+00 2.06291839e-01 2.56297477e-02 2.92857585e-04
  7.69334793e-01 1.33419931e+00 5.88996589e-01 1.21590126e+00
  2.35894966e+00 5.18248379e-01 1.76685607e+00 7.65466690e-01
  3.72441083e-01 4.78387950e-03 2.67887020e+00 1.60416329e+00
  2.49638408e-03 1.48583138e+00]
 [5.01609623e-01 5.01248074e+00 2.54468364e-03 1.44230103e+00
  7.88483992e-02 3.09553832e-01 5.97802520e-01 3.19469690e+00
  3.14962244e+00 1.94915986e+00 9.45359647e-01 2.00308871e+00
  2.08533669e+00 1.62465990e+00 2.82910037e+00 5.72797796e-03
  1.43620773e-05 4.60018031e-02 7.20801651e-01 4.51653701e-04
  2.08582783e+00 2.31548715e+00 3.15877408e-01 3.46186066e+00
  3.14959240e+00 2.16484308e+00 3.24696660e+00 1.42797124e+00
  1.30464590e+00 2.92515326e+00 2.03659105e+00 3.59529420e-03
  1.10055237e+01 3.66024673e-01 6.83154445e-03 6.89426586e-02
  2.22989172e-01 2.17666888e+00 8.79179299e-01 8.67979467e-01
  1.14738727e+00 6.51225328e-01 1.30452192e+00 1.04210365e+00
  3.16764295e-01 1.41253456e-01 3.52661681e+00 1.05240750e+00
  7.37591311e-02 1.47077489e+00]
 [2.54859954e-01 3.25421643e+00 3.33013423e-02 1.38418019e+00
  7.77308345e-01 1.33850074e+00 1.59733570e+00 2.69301057e+00
  8.53895992e-02 1.12161420e-01 5.11378288e-01 9.75688696e-01
  3.75853300e+00 2.35991836e+00 2.22426653e+00 1.24010575e+00
  1.93712556e+00 3.44094099e-03 5.14554083e-01 1.20058000e-01
  2.99755726e-02 2.04124284e+00 2.82830260e-05 3.67217604e-03
  1.24872029e+00 1.00578618e+00 1.01332736e+00 9.00188163e-02
  6.65666389e+00 5.36390406e-04 1.97340119e+00 4.00689888e+00
  4.91264820e+00 3.13059539e-02 8.57773062e-04 2.74068177e-01
  9.16184127e-01 2.14869659e-02 7.55000234e-01 7.85064280e-01
  3.40328431e+00 5.00360131e-01 4.32251021e-04 2.52907932e-01
  4.43866730e-01 5.53597584e-02 4.83770514e+00 2.38586831e+00
  2.83285111e-01 1.07642734e+00]
 [2.97120929e-01 3.53232883e-02 4.11354631e-06 4.78500791e-04
  2.91591763e+00 3.47814107e+00 2.62457188e-02 4.90179937e-03
  6.81468379e-03 8.58554058e-03 1.44037534e-04 9.10391331e+00
  3.03747511e-04 1.25274077e-04 6.75047636e+00 9.68319535e-01
  2.99607277e-01 9.14388243e-03 1.61739476e-02 1.12811040e-05
  2.51857787e-01 7.54315332e-02 2.89614737e-01 1.59314975e-01
  1.09021306e-01 1.03068769e+00 1.00381896e-02 7.07537681e-03
  1.61802268e+00 8.48671317e-01 8.75964910e-02 3.54814202e-01
  6.88344911e-02 8.48809624e+00 5.62067127e+00 3.15745473e+00
  3.37164712e+00 1.45190880e-01 4.81927335e-01 1.79243255e+00
  2.32936811e+00 1.42787828e-03 3.48971167e-04 4.91453065e-05
  1.01202704e-01 7.34065026e-02 1.08089459e+00 5.82774758e-01
  5.86172752e-03 1.36161298e-01]
 [3.66859809e-02 4.09184128e-01 3.71944718e-02 2.57082105e-01
  1.60899055e+00 2.26991487e+00 1.07818854e-03 5.24411619e-01
  7.49190431e-03 6.49627745e-01 3.59484506e+00 1.66355157e+00
  2.73005545e-01 3.28934836e+00 5.20538616e+00 8.07090849e-02
  2.60898858e-01 9.15002171e-03 8.80056739e-01 1.93647206e-01
  2.19878912e-01 1.77831650e-01 5.21464855e-04 7.84138069e-02
  8.77681673e-02 1.29764542e-01 2.03507897e-02 1.93977487e+00
  4.71856976e+00 6.93487072e+00 4.40086889e+00 1.46193528e+00
  6.18741922e-02 5.08462846e-01 6.89233720e-01 8.94082338e-02
  3.59521580e+00 1.20088592e-01 6.58744216e-01 3.83686662e-01
  5.97902870e+00 3.43546581e+00 1.30894994e-02 2.82676406e-02
  4.40657109e-01 7.54206777e-02 2.51581259e-02 1.44046557e-03
  1.18529089e-01 1.47983842e-02]
 [7.91894644e-02 1.31981218e+00 3.05309966e-02 1.06369510e-01
  1.40989268e+00 2.06218839e+00 2.67317057e-01 1.51775908e+00
  1.45294321e+00 1.17967799e-01 5.90955675e-01 7.65750289e-01
  1.01301491e+00 1.08725071e+00 1.79471779e+00 1.42973316e+00
  8.19408953e-01 8.78657028e-02 3.07099484e-02 7.28458762e-02
  2.82001734e-01 7.12029457e-01 9.22501609e-02 1.35974586e-01
  1.64682482e-04 1.27688217e+00 5.47245264e-01 2.29318905e+00
  5.07564163e+00 1.54431919e-02 2.21737102e-01 8.74583840e-01
  8.21199596e-01 6.00523353e-01 3.33566755e-01 7.36564770e-02
  1.82601905e+00 7.46007323e-01 1.18743991e-02 2.00641775e+00
  4.07242537e+00 4.37836021e-01 1.33478200e+00 4.01380509e-02
  2.14760685e+00 6.93998039e-01 2.86148739e+00 1.90018857e+00
  7.20031187e-02 8.43686581e-01]
 [1.15998730e-01 1.53769732e-01 4.42636572e-02 8.52998532e-03
  5.15983462e-01 2.63732743e+00 5.73361367e-02 1.03310621e+00
  3.99267563e-04 2.79396266e-01 3.09441239e-03 5.84997702e+00
  5.64658036e-03 5.59665918e-01 6.53352499e+00 4.64981049e-01
  3.73872578e-01 4.60419096e-02 1.24407224e-02 4.80123721e-02
  3.46930575e+00 4.79210913e-02 3.02463502e-01 2.14143589e-01
  1.13038994e-01 6.54634535e-02 3.15309037e-03 8.78116116e-03
  1.82211065e+00 4.98109460e-01 2.04834670e-01 2.83187652e+00
  2.32384667e-01 1.29051399e+01 3.47009587e+00 1.66265774e+00
  1.73013508e+00 4.52093706e-02 1.21656554e-02 3.73325610e+00
  2.25952578e+00 2.93405782e-02 1.21866993e-03 6.10791408e-02
  6.16084726e-04 1.09816208e-01 1.38565433e+00 1.23670995e+00
  1.68802479e-04 7.51272321e-01]
 [2.72997594e+00 4.81015587e+00 7.84170162e-03 4.23012078e-01
  4.78211820e-01 2.91983813e-01 2.64134593e-02 2.16080475e+00
  1.46363378e-01 2.72590250e-01 1.35873139e+00 1.68047631e+00
  1.97843707e+00 1.05586275e-01 1.19081783e+00 3.49124491e-01
  1.28916547e-01 1.97774656e-02 1.27717960e+00 4.11585331e-01
  4.16769534e-01 1.52990592e+00 1.18369818e+00 2.86600757e+00
  1.06890416e+00 6.35412395e-01 1.24819040e-01 7.61593914e+00
  2.35547042e+00 6.45659566e-02 4.92264509e-01 5.35402959e-03
  7.09581852e-01 4.09843884e-02 6.14152304e-05 1.78169832e-01
  5.94173610e-01 4.48932219e+00 9.87183869e-01 1.31288981e+00
  2.59614587e+00 3.02169733e-02 4.20546818e+00 2.31754875e+00
  1.78446591e-01 5.65769300e-02 3.11232114e+00 1.06299913e+00
  1.66108251e-01 1.48718095e+00]
 [3.56713235e-01 6.88024819e-01 5.68985716e-02 2.77529478e+00
  1.44218504e+00 7.14073777e-01 8.68589520e-01 1.39743519e+00
  4.45032492e-02 2.11706711e-03 1.19024479e+00 6.13543391e-01
  2.16078192e-01 2.97609639e+00 2.08560872e+00 2.99466670e-01
  1.51847088e+00 1.42617404e-01 1.77230668e+00 7.24574924e-03
  2.78393626e-01 4.38761532e-01 2.56509800e-02 2.06252590e-01
  7.92292655e-01 5.99249721e-01 7.92886138e-01 3.14383388e+00
  4.26637030e+00 8.63073292e-05 1.45270920e+00 4.45590168e-01
  1.39150846e+00 1.59212160e+00 2.13165864e-01 2.24227771e-01
  9.86698568e-01 5.92675206e-05 4.34358209e-01 4.12070704e+00
  1.66284001e+00 9.60908890e-01 3.03030348e+00 6.63274169e-01
  6.28875345e-02 2.28825244e-04 2.86006355e+00 1.50730371e+00
  2.45353207e-01 1.13813829e+00]
 [3.44029725e-01 4.25718975e+00 3.61075923e-02 1.53061971e-01
  4.93110687e-01 9.82365489e-01 4.99904044e-02 2.98273683e+00
  2.76704952e-02 2.58098423e-01 2.61759102e-01 5.97665846e-01
  1.38988584e-01 1.69968736e+00 2.65238261e+00 5.52666664e-01
  8.10565054e-01 9.00514796e-03 2.47664404e+00 6.50968626e-02
  1.61968186e-01 6.72541809e+00 2.13431250e-02 7.75497258e-01
  1.60982698e-01 1.59789598e+00 6.02937341e-01 3.84273958e+00
  7.48478711e-01 4.14940761e-03 1.34792376e+00 1.51655525e-01
  1.82407010e+00 6.60182476e-01 4.61608410e+00 2.75698081e-02
  7.66298234e-01 2.23952621e-01 4.69497114e-01 4.57220703e-01
  3.02760577e+00 1.25549805e+00 1.56032193e+00 6.36699975e-01
  1.14546090e-01 1.61450550e-01 3.38224626e+00 1.22131217e+00
  9.79414443e-04 1.01117611e+00]
 [1.05568722e-01 3.80030543e-01 1.49051971e-06 9.73827671e-03
  5.82475588e-03 5.64376891e-01 1.00476511e-01 1.44270647e+00
  8.71592388e-02 1.50998607e-01 1.26944080e-01 3.36174822e+00
  5.94523013e-01 4.84686643e-01 6.19004154e+00 2.52160978e+00
  1.72972187e-01 1.75025575e-02 5.19892611e-02 6.42357394e-02
  9.17136252e-01 1.16699502e-01 1.75143220e-02 8.34926367e-02
  9.42037031e-02 1.74659586e+00 4.54758665e-05 6.67164981e-01
  3.14917278e+00 8.14947672e-03 4.04122543e+00 1.50822473e+00
  1.67287998e-02 3.69934344e+00 4.69094291e-02 3.40022302e+00
  2.34481668e+00 4.29508556e-03 4.13838953e-01 2.05076933e+00
  8.18555069e+00 2.24846220e+00 2.31026523e-02 6.87593129e-03
  1.02439612e-01 1.67774498e-01 1.67922699e+00 1.16817570e+00
  1.84701812e-02 7.47816786e-02]
 [2.41724984e-03 1.96731418e-01 1.01533728e-02 6.99364915e-02
  1.65742671e+00 4.36926174e+00 8.21248069e-03 1.71859965e-01
  6.35252744e-02 1.25325933e-01 5.85463941e-01 5.91342628e-01
  1.07112072e-01 6.60932899e-01 5.47744691e-01 7.68966734e-01
  2.66738958e-03 6.66328594e-02 1.04072936e-01 8.82169043e-05
  1.80043861e-01 3.87782343e-02 2.34635975e-02 4.83639315e-02
  6.22283854e-02 1.27950564e-01 1.54073313e-01 3.58934671e-01
  3.59019041e+00 1.32714016e-02 1.45122893e-02 1.94189167e+00
  1.53439958e-03 1.30607736e+00 2.18103407e-03 1.00797498e+00
  2.12142050e-01 4.50309664e-02 2.18474567e-02 3.98154743e-02
  2.52686548e+00 1.57031342e-02 7.80448958e-04 1.72141008e-02
  4.03417158e-04 3.81821650e-03 1.07196164e+00 1.55824327e+00
  5.65138794e-02 2.02554122e-01]
 [9.95347798e-01 3.31413388e+00 3.39748152e-03 1.76708961e+00
  6.25222445e-01 4.65765566e-01 5.07695451e-02 2.36824179e+00
  2.74498916e+00 1.94865391e-01 6.27652258e-02 1.57614183e+00
  1.35751629e+00 1.51966834e+00 2.45491910e+00 3.60990345e-01
  2.70762332e-02 3.60373557e-01 5.19493401e-01 2.93350250e-01
  2.16966772e+00 6.46920156e+00 5.62873960e-01 7.11079979e+00
  2.53003311e+00 1.10586298e+00 1.43978703e+00 2.16050267e+00
  1.89339614e-03 1.79856457e-02 2.67556369e-01 1.79382145e-01
  6.42135477e+00 9.48996186e-01 1.22546899e+00 5.18299818e-01
  4.00590971e-02 2.28001094e+00 1.20827365e+00 4.91647720e+00
  1.26465535e+00 4.34282392e-01 2.57421613e+00 1.35568857e+00
  7.76388422e-02 2.40369216e-01 5.21142817e+00 1.89507723e+00
  2.05616583e-03 5.27351022e-01]
 [8.50797117e-01 1.58740354e+00 3.74510139e-02 3.43671888e-01
  4.87240881e-01 6.77420199e-01 4.91468072e-01 2.56305432e+00
  1.85141754e+00 5.12777185e+00 3.24667245e-01 1.97302783e+00
  2.16150951e+00 2.09245420e+00 1.97094631e+00 1.44752789e+00
  1.23594880e+00 3.44436220e-03 7.14293942e-02 4.76879179e-02
  1.68988395e+00 9.50356722e-02 2.87767112e-01 5.26651330e-02
  4.36952209e+00 3.91442895e-01 4.47036773e-02 3.61497283e+00
  4.61051416e+00 2.65023708e-01 1.13837075e+00 7.74573833e-02
  3.25182724e+00 1.08728539e-02 1.07890755e-01 4.99365926e-02
  8.14765632e-01 5.16935110e-01 2.43914223e+00 4.30986404e+00
  2.94669199e+00 2.44215038e-02 7.12331831e-01 1.80906337e-02
  1.58550385e-02 1.39405057e-01 4.43840075e+00 2.32849741e+00
  1.74716283e-02 8.57699871e-01]
 [1.20453699e-03 8.82154822e-01 1.12409852e-02 5.33308461e-02
  2.12373781e+00 9.78125036e-01 1.26562277e-02 5.93535677e-02
  4.57341075e-02 6.62163049e-02 1.81715143e+00 2.13013077e+00
  5.93589067e-01 6.79289281e-01 3.72155333e+00 7.69213140e-01
  1.23644076e-01 3.63037526e-03 9.38658714e-01 5.50597571e-02
  7.47244456e-04 3.47681120e-02 4.65006195e-03 3.35443355e-02
  8.81027139e-04 6.05141856e-02 8.00107494e-02 1.36154771e+00
  4.09929705e+00 9.37426742e-03 3.01958561e+00 2.12862819e-01
  1.43429283e-02 1.75375235e+00 9.96236086e-01 3.49910147e-02
  3.46958542e+00 2.91191459e-01 2.18263102e+00 1.36371136e+00
  4.20514727e+00 1.24283957e+00 1.01122662e-01 3.80208604e-02
  3.15774649e-01 6.26919616e-04 7.37395048e-01 3.23434204e-01
  1.77002661e-02 5.35923231e-04]
 [1.34223759e-01 4.78491992e-01 6.88269455e-03 2.34024569e-01
  2.43598366e+00 2.76855779e+00 5.67527604e-04 2.15776265e-01
  4.08774763e-02 1.05560943e-01 1.78841148e-02 5.88885128e-01
  9.77348536e-02 7.89844617e-02 8.56998622e-01 1.09785545e+00
  1.18700996e-01 2.98486084e-01 7.53584143e-04 1.52096778e-01
  9.45091173e-02 3.84558458e-03 1.45774588e-01 4.11172241e-01
  1.48621164e-02 1.41528279e-01 4.03730512e-01 1.10790834e-01
  4.52089262e+00 8.29886645e-02 2.26006463e-01 2.16950369e+00
  4.12295967e-01 2.69658923e-01 2.44828463e-02 8.09157193e-01
  3.17072415e+00 1.50172636e-01 7.23795686e-03 1.35623306e-01
  9.96181890e-02 8.32044557e-02 1.87203921e-06 1.72703445e-01
  3.62186171e-02 9.43216588e-03 1.72915936e+00 1.79674053e+00
  5.14463000e-02 7.20508993e-01]
 [2.28673056e-01 4.99415779e+00 7.59860777e-05 2.03913283e+00
  7.75342956e-02 4.75898981e-01 1.07925609e-01 2.70480466e+00
  2.03211999e+00 1.64589632e+00 1.05512047e+00 7.70354629e-01
  2.29861856e+00 5.21142960e-01 1.89666736e+00 1.10540223e+00
  3.84926915e+00 4.60160635e-02 2.63375486e-03 6.04387462e-01
  1.24323463e+00 1.80568910e+00 7.97842513e-04 4.31181401e-01
  6.49972200e-01 3.33643109e-01 8.62095185e-05 3.12161064e+00
  6.57177734e+00 7.85928309e-01 2.01171637e+00 2.79588199e+00
  7.00171769e-01 2.30331742e-03 2.53001142e+00 2.63046169e+00
  2.65662044e-01 4.02042538e-01 6.67223275e-01 5.56175661e+00
  2.43551016e+00 2.39358568e+00 5.65918267e-01 3.89768230e-03
  7.34323442e-01 2.08601449e-03 3.98395205e+00 4.85291690e-01
  1.28796659e-02 8.63226533e-01]
 [9.12137926e-01 4.01007700e+00 3.17257270e-02 4.94732332e+00
  4.62312193e-04 2.26083606e-01 1.54887050e-01 3.22328877e+00
  9.04742032e-02 1.25597227e+00 1.63593137e+00 1.24524570e+00
  2.13533926e+00 3.53118014e+00 2.65645885e+00 8.80419672e-01
  1.70291618e-01 3.48503292e-02 3.82573366e-01 2.94922054e-01
  2.15649486e+00 4.53204930e-01 4.46316898e-02 1.03271127e+00
  2.66241264e+00 8.12319696e-01 1.45617604e+00 2.07919312e+00
  9.71989393e-01 8.81205082e-01 5.88157263e-06 2.90719862e-03
  5.75643730e+00 9.52416565e-03 9.17189419e-01 6.37340248e-01
  1.15254617e+00 1.48322418e-01 2.29140207e-01 3.68172979e+00
  2.88689303e+00 4.48915273e-01 1.13587868e+00 7.51262233e-02
  5.59698045e-03 1.19647451e-01 4.96914816e+00 2.11875105e+00
  5.95978200e-02 8.39815974e-01]
 [1.55018234e+00 4.74975395e+00 9.84713957e-02 2.99117327e-01
  4.84968722e-01 1.34607732e-01 4.19159651e-01 4.16180134e+00
  2.31597161e+00 1.84405172e+00 1.03361475e+00 1.10265684e+00
  2.12686872e+00 1.25918114e+00 2.38031411e+00 1.17354047e+00
  1.01331174e+00 6.04414797e+00 1.58801579e+00 3.86653803e-02
  1.96755779e+00 2.99616981e+00 6.68508351e-01 3.03418756e+00
  3.58825088e+00 2.54029059e+00 5.26273072e-01 2.38670182e+00
  2.52551645e-01 1.57000661e-01 9.65445220e-01 1.85716838e-01
  5.04480314e+00 5.50089025e+00 1.96261096e+00 4.37858105e-01
  2.72720337e-01 2.61647459e-02 6.88874543e-01 9.67401326e-01
  6.83712482e-01 9.05018091e-01 2.64741254e+00 2.35384440e+00
  1.75058725e-04 6.03969656e-02 5.29532814e+00 1.78374720e+00
  1.91251859e-01 1.21071064e+00]
 [6.50319636e-01 4.63236523e+00 1.92741811e-01 1.08768928e+00
  9.13852870e-01 6.79854274e-01 3.91228288e-01 3.08460140e+00
  6.02642393e+00 1.70122385e+00 5.15169680e-01 1.33054209e+00
  1.21253324e+00 5.12469828e-01 2.18756723e+00 1.71089232e+00
  1.80691600e+00 3.64362560e-02 4.61043864e-01 2.83290058e-01
  5.17630434e+00 2.18869463e-01 1.81748457e-02 4.79054868e-01
  2.53116870e+00 2.78947043e+00 3.48647544e-03 1.44062304e+00
  3.80455889e-02 1.99847615e+00 7.11126506e-01 9.78128314e-02
  1.72500581e-01 6.02614689e+00 3.13612437e+00 1.05609226e+00
  4.35874797e-04 1.05341470e+00 4.44326550e-02 4.31737471e+00
  2.82462978e+00 4.56918210e-01 1.10570502e+00 8.50841343e-01
  4.28733206e+00 3.33170772e-01 6.28206205e+00 6.26425624e-01
  1.66779719e-02 6.85093701e-02]
 [2.10163981e-01 3.63652100e-04 3.95648734e-04 1.39785802e+00
  1.26304018e+00 1.07954240e+00 3.15940380e-01 1.56762815e+00
  3.66255140e+00 1.26849180e-02 1.92032561e-01 6.60462901e-02
  1.51663765e-01 1.49679828e+00 1.48485869e-01 6.53286651e-02
  2.57178736e+00 4.78374660e-01 2.27132179e-02 6.97897673e-02
  3.99764180e-02 1.30876824e-01 2.06892848e-01 2.99070477e-02
  1.64437637e-01 1.67994738e-01 4.09626579e+00 2.32755852e+00
  4.46711349e+00 2.27176919e-04 3.94765556e-01 2.04710293e+00
  1.77439845e+00 4.31823395e-02 3.50668617e-02 1.32799884e-02
  2.71539778e-01 1.07423909e-01 7.48456120e-01 8.02399516e-01
  2.10983515e+00 2.44204238e-01 8.03175509e-01 3.54189545e-01
  1.90652400e-01 5.23678732e+00 3.43605280e+00 1.81899631e+00
  1.56056628e-01 9.22378659e-01]
 [3.14688566e-03 5.44287920e-01 3.30342874e-02 3.57486159e-02
  9.02197719e-01 1.69333935e+00 6.97101951e-02 1.06630027e+00
  2.99992299e+00 1.25805378e+00 2.38190347e-04 2.72924066e-01
  6.41082451e-02 5.90939581e-01 1.16438115e+00 2.07238078e+00
  7.62285471e-01 1.13185316e-01 5.51787317e-02 6.96465522e-02
  3.97334900e-03 3.62105072e-02 1.49298966e-01 1.79823764e-05
  1.27892017e-01 2.45070867e-02 2.15041459e-01 2.17758641e-01
  3.57070780e+00 2.83424946e-04 4.39305753e-01 2.17386460e+00
  4.71620142e-01 1.75301790e-01 1.83957983e-02 8.95765796e-03
  2.46925282e+00 5.90971969e-02 8.13862309e-03 5.63127697e-01
  2.61689162e+00 2.02404987e-02 3.16398799e-01 1.58126682e-01
  9.96163636e-02 3.57830673e-02 8.44850205e-03 2.28088331e+00
  9.36929658e-02 1.21159196e+00]
 [9.27352682e-02 1.42119110e-01 1.32253347e-03 1.39913440e-01
  5.60579419e-01 1.95159125e+00 1.66822539e-03 1.06029367e+00
  3.49029712e-02 2.54003069e-04 1.14718251e-01 1.16606998e+00
  3.71611826e-02 4.17871773e-01 2.58773565e+00 3.68859649e+00
  9.19584513e-01 1.33287860e-02 2.80649820e-03 6.92333058e-02
  1.11323643e+00 5.04666045e-02 2.88265739e-02 1.07161470e-01
  1.95233434e-01 1.60577763e-02 1.14602066e-04 3.08570087e-01
  2.03565454e+00 4.40714628e-01 1.15909564e+00 5.60683131e-01
  8.42467248e-02 2.45144796e+00 1.46634862e-01 8.99024755e-02
  4.66445923e+00 4.89377277e-03 6.74571376e-03 4.61289704e-01
  4.43519163e+00 1.17620312e-01 9.04603750e-02 2.45336024e-03
  3.03777313e-04 4.62135077e-02 2.38802719e+00 4.52499449e-01
  7.35482434e-03 4.13477063e-01]
 [1.02444977e-01 5.01414871e+00 3.24273519e-02 1.56422818e+00
  1.74027365e-02 1.61705643e-01 1.42366663e-01 3.29348612e+00
  3.19750285e+00 1.54556715e+00 1.21703672e+00 1.61380380e-01
  2.63122773e+00 4.68778282e-01 8.36622715e-01 2.98928916e-01
  9.58820057e+00 2.73647849e-02 3.97123009e-01 4.28124517e-02
  3.27472657e-01 3.02414596e-01 4.94908914e-02 9.23426971e-02
  3.62047285e-01 1.90980887e+00 1.08055897e-01 1.80374229e+00
  2.59379387e-01 1.63639829e-01 3.43154103e-01 9.81964171e-01
  1.94277918e+00 5.87979369e-02 5.24348244e-02 1.52475089e-01
  1.79769041e-03 2.33695190e-02 6.64481819e-01 1.28736779e-01
  8.99384141e-01 5.75781643e-01 7.53067553e-01 2.48942327e+00
  8.12915061e-03 2.39610890e-04 2.42492294e+00 2.20486537e-01
  8.54523945e+00 2.63813353e+00]
 [2.47353300e-01 7.94041189e-05 3.70963849e-02 1.34236977e-01
  7.18149869e-03 1.57477033e+00 3.15766130e-03 2.05667332e-01
  4.65188129e-03 3.29908580e-02 9.69780147e-01 2.31851602e+00
  4.41422582e-01 5.01479864e-01 3.30419588e+00 1.93619227e+00
  2.17993744e-02 1.95142953e-03 3.74144137e-01 8.41228198e-03
  1.91197491e+00 1.55000210e-01 9.20179859e-02 4.46044691e-02
  4.95185331e-03 4.14813459e-01 7.31247012e-03 3.74511451e-01
  2.60672975e+00 1.05616778e-01 3.72648478e+00 3.74893099e-01
  6.42924663e-03 3.76374078e+00 3.82933915e-01 1.96061814e+00
  2.51996493e+00 4.64259647e-02 2.22648168e+00 4.88121152e-01
  9.06793404e+00 2.36290908e+00 5.25021227e-03 1.84835568e-02
  1.13841891e-02 3.06103826e-02 1.06806099e+00 1.00101614e+00
  6.18967135e-03 2.51146173e+00]]
x0 : [2.05539307e+02 6.10897201e-04 5.46911192e+00 2.02078598e+02
 1.54734589e-02 7.82361126e+00 2.05948837e+02 1.06457295e-02
 5.62755442e+00 1.99917175e+02 1.51471570e-02 5.39413595e+00
 2.27519165e+02 1.51456753e-03 4.44643497e+00 2.33638184e+02
 4.06167737e-06 4.89203835e+00 2.01412354e+02 1.81221869e-02
 5.74920702e+00 2.06606964e+02 3.97587102e-03 7.32340050e+00
 2.06890198e+02 3.99735533e-02 8.04468918e+00 1.99923691e+02
 7.94989101e-05 5.92264318e+00 2.04805695e+02 1.07497862e-02
 5.82297802e+00 2.05110794e+02 1.04732702e-04 5.29074574e+00
 2.07528229e+02 4.48760169e-04 6.26237154e+00 2.00471085e+02
 1.14045158e-01 5.85238552e+00 2.03677063e+02 1.16693947e-04
 5.84206915e+00 2.11574554e+02 9.14525939e-04 6.60107899e+00
 2.20455872e+02 7.78065622e-03 7.09257412e+00 2.04280396e+02
 3.80220730e-03 6.77231836e+00 2.06035812e+02 2.89193820e-02
 5.17185307e+00 2.21894196e+02 3.13376629e-04 5.69435978e+00
 2.12248154e+02 3.03123292e-04 5.97140884e+00 2.27794022e+02
 2.09329766e-03 5.27863169e+00 2.02448563e+02 2.11647642e-03
 4.99837208e+00 2.17495316e+02 6.89690409e-04 5.33777094e+00
 2.14511597e+02 6.29308075e-03 5.50695038e+00 2.01130508e+02
 3.05320937e-02 5.94520855e+00 2.03198456e+02 6.69040857e-03
 5.61908770e+00 2.04729904e+02 8.59149471e-02 5.81454229e+00
 2.06181961e+02 7.41027147e-02 5.49759483e+00 2.12348755e+02
 3.82204317e-02 4.62858200e+00 2.04096802e+02 4.42617806e-04
 5.36747789e+00 2.15674667e+02 1.05570760e-02 7.18947029e+00
 2.01226089e+02 7.98617082e-04 5.41029024e+00 2.02507401e+02
 7.45663559e-03 5.33453560e+00 2.02989807e+02 9.10012241e-05
 4.82522631e+00 2.22383179e+02 2.14522825e-05 4.00961113e+00
 2.19842270e+02 1.35706912e-03 5.28665876e+00 2.02646866e+02
 1.73269334e-04 6.92621803e+00 2.11387863e+02 7.36079738e-03
 5.11214018e+00 2.11676025e+02 1.46005570e-03 5.59810114e+00
 2.11377853e+02 6.06481153e-05 5.62970304e+00 2.02740356e+02
 2.15068832e-02 6.96318054e+00 1.99701355e+02 3.91666079e-03
 5.26055098e+00 2.03644882e+02 2.43277755e-03 5.56307650e+00
 2.03834106e+02 1.98920202e-02 8.26879311e+00 2.17829208e+02
 3.01444699e-04 5.47795534e+00 2.20604736e+02 2.91859787e-02
 6.80847597e+00 2.34110641e+02 6.83233282e-03 5.30909777e+00
 2.12512772e+02 3.27625014e-02 5.62297630e+00 2.34600250e+02
 1.05523765e-02 5.51013565e+00]
nUIV_to_SIR : {'weight': array([[ 0.00292531,  0.00442009, -0.05827156],
       [ 0.0039621 ,  0.01028042, -0.1079437 ],
       [ 0.02173876,  0.0230404 , -0.7758488 ]], dtype=float32)}
