SIMULATION PARAMATERS:
SIR : {'beta': 74.925, 'gamma': 0.75, 'x0': array([0.5, 0.5, 0. ]), 'num_hosts': 50}
nUIV : {'beta': array([ 3.0845444, 11.201305 ,  2.327703 ,  6.0633245,  2.5791972,
        1.1837568,  5.0905595,  2.2815645,  2.0006082,  5.468715 ,
        3.1978555, 12.611114 ,  2.828078 ,  5.573485 ,  5.5730076,
        3.0894856,  7.065973 ,  0.6150442,  1.8854047,  2.1154454,
        4.5868974,  1.4249768,  6.0666385,  2.1380103,  3.6529722,
        5.817707 ,  5.73753  ,  2.161188 ,  5.0165215,  4.8075085,
        5.829094 ,  2.9155664,  8.471909 ,  4.505754 ,  8.418651 ,
        3.7445648,  3.453574 ,  4.9524403,  4.925353 ,  4.206128 ,
        8.666427 ,  9.618803 , 12.299441 ,  3.8833401,  4.98594  ,
        3.6248348,  6.116964 ,  3.2167835,  3.9734929,  2.9624195],
      dtype=float32), 'delta': array([1.20681152e-03, 1.26928508e+00, 3.76030207e-02, 2.68710987e-03,
       2.23496743e-02, 4.70113855e-06, 9.24866740e-03, 2.52565408e+00,
       3.00804806e+00, 2.96671316e-02, 2.74433911e-01, 1.14992714e+00,
       2.23897629e-07, 3.12711013e-09, 8.81219621e-16, 7.90502672e-05,
       1.95275784e+00, 3.87275529e+00, 1.68760642e-01, 1.56706311e-02,
       3.79127043e-04, 9.47950557e-02, 3.18589032e-01, 1.44163430e-01,
       5.01246452e-02, 7.01497186e-07, 5.16413152e-01, 2.36707111e-03,
       4.25054468e-02, 1.04029542e-02, 2.35204697e-01, 5.29057205e-01,
       1.14730345e-02, 5.23534007e-02, 6.66706497e-03, 8.09461474e-01,
       1.65584479e-02, 5.23348927e-01, 2.39388850e-02, 3.25778709e-03,
       1.36537768e-08, 7.32358515e-01, 4.13692906e-04, 4.44573834e-06,
       6.46097839e-01, 3.97718102e-02, 3.79827070e+00, 8.60958971e-05,
       5.56182977e-06, 5.68536937e-01], dtype=float32), 'p': array([8.6480367e-01, 1.9522289e-02, 3.9096722e-01, 1.2597626e-02,
       1.0993571e+00, 1.1060394e-01, 8.7324220e-01, 1.7774411e-02,
       5.5792960e-03, 9.5320767e-01, 7.0729524e-02, 2.2640882e-01,
       3.9653508e-03, 1.0960534e+00, 5.0413782e-06, 6.5094608e-01,
       9.1955438e-02, 1.6122382e-02, 2.8026357e-02, 8.5398382e-01,
       8.3382335e-03, 2.5915048e-01, 4.4384820e-04, 7.5664997e-01,
       7.2844964e-01, 5.0751199e-09, 2.1404312e-06, 7.9991287e-01,
       8.8170880e-01, 1.8304387e-01, 1.1179984e-02, 7.7782340e-07,
       1.1989797e-02, 8.5686487e-01, 9.3650550e-02, 1.2665074e-01,
       3.4131849e-01, 2.2047697e-04, 1.0750860e+00, 1.2784217e-01,
       1.1522365e+00, 3.5258713e-01, 1.3910507e+00, 7.6920044e-01,
       2.7511911e-02, 8.3916493e-02, 6.8625994e-02, 1.4118252e+00,
       1.2520113e+00, 7.3567787e-03], dtype=float32), 'c': array([1.31659523e-01, 2.13519192e+00, 5.63664772e-02, 2.02179360e+00,
       4.82682973e-01, 1.34896245e-02, 5.87377310e-01, 2.31232762e+00,
       1.92414820e+00, 1.90334761e+00, 2.95511812e-01, 1.55625486e+00,
       9.34414327e-01, 2.46196926e-01, 2.61866283e+00, 1.47206998e+00,
       2.72948861e-01, 6.33921325e-01, 1.04881072e+00, 1.01185977e+00,
       1.44000268e+00, 5.78340948e-01, 6.07037544e-03, 3.31954658e-01,
       5.69462180e-01, 2.05152154e+00, 5.72971463e-01, 1.32950187e+00,
       5.44969440e-01, 8.91519536e-04, 2.17848158e+00, 9.44682360e-01,
       1.30338013e+00, 9.58925247e-01, 1.32643902e+00, 1.52996126e-05,
       4.22684640e-01, 2.28639221e+00, 5.79579535e-07, 1.43072510e+00,
       1.33535147e+00, 6.09946884e-02, 4.67221051e-01, 3.49700779e-01,
       1.05214703e+00, 5.06952107e-01, 1.00066054e+00, 4.69961633e-05,
       2.27591291e-01, 3.41186047e-01], dtype=float32), 't': array([[3.2208595e+00, 5.0925452e-01, 3.1440449e-01, ..., 6.1690921e-01,
        1.9781177e-01, 1.3530786e+00],
       [8.6458400e-04, 3.3278474e-01, 2.4014932e-01, ..., 1.4430326e+00,
        8.4566668e-02, 1.0874708e+00],
       [1.0287171e-01, 7.8227174e-01, 4.2888727e+00, ..., 6.6935343e-01,
        4.8589015e-01, 2.2218876e+00],
       ...,
       [1.6053972e-01, 1.7453915e-02, 2.7044711e-01, ..., 6.1493546e-01,
        4.2201079e-02, 1.5532155e+00],
       [4.2875409e-02, 2.2135760e-05, 3.9294735e-02, ..., 4.4310120e-01,
        6.4526844e-01, 1.8048965e+00],
       [6.2664044e-01, 1.6273211e-01, 3.8787249e-01, ..., 1.7350367e+00,
        2.0155129e-03, 5.5259299e-01]], dtype=float32), 'x0': array([3.32248346e-05, 1.66154190e-04, 2.59891211e-04, 3.31303217e-02,
       5.03068247e-11, 3.46255541e-01, 7.70153783e-05, 1.48810807e-03,
       8.10606231e-04, 6.24063373e-01, 7.63554126e-02, 8.53291810e-01,
       6.30549729e-01, 1.62171468e-01, 1.47523997e-06, 5.19439042e-01,
       4.91031539e-03, 4.08350020e-09, 3.26545089e-01, 2.84969568e-01,
       1.72604123e-04, 1.24450249e-04, 6.67386475e-14, 6.55591428e-01,
       5.44996117e-04, 5.19542655e-12, 4.82774563e-02, 4.41431701e-01,
       1.02180806e-04, 5.92191327e-06, 1.08073717e-02, 4.05057184e-02,
       6.15902012e-04, 8.86810780e-01, 8.21281150e-02, 1.54434383e-01,
       2.24850170e-04, 3.70607190e-02, 1.32797402e-03, 1.52967000e+00,
       9.78363812e-01, 7.88504141e-04, 2.49944348e-02, 4.37104739e-02,
       1.64464474e-01, 1.00042701e+00, 9.31017026e-02, 3.66671234e-01,
       6.21383309e-01, 1.58932712e-02, 1.12969050e-04, 2.65486315e-02,
       2.28628477e-13, 7.56483816e-04, 1.77826860e-03, 8.95417145e-07,
       3.32917552e-04, 4.35184911e-02, 2.21941248e-01, 4.62185970e-04,
       3.00258636e-01, 2.77599297e-03, 9.30819008e-03, 1.05137900e-02,
       2.87848748e-02, 2.20490911e-04, 5.63360754e-06, 1.75567314e-01,
       2.58463901e-04, 3.23175304e-02, 6.76400289e-02, 1.47254163e-04,
       5.31424023e-02, 6.61728904e-02, 5.70274715e-04, 6.79854572e-01,
       1.96340447e-03, 8.63038182e-01, 7.79525144e-04, 5.35574481e-02,
       1.90440693e-03, 1.23480335e-04, 3.36948156e-01, 3.30928706e-05,
       6.29459321e-01, 2.77761251e-01, 1.44417027e-05, 2.43122235e-01,
       1.83233190e-02, 2.39408655e-06, 1.93935283e-03, 8.83005932e-02,
       2.00558975e-02, 1.35477223e-02, 2.68174317e-02, 1.29545899e-03,
       2.08599716e-02, 8.97607133e-02, 1.41668087e-02, 1.46484327e+00,
       5.98513365e-01, 1.72014453e-03, 2.45271489e-01, 9.07591265e-03,
       1.89762085e-03, 3.65086228e-01, 5.87745942e-02, 6.26560417e-04,
       8.28329287e-03, 1.36642673e-04, 6.50436220e-08, 6.27778063e-04,
       2.80500315e-02, 4.69009625e-03, 9.86571372e-01, 1.86232463e-01,
       2.12471895e-02, 5.19500911e-01, 1.35721627e-03, 1.45465061e-02,
       9.94548976e-01, 4.38178336e-04, 4.36601460e-01, 1.12456173e-01,
       1.79035575e-04, 5.93547430e-03, 1.17894912e+00, 5.87821531e-04,
       2.39642307e-01, 7.34681613e-04, 1.08255874e-02, 2.99457461e-02,
       1.47725033e-04, 1.45391403e-02, 9.75558069e-04, 1.89946309e-01,
       5.45780780e-03, 2.28303588e-06, 2.65112162e-01, 1.46105732e-11,
       7.18136434e-05, 1.08711553e+00, 4.09918100e-01, 3.90211463e-01,
       6.71774507e-01, 4.83723342e-01, 1.58929706e-05, 2.09488603e-03,
       3.33780609e-02, 2.53509484e-07], dtype=float32), 'nUIV_to_SIR': {'weight': array([[ 1.4234364 ,  0.17843442,  0.02690575],
       [ 1.3088752 ,  1.2092599 , -0.679521  ],
       [-0.5231713 ,  0.88726526,  0.9446591 ]], dtype=float32)}}
SIR MODEL PARAMETERS
beta : 74.925
gamma : 0.75
x0 : [0.5 0.5 0. ]
num_hosts : 50
NUIV MODEL PARAMETERS
beta : [ 3.0845444 11.201305   2.327703   6.0633245  2.5791972  1.1837568
  5.0905595  2.2815645  2.0006082  5.468715   3.1978555 12.611114
  2.828078   5.573485   5.5730076  3.0894856  7.065973   0.6150442
  1.8854047  2.1154454  4.5868974  1.4249768  6.0666385  2.1380103
  3.6529722  5.817707   5.73753    2.161188   5.0165215  4.8075085
  5.829094   2.9155664  8.471909   4.505754   8.418651   3.7445648
  3.453574   4.9524403  4.925353   4.206128   8.666427   9.618803
 12.299441   3.8833401  4.98594    3.6248348  6.116964   3.2167835
  3.9734929  2.9624195]
delta : [1.20681152e-03 1.26928508e+00 3.76030207e-02 2.68710987e-03
 2.23496743e-02 4.70113855e-06 9.24866740e-03 2.52565408e+00
 3.00804806e+00 2.96671316e-02 2.74433911e-01 1.14992714e+00
 2.23897629e-07 3.12711013e-09 8.81219621e-16 7.90502672e-05
 1.95275784e+00 3.87275529e+00 1.68760642e-01 1.56706311e-02
 3.79127043e-04 9.47950557e-02 3.18589032e-01 1.44163430e-01
 5.01246452e-02 7.01497186e-07 5.16413152e-01 2.36707111e-03
 4.25054468e-02 1.04029542e-02 2.35204697e-01 5.29057205e-01
 1.14730345e-02 5.23534007e-02 6.66706497e-03 8.09461474e-01
 1.65584479e-02 5.23348927e-01 2.39388850e-02 3.25778709e-03
 1.36537768e-08 7.32358515e-01 4.13692906e-04 4.44573834e-06
 6.46097839e-01 3.97718102e-02 3.79827070e+00 8.60958971e-05
 5.56182977e-06 5.68536937e-01]
p : [8.6480367e-01 1.9522289e-02 3.9096722e-01 1.2597626e-02 1.0993571e+00
 1.1060394e-01 8.7324220e-01 1.7774411e-02 5.5792960e-03 9.5320767e-01
 7.0729524e-02 2.2640882e-01 3.9653508e-03 1.0960534e+00 5.0413782e-06
 6.5094608e-01 9.1955438e-02 1.6122382e-02 2.8026357e-02 8.5398382e-01
 8.3382335e-03 2.5915048e-01 4.4384820e-04 7.5664997e-01 7.2844964e-01
 5.0751199e-09 2.1404312e-06 7.9991287e-01 8.8170880e-01 1.8304387e-01
 1.1179984e-02 7.7782340e-07 1.1989797e-02 8.5686487e-01 9.3650550e-02
 1.2665074e-01 3.4131849e-01 2.2047697e-04 1.0750860e+00 1.2784217e-01
 1.1522365e+00 3.5258713e-01 1.3910507e+00 7.6920044e-01 2.7511911e-02
 8.3916493e-02 6.8625994e-02 1.4118252e+00 1.2520113e+00 7.3567787e-03]
c : [1.31659523e-01 2.13519192e+00 5.63664772e-02 2.02179360e+00
 4.82682973e-01 1.34896245e-02 5.87377310e-01 2.31232762e+00
 1.92414820e+00 1.90334761e+00 2.95511812e-01 1.55625486e+00
 9.34414327e-01 2.46196926e-01 2.61866283e+00 1.47206998e+00
 2.72948861e-01 6.33921325e-01 1.04881072e+00 1.01185977e+00
 1.44000268e+00 5.78340948e-01 6.07037544e-03 3.31954658e-01
 5.69462180e-01 2.05152154e+00 5.72971463e-01 1.32950187e+00
 5.44969440e-01 8.91519536e-04 2.17848158e+00 9.44682360e-01
 1.30338013e+00 9.58925247e-01 1.32643902e+00 1.52996126e-05
 4.22684640e-01 2.28639221e+00 5.79579535e-07 1.43072510e+00
 1.33535147e+00 6.09946884e-02 4.67221051e-01 3.49700779e-01
 1.05214703e+00 5.06952107e-01 1.00066054e+00 4.69961633e-05
 2.27591291e-01 3.41186047e-01]
t : [[3.2208595e+00 5.0925452e-01 3.1440449e-01 ... 6.1690921e-01
  1.9781177e-01 1.3530786e+00]
 [8.6458400e-04 3.3278474e-01 2.4014932e-01 ... 1.4430326e+00
  8.4566668e-02 1.0874708e+00]
 [1.0287171e-01 7.8227174e-01 4.2888727e+00 ... 6.6935343e-01
  4.8589015e-01 2.2218876e+00]
 ...
 [1.6053972e-01 1.7453915e-02 2.7044711e-01 ... 6.1493546e-01
  4.2201079e-02 1.5532155e+00]
 [4.2875409e-02 2.2135760e-05 3.9294735e-02 ... 4.4310120e-01
  6.4526844e-01 1.8048965e+00]
 [6.2664044e-01 1.6273211e-01 3.8787249e-01 ... 1.7350367e+00
  2.0155129e-03 5.5259299e-01]]
x0 : [3.32248346e-05 1.66154190e-04 2.59891211e-04 3.31303217e-02
 5.03068247e-11 3.46255541e-01 7.70153783e-05 1.48810807e-03
 8.10606231e-04 6.24063373e-01 7.63554126e-02 8.53291810e-01
 6.30549729e-01 1.62171468e-01 1.47523997e-06 5.19439042e-01
 4.91031539e-03 4.08350020e-09 3.26545089e-01 2.84969568e-01
 1.72604123e-04 1.24450249e-04 6.67386475e-14 6.55591428e-01
 5.44996117e-04 5.19542655e-12 4.82774563e-02 4.41431701e-01
 1.02180806e-04 5.92191327e-06 1.08073717e-02 4.05057184e-02
 6.15902012e-04 8.86810780e-01 8.21281150e-02 1.54434383e-01
 2.24850170e-04 3.70607190e-02 1.32797402e-03 1.52967000e+00
 9.78363812e-01 7.88504141e-04 2.49944348e-02 4.37104739e-02
 1.64464474e-01 1.00042701e+00 9.31017026e-02 3.66671234e-01
 6.21383309e-01 1.58932712e-02 1.12969050e-04 2.65486315e-02
 2.28628477e-13 7.56483816e-04 1.77826860e-03 8.95417145e-07
 3.32917552e-04 4.35184911e-02 2.21941248e-01 4.62185970e-04
 3.00258636e-01 2.77599297e-03 9.30819008e-03 1.05137900e-02
 2.87848748e-02 2.20490911e-04 5.63360754e-06 1.75567314e-01
 2.58463901e-04 3.23175304e-02 6.76400289e-02 1.47254163e-04
 5.31424023e-02 6.61728904e-02 5.70274715e-04 6.79854572e-01
 1.96340447e-03 8.63038182e-01 7.79525144e-04 5.35574481e-02
 1.90440693e-03 1.23480335e-04 3.36948156e-01 3.30928706e-05
 6.29459321e-01 2.77761251e-01 1.44417027e-05 2.43122235e-01
 1.83233190e-02 2.39408655e-06 1.93935283e-03 8.83005932e-02
 2.00558975e-02 1.35477223e-02 2.68174317e-02 1.29545899e-03
 2.08599716e-02 8.97607133e-02 1.41668087e-02 1.46484327e+00
 5.98513365e-01 1.72014453e-03 2.45271489e-01 9.07591265e-03
 1.89762085e-03 3.65086228e-01 5.87745942e-02 6.26560417e-04
 8.28329287e-03 1.36642673e-04 6.50436220e-08 6.27778063e-04
 2.80500315e-02 4.69009625e-03 9.86571372e-01 1.86232463e-01
 2.12471895e-02 5.19500911e-01 1.35721627e-03 1.45465061e-02
 9.94548976e-01 4.38178336e-04 4.36601460e-01 1.12456173e-01
 1.79035575e-04 5.93547430e-03 1.17894912e+00 5.87821531e-04
 2.39642307e-01 7.34681613e-04 1.08255874e-02 2.99457461e-02
 1.47725033e-04 1.45391403e-02 9.75558069e-04 1.89946309e-01
 5.45780780e-03 2.28303588e-06 2.65112162e-01 1.46105732e-11
 7.18136434e-05 1.08711553e+00 4.09918100e-01 3.90211463e-01
 6.71774507e-01 4.83723342e-01 1.58929706e-05 2.09488603e-03
 3.33780609e-02 2.53509484e-07]
nUIV_to_SIR : {'weight': array([[ 1.4234364 ,  0.17843442,  0.02690575],
       [ 1.3088752 ,  1.2092599 , -0.679521  ],
       [-0.5231713 ,  0.88726526,  0.9446591 ]], dtype=float32)}
