SIR MODEL PARAMETERS
beta : 22.5
gamma : 0.25
x0 : [0.75 0.25 0.  ]
num_hosts : 50
NUIV MODEL PARAMETERS
beta : [2.30952312e-04 6.09236013e-04 2.86892146e-01 2.08468502e-03
 2.91191973e-02 1.36575266e-03 8.35106671e-02 1.00281441e-05
 4.18709544e-03 4.17218806e-04 3.14003526e-04 7.58177193e-04
 8.51518242e-04 1.92226755e-04 6.91477510e-07 2.32912089e-06
 6.38004318e-02 1.22939214e-01 6.86587708e-04 1.16606280e-02
 5.34753897e-04 4.85268083e-06 2.96472717e-04 3.82278301e-03
 3.69023095e-04 5.24655392e-04 1.53232235e-04 1.24448501e-01
 1.00105992e-02 3.72288749e-04 3.80220408e-05 9.47813503e-03
 1.64510508e-04 1.32754317e-03 1.60589889e-01 1.05745607e-06
 5.39236143e-02 1.19500067e-02 4.60925065e-02 2.43172003e-03
 4.09092695e-01 4.81437892e-02 2.02079177e-01 2.25269832e-02
 4.23847837e-03 1.31825898e-02 6.72992289e-01 4.47004932e-05
 3.05398852e-02 8.90110135e-01]
delta : [1.0750539  1.1655984  0.50622994 0.924961   0.25287765 0.25259873
 0.15508164 0.7163617  0.75325435 0.13626032 0.17626886 1.0864949
 0.14762588 0.2635826  0.54377854 0.2531166  0.16910154 0.15874612
 0.17109197 0.14518583 1.1763941  0.13957639 1.1143254  0.13648318
 0.13003126 1.1961907  0.16108057 1.1468408  0.41208053 0.19330768
 1.1618104  0.43592653 1.1119765  0.12950675 0.12918754 0.16978109
 0.14969867 0.13801923 0.15276799 0.13808605 0.2058891  0.191785
 0.16463633 0.8619564  0.2145096  0.14878018 0.14086074 0.7745431
 0.25186002 0.17156918]
p : [0.20061462 0.19998832 0.20894793 0.19766541 0.31837234 0.19779123
 1.2651516  0.20321554 0.20078471 0.2761024  0.15027711 0.2005933
 0.23863883 0.40243933 0.22854225 0.41236287 1.2038016  1.3339236
 0.23662417 0.22448094 0.20017473 0.80286163 0.2168645  0.18252318
 0.96519196 0.20114803 1.3461072  0.20073532 0.27512088 0.24750936
 0.20003346 0.20419498 0.11221772 0.6868416  1.0933101  0.49433213
 1.6123253  0.4372301  0.9945995  0.34285513 0.18530147 0.0742634
 1.209974   0.20004925 0.20463793 0.29925117 1.48392    0.2051535
 0.72582895 0.89920324]
c : [2.3723552e+00 2.3875790e+00 2.3671556e+00 2.3903420e+00 1.1565621e-06
 2.3903563e+00 1.1936396e-04 2.3969927e+00 2.3815403e+00 2.3760226e+00
 2.3489678e+00 2.3890193e+00 2.3928728e+00 1.4413005e+00 2.3954051e+00
 8.1281643e-04 1.1798269e-02 1.0980157e-02 2.3921497e+00 2.3957446e+00
 2.3835020e+00 1.4678707e+00 2.3684902e+00 2.3893726e+00 2.3004904e+00
 2.3725872e+00 8.5112892e-02 2.3972595e+00 1.9835417e-04 2.3802419e+00
 2.3979936e+00 1.2158074e+00 2.3994639e+00 2.3345490e+00 2.0563307e+00
 2.3680189e+00 1.9971257e-04 2.3649075e+00 9.0990163e-02 2.3855700e+00
 4.1918829e-02 2.3952637e+00 1.0421195e-02 2.3864038e+00 2.2052317e+00
 2.3882136e+00 1.5335760e-01 2.3886993e+00 6.0702905e-06 3.4691480e-01]
t : [[2.27433944e+00 9.80226994e-02 5.92733435e-02 2.27227295e-03
  1.51794147e+00 7.40255637e-04 2.97599494e-01 5.18677771e-05
  1.47201896e-01 3.00003737e-01 1.85587779e-02 3.30089182e-02
  2.72265710e-02 3.81256878e-01 8.31821095e-03 1.02375698e+00
  1.58807886e+00 1.23986447e+00 4.63986158e-04 1.30052241e-02
  7.08374530e-02 1.37031917e-02 1.68060362e-01 1.38981837e-09
  4.00940515e-02 1.08823150e-01 3.90664935e-01 3.84528488e-02
  6.49523556e-01 1.83123975e-05 7.14449561e-04 5.31506419e-01
  2.59873569e-02 6.26985636e-03 5.74427769e-02 4.75463830e-03
  7.37102509e-01 4.48082760e-02 1.37261860e-02 5.28324861e-04
  8.41794372e-01 1.10613285e-02 1.81543362e+00 1.17358090e-02
  2.35349398e-06 3.97171716e-05 1.97834611e+00 1.01374246e-01
  9.57876265e-01 8.09519351e-01]
 [4.37643286e-03 1.79629695e+00 3.43897045e-02 1.52215990e-03
  1.15684903e+00 9.25650261e-03 3.97175224e-03 1.14426790e-02
  3.24416906e-02 5.98618435e-03 6.27912208e-02 4.00193920e-03
  1.56871844e-02 2.25906223e-01 3.40240798e-03 2.15927100e+00
  5.48214078e-01 7.15089068e-02 4.10638470e-03 8.34340323e-03
  6.68324083e-02 1.39855169e-04 8.01663548e-02 2.37870850e-02
  1.54301915e-02 6.38872507e-06 5.68735600e-01 7.31946714e-03
  1.13013268e+00 1.76898902e-03 3.46723100e-04 8.76866400e-01
  5.59378276e-03 2.82781094e-01 2.25615258e-05 7.10368305e-02
  4.21886206e-01 1.94960963e-02 4.25665965e-03 7.51324184e-03
  8.42094183e-01 4.17343937e-02 4.59899694e-01 2.75848769e-02
  6.97834010e-04 8.27358104e-03 1.57040846e+00 4.92592575e-03
  1.96763039e-01 9.88392472e-01]
 [1.36070742e-06 2.70170414e-10 5.09830093e+00 1.21103881e-07
  1.61302257e+00 3.24487500e-03 1.10625278e-03 5.33244126e-02
  9.03642103e-02 3.18817125e-04 1.37657121e-01 2.67543601e-06
  1.47088673e-02 4.29366482e-03 6.59059128e-03 5.32982886e-01
  1.73772228e+00 8.37447703e-01 3.21959349e-04 1.19888550e-02
  7.88855460e-03 1.47268362e-03 2.23126262e-01 1.85012147e-02
  6.91190315e-03 3.98340300e-02 5.84246039e-01 1.81062110e-02
  2.70911396e-01 3.12187694e-06 5.48923155e-03 4.36213791e-01
  3.95191982e-02 4.87725018e-04 1.59172431e-01 1.45082578e-01
  8.79464149e-01 6.75915213e-10 4.26790630e-03 2.66540004e-03
  1.32413781e+00 6.78257942e-02 1.40159070e+00 5.17532462e-03
  2.84411028e-09 8.72688761e-05 1.34230137e+00 2.79993098e-03
  1.37030423e+00 6.44620419e-01]
 [3.32468301e-02 5.26206493e-01 1.94600046e-01 7.32677519e-01
  5.67276657e-01 6.54845417e-01 1.38054645e+00 2.78911233e-01
  1.03165126e-04 1.52534139e+00 2.98819363e-01 3.33932275e-03
  4.03811503e-03 1.11916721e+00 3.39189023e-01 1.39584267e+00
  1.47826600e+00 4.38821316e-01 6.24238074e-01 6.05592132e-02
  3.11662853e-01 1.95778120e+00 1.12741552e-02 2.09033862e-02
  1.24641433e-01 2.59803563e-01 1.38805914e+00 2.71052867e-01
  1.40966845e+00 7.35400617e-02 6.68553889e-01 3.98929268e-01
  8.08414668e-02 2.59689897e-01 3.66872787e-01 4.03294563e-02
  1.19156623e+00 2.86545217e-01 5.84597886e-01 4.80729610e-01
  3.11409056e-01 7.99041614e-02 8.54325533e-01 4.55177724e-01
  4.90116805e-01 1.09319746e-01 8.99198771e-01 2.02038980e+00
  6.11465394e-01 5.84249794e-01]
 [1.23563986e-02 5.37028536e-02 2.10348088e-02 2.71648616e-02
  2.06745937e-02 1.48458956e-02 1.50563359e-01 1.94208845e-02
  1.76053178e-02 1.13170566e-02 6.70763850e-02 1.90041643e-02
  5.14807354e-04 3.55056557e-03 1.23442872e-03 3.36746407e+00
  1.05236447e+00 4.61539775e-01 7.27320760e-02 1.39756761e-02
  1.72681012e-03 1.14794478e-01 1.52194584e-02 5.20223863e-02
  1.96992047e-03 4.02543810e-05 4.29116875e-01 1.13706384e-02
  6.59076750e-01 3.98999117e-02 1.86228789e-02 6.52610719e-01
  2.49883570e-02 7.40234274e-03 5.18031828e-02 1.96535925e-08
  5.67852892e-02 9.66401203e-05 7.26567358e-02 3.22041661e-02
  1.01403379e+00 1.76164394e-04 1.86075473e+00 3.12433355e-02
  3.32168156e-06 1.31509423e-01 2.42016006e+00 2.63855726e-01
  5.80637872e-01 4.75197285e-01]
 [9.20660853e-01 3.44941884e-01 2.13243529e-01 2.86927968e-01
  6.26377881e-01 1.01810539e+00 1.00662589e+00 4.17353243e-01
  1.28662601e-01 1.36904550e+00 4.38556373e-02 6.35168016e-01
  7.44151250e-02 5.84016740e-01 1.04358003e-01 8.07267904e-01
  5.38972557e-01 1.21453870e-02 6.74480796e-01 3.36399347e-01
  6.73937321e-01 2.76269913e+00 8.92247073e-03 5.63947558e-01
  1.56112850e+00 4.80591774e-01 6.77931964e-01 7.08971918e-01
  2.68602639e-01 3.79055232e-01 1.59764077e-05 3.80568272e-05
  2.31246147e-02 8.68585944e-01 3.69412810e-01 5.26946008e-01
  4.75328192e-02 7.44376123e-01 1.10198748e+00 6.75565004e-01
  5.32221515e-03 8.10437948e-02 4.06074561e-02 5.64049602e-01
  1.32656455e+00 8.70312527e-02 3.69357020e-01 1.17046762e+00
  4.60549831e-01 1.11444879e+00]
 [1.09426230e-02 3.15745659e-02 1.03266502e-03 4.68211598e-04
  2.94500440e-01 7.48075428e-04 4.55795467e-01 1.60677169e-04
  2.83786356e-02 2.60419041e-01 4.48821522e-02 2.66637970e-02
  9.32362946e-06 5.40199697e-01 9.20981165e-07 1.21236289e+00
  9.21571434e-01 4.69905138e-01 6.70463871e-03 1.89752245e-04
  2.80009187e-03 4.73907471e-01 1.91564504e-02 8.27921667e-06
  1.50454161e-06 1.38125420e-02 6.22550584e-02 1.66682864e-03
  1.82886469e+00 1.48757920e-03 2.09415998e-06 8.85292292e-01
  1.00227294e-03 6.03710972e-02 2.94535607e-03 4.07240004e-04
  7.04690099e-01 2.46267242e-04 9.76345912e-02 2.50361495e-07
  8.71455073e-01 1.55523410e-02 1.47085118e+00 4.75965906e-03
  8.86106427e-05 8.02991260e-03 1.20406580e+00 8.73570085e-01
  1.74664819e+00 9.83420670e-01]
 [6.51223361e-01 4.68790919e-01 3.52957062e-02 4.83841509e-01
  3.85446846e-01 1.38582036e-01 9.31198120e-01 1.19375229e+00
  1.29750296e-01 1.46040606e+00 1.04228020e-01 4.10013311e-02
  5.74671663e-03 8.95408392e-01 8.98771942e-01 1.34104455e+00
  5.39466262e-01 4.68175858e-01 1.54687718e-01 1.26958907e-01
  3.08895707e-01 2.60984373e+00 3.30187031e-04 1.70588776e-01
  2.02297187e+00 2.16666967e-01 9.25544649e-02 1.10338263e-01
  8.03118587e-01 3.52049500e-01 4.04085815e-01 1.13272929e+00
  5.79311475e-02 1.23603129e+00 3.19565415e-01 6.44881725e-01
  1.86388910e-01 8.51549625e-01 8.92615080e-01 1.10697687e-01
  3.34412217e-01 1.70560271e-01 3.47349763e-01 7.47918487e-01
  9.90578890e-01 2.05021232e-01 7.84915030e-01 1.23287845e+00
  1.17033863e+00 8.67727280e-01]
 [6.89323723e-01 7.68175662e-01 6.79630712e-02 5.75587928e-01
  3.11964452e-01 1.79202020e-01 2.86499763e+00 4.27689463e-01
  1.14565074e+00 2.39392042e+00 1.32180387e-02 1.95323545e-02
  3.02688740e-02 1.30037093e+00 5.86710274e-01 8.62029672e-01
  2.92986602e-01 1.13360509e-02 1.87523425e+00 1.61345378e-01
  1.94717559e-03 1.91700041e+00 8.70860666e-02 7.28833396e-03
  9.26142558e-02 5.13318002e-01 1.08042097e+00 3.49894129e-02
  1.09517944e+00 7.41285607e-02 4.04617906e-01 1.70891356e+00
  4.48930144e-01 2.67468977e+00 7.30420113e-01 6.84264064e-01
  8.85290802e-02 9.51979041e-01 2.73592901e+00 1.08390734e-01
  2.64617857e-02 6.12534769e-02 3.75164039e-02 8.84699047e-01
  1.07152142e-01 4.73887660e-03 5.69891512e-01 1.20933779e-01
  1.43565044e-01 8.99956524e-01]
 [2.48559732e-02 1.93411373e-02 1.85830395e-05 1.03033039e-04
  1.87592041e-02 3.56805534e-03 7.16841742e-02 1.33147393e-03
  1.90608930e-02 1.91750348e+00 6.70293272e-02 5.78107126e-02
  7.74968576e-05 7.75463581e-01 2.38576275e-03 2.82404065e+00
  8.42091560e-01 3.05272520e-01 9.17924568e-04 2.38313305e-06
  4.95613366e-03 4.23597358e-02 8.60349368e-03 4.84618567e-07
  7.31519237e-02 6.94671422e-02 8.45716715e-01 4.42394661e-03
  1.56246245e+00 5.27591817e-03 2.16151170e-06 1.41941643e+00
  6.92011672e-05 9.49867442e-02 2.10471699e-04 1.04712825e-02
  5.13152480e-01 3.82326192e-07 1.08254422e-02 2.16801674e-03
  4.92149651e-01 5.81457093e-02 7.34398842e-01 1.51652321e-02
  1.05938321e-04 1.34666050e-06 6.48804963e-01 7.14246452e-01
  1.48758221e+00 1.05993748e+00]
 [1.34663573e-02 4.38688636e-01 1.06828310e-01 8.60738382e-03
  3.33389133e-01 7.70099268e-06 3.61336082e-01 4.78842221e-02
  6.57327622e-02 2.13405024e-03 4.00160885e+00 2.07683793e-03
  3.57499719e-02 3.13989371e-02 2.17830902e-03 5.44013560e-01
  1.09524155e+00 1.06361985e+00 9.91136115e-03 1.49925575e-06
  8.73557408e-04 1.15037290e-02 2.21307650e-01 6.29505143e-03
  2.20738687e-02 2.56071210e-01 5.44610083e-01 6.45712167e-02
  6.61689192e-02 2.38290685e-03 3.20318708e-04 2.38798007e-01
  3.54157165e-02 1.29617721e-01 2.80905724e-01 3.16525344e-04
  6.43232107e-01 1.85596794e-02 3.87339592e-01 3.74077645e-04
  1.32914400e+00 3.62717062e-02 1.76079142e+00 1.17590844e-05
  4.16505290e-03 9.52041298e-02 1.99350619e+00 3.63383384e-04
  1.01052797e+00 5.60627878e-01]
 [7.87958920e-01 5.91792166e-02 5.45269549e-01 3.47525068e-02
  5.12443662e-01 9.30383976e-04 5.28012514e-01 4.77289141e-04
  9.86528862e-03 2.96764922e+00 4.71604206e-02 1.65184164e+00
  6.88337758e-02 1.36733735e+00 4.75857466e-01 9.72863853e-01
  1.73145756e-01 3.23482960e-01 8.66602182e-01 8.10003802e-02
  1.24083847e-01 4.05145597e+00 2.76227683e-01 1.62115751e-03
  1.69945586e+00 3.13679248e-01 5.02871573e-01 6.81916118e-01
  9.93494511e-01 2.22138781e-03 1.39548814e+00 1.20497334e+00
  4.28457774e-04 1.59379804e+00 5.85113391e-02 2.46146947e-01
  3.40113670e-01 9.72085059e-01 1.26596057e+00 3.55918974e-01
  3.33185375e-01 8.62037018e-03 1.16459720e-01 1.63155162e+00
  1.21194839e+00 9.36287642e-03 1.94020078e-01 5.89837849e-01
  3.02343607e-01 8.40747237e-01]
 [1.20000529e+00 3.24508846e-01 9.95534658e-02 6.45655751e-01
  5.04880488e-01 1.30025342e-01 8.17179143e-01 5.35438210e-02
  7.47681379e-01 1.71161401e+00 1.89582124e-01 5.59898317e-01
  2.36418128e+00 7.59493887e-01 1.57418966e-01 2.86897123e-01
  2.87680541e-05 5.61993957e-01 9.43198621e-01 1.44727245e-01
  6.38846040e-01 3.05837965e+00 1.35605102e-02 2.06545442e-02
  7.14999763e-03 4.40110236e-01 1.29667604e+00 7.23552257e-02
  3.59808445e-01 6.53895855e-01 1.21230352e+00 1.09135509e+00
  3.98676723e-01 1.30067623e+00 3.13649803e-01 5.62959909e-01
  6.41305149e-01 1.36470914e+00 1.28568006e+00 1.06523323e+00
  3.22725475e-01 5.69759429e-01 4.47074679e-04 8.44783261e-02
  1.24150836e+00 5.71755916e-02 3.50334585e-01 9.59008455e-01
  1.00682989e-01 4.44882631e-01]
 [2.77030934e-03 4.11130581e-03 1.57306075e-01 2.25421358e-02
  1.00844467e+00 1.42185315e-02 1.06799996e+00 7.87152036e-04
  2.67191380e-02 3.64894420e-02 1.02419473e-01 5.52397069e-06
  1.87745560e-02 8.16615820e-01 3.14886973e-04 1.25878227e+00
  6.98870301e-01 3.51855941e-02 5.12638269e-03 2.39315405e-02
  1.08799897e-02 1.06087661e+00 1.11074727e-02 5.83989918e-03
  1.78682640e-01 2.56384328e-06 3.53599221e-01 4.33642138e-03
  4.74528581e-01 5.14917448e-02 1.81318205e-02 2.95932484e+00
  8.22788163e-04 1.18614570e-03 8.96902084e-02 6.13756804e-03
  3.21500331e-01 1.13388023e-03 4.34062816e-03 4.40388247e-02
  3.09111863e-01 4.47178483e-02 1.17300117e+00 3.21108937e-01
  1.07738936e-06 3.34114432e-02 3.57006490e-01 9.18200970e-01
  8.95513296e-01 1.48941398e+00]
 [1.42521989e+00 7.11743593e-01 5.41060448e-01 5.98494476e-03
  2.79542983e-01 2.44910326e-02 1.02716839e+00 4.29595619e-01
  9.12970901e-01 1.58370876e+00 5.76333255e-02 7.88505495e-01
  2.75855903e-02 1.05728281e+00 1.06445384e+00 6.59901559e-01
  5.42373657e-01 4.36853319e-02 5.95418990e-01 3.70527118e-01
  9.15618688e-02 3.29468393e+00 5.43251215e-03 7.31500149e-01
  1.02671683e+00 8.73210013e-01 3.75909299e-01 6.11150086e-01
  5.15303850e-01 2.78919656e-02 8.36702526e-01 1.07739377e+00
  6.33053184e-02 1.16301322e+00 5.64279974e-01 4.41716641e-01
  3.03963498e-05 9.83081281e-01 1.46101785e+00 4.26561505e-01
  1.86101242e-04 3.56639564e-01 9.01358008e-01 1.62574396e-01
  8.09399486e-01 2.14825913e-01 6.04294062e-01 1.79889590e-01
  8.14416885e-01 8.31392765e-01]
 [2.65736689e-05 2.19429910e-01 1.63465723e-01 7.94920977e-03
  8.81470442e-02 4.93149413e-03 6.31296754e-01 1.32905564e-03
  1.48966559e-03 3.08873300e-02 6.63818121e-02 7.02521810e-03
  4.54264786e-03 9.46471393e-01 2.62138899e-04 2.06719320e-02
  4.05728549e-01 3.44812155e-01 3.98835652e-02 1.42335817e-02
  7.76114920e-03 1.35675275e+00 2.74321456e-02 1.34889051e-04
  1.51327447e-04 3.40020172e-02 2.65475541e-01 2.15209671e-03
  1.50220764e+00 3.54258344e-02 1.81416571e-02 8.38576496e-01
  4.48695533e-02 1.03696510e-01 7.70169199e-02 1.42412996e-02
  4.16571856e-01 1.57632623e-02 2.65129469e-02 9.58068922e-05
  4.81786191e-01 5.11743762e-02 6.83139488e-02 5.09178817e-01
  6.88953884e-03 1.32135814e-04 4.89529788e-01 1.55539751e+00
  1.01466513e+00 1.48257816e+00]
 [8.56580664e-06 6.82658032e-02 5.72116161e-03 1.16720650e-04
  1.99040127e+00 2.97353923e-04 1.72049654e+00 5.65690745e-04
  3.81144127e-05 3.77048373e-01 1.38192689e-02 2.50521861e-03
  2.31732683e-05 4.28374797e-01 1.03927800e-08 1.18411720e+00
  2.26535901e-01 1.10947454e+00 5.90855489e-03 7.95208450e-07
  2.07683118e-03 7.76443899e-01 2.68361513e-02 5.63136071e-09
  1.13653289e-06 3.94630733e-05 1.14896648e-01 3.29095405e-04
  5.98644391e-02 2.11796752e-04 5.06896642e-04 8.62802088e-01
  1.73453614e-03 1.91827372e-01 1.44784525e-03 5.82317077e-03
  3.13438326e-01 1.47552518e-02 2.94027589e-02 1.88143531e-05
  6.50205910e-01 2.85899118e-02 8.57722282e-01 6.06833473e-02
  5.84968308e-04 1.82258300e-02 1.42867732e+00 9.30158257e-01
  2.36325288e+00 8.05553317e-01]
 [6.87344326e-03 2.24888325e-01 1.86246165e-04 1.15264535e-04
  1.01835680e+00 4.44787671e-04 1.37299013e+00 2.96781782e-05
  6.65720701e-02 8.66833851e-02 4.85770032e-02 9.05512720e-02
  7.17452494e-05 1.73402373e-02 2.74174212e-08 1.22650921e+00
  1.37994957e+00 4.29346323e-01 8.09302777e-02 1.32646324e-04
  4.44214232e-03 1.38014221e+00 1.02237286e-02 1.19201820e-02
  2.30387188e-02 2.91045420e-02 2.31975387e-03 2.38501684e-06
  1.62644362e+00 2.23247474e-03 3.61016544e-04 8.60144138e-01
  1.64496456e-03 1.01105741e-03 1.11479200e-02 1.92803666e-02
  3.08023632e-01 5.26582589e-05 8.64987299e-02 4.82509524e-04
  9.28444505e-01 5.20414822e-02 1.89079678e+00 1.47514278e-04
  7.42080584e-02 7.39203941e-04 1.60804200e+00 7.20534623e-01
  2.20266175e+00 1.79637056e-02]
 [4.45620390e-03 7.76008610e-03 1.91932395e-01 1.20173264e-02
  1.11264539e+00 1.35119399e-03 1.41733539e+00 4.70113344e-02
  1.23011768e-01 6.90529525e-01 1.34922698e-01 9.48546731e-05
  5.07105105e-02 9.46248174e-01 8.41632709e-02 1.84241748e+00
  8.75381768e-01 7.38857448e-01 3.15441227e+00 6.96499199e-02
  8.95577744e-02 6.48352981e-01 7.78367519e-02 4.73260786e-03
  5.66953540e-01 1.04071025e-03 1.10328007e+00 1.74971670e-01
  1.36634922e+00 4.78788419e-03 1.03072990e-02 7.13841498e-01
  7.64836222e-02 3.30539435e-01 6.59798970e-03 3.38718206e-01
  1.60063431e-01 3.29002477e-02 1.93275735e-02 1.10810496e-01
  2.28971675e-01 1.36028707e-01 4.81614500e-01 4.82566595e-01
  3.85193303e-02 7.87390163e-04 1.38083923e+00 5.28149188e-01
  1.29812920e+00 5.65994799e-01]
 [9.77923691e-01 5.78815281e-01 4.85954434e-02 3.74297082e-01
  9.99521673e-01 1.29804686e-01 1.07116842e+00 1.59436285e-01
  3.19736749e-01 9.91499066e-01 1.33822421e-02 7.58049488e-01
  5.13049252e-02 1.09368563e+00 4.70767729e-04 1.05470860e+00
  5.20085692e-01 4.67810929e-01 1.03600585e+00 1.18642294e+00
  3.35096627e-01 2.27261925e+00 4.44033332e-02 1.99059937e-02
  3.66941025e-03 2.05203667e-01 7.34879434e-01 2.89233863e-01
  1.00959229e+00 3.66899243e-04 4.40339297e-01 4.25660938e-01
  6.84034871e-03 9.56588805e-01 2.23659024e-01 7.44287074e-01
  1.85160697e-01 6.63093030e-02 1.09833992e+00 4.84431565e-01
  2.26632163e-01 2.28590462e-02 1.49796617e+00 5.50552551e-03
  9.18640375e-01 2.70984858e-01 8.03832054e-01 1.76929712e+00
  7.54316986e-01 9.79748607e-01]
 [3.55196327e-01 4.54957068e-01 1.68286145e-01 3.18516284e-01
  4.28462327e-01 3.26859206e-02 1.14944708e+00 3.29839796e-01
  4.63406771e-01 1.28353858e+00 1.99736267e-01 2.84745276e-01
  2.25107342e-01 1.26570439e+00 2.06619337e-01 1.20636392e+00
  4.76120800e-01 1.17604399e+00 1.06760228e+00 5.19673452e-02
  8.92407656e-01 3.49072695e+00 1.49475643e-03 2.07653776e-01
  1.00359476e+00 2.78213471e-01 5.40714145e-01 5.83319843e-01
  4.46423173e-01 5.08107007e-01 4.76854414e-01 1.08849168e+00
  1.69299170e-02 1.45810568e+00 6.12196982e-01 5.48356712e-01
  2.30056226e-01 5.35395563e-01 7.32376873e-01 3.45790503e-03
  1.29533261e-01 3.82576399e-02 5.21826483e-02 2.58062631e-01
  8.39994609e-01 5.48991598e-02 1.11084366e+00 1.97951400e+00
  6.10628366e-01 7.41800308e-01]
 [3.16117750e-03 1.35895156e-04 9.02720727e-03 2.17585359e-04
  1.00705624e+00 8.44016904e-04 3.29869151e-01 1.58556286e-04
  2.99703926e-02 1.26712233e-01 4.07811962e-02 5.86460391e-03
  1.09153416e-06 9.57989097e-02 5.48390688e-07 1.38581574e+00
  8.76372814e-01 8.38940680e-01 3.04748028e-05 1.64260782e-04
  1.84902316e-03 3.05194926e+00 4.30962257e-02 3.27964989e-03
  2.05820675e-06 4.03716974e-02 9.97492820e-02 3.57495423e-07
  4.22825031e-02 2.15345272e-03 1.16548990e-03 2.82575876e-01
  1.16806128e-03 3.18522714e-02 1.02089683e-03 5.87451225e-03
  3.22359055e-01 1.22234626e-02 1.70197487e-01 4.42997058e-04
  1.05698621e+00 3.81842516e-02 1.67486930e+00 3.89502593e-03
  8.09309946e-04 4.82477807e-03 2.12327957e+00 1.67110164e-04
  9.28593874e-01 7.93304741e-01]
 [1.00451494e-02 3.89228433e-01 2.01083884e-01 1.01930223e-01
  8.41203094e-01 3.77992610e-03 7.55991876e-01 1.80782944e-01
  4.34375256e-01 1.13016963e+00 2.68446714e-01 3.45356196e-01
  4.50985916e-02 1.11369681e+00 1.23500805e-02 1.22550523e+00
  7.80417502e-01 1.22204065e+00 2.16556728e-01 3.29262242e-02
  3.36865246e-01 2.33715642e-02 3.21924448e+00 4.96310629e-02
  3.12622845e-01 2.51854688e-01 2.84358919e-01 1.78958979e-02
  6.57127321e-01 2.51441938e-03 1.86674390e-02 8.12684953e-01
  1.22418944e-02 8.97515535e-01 5.68419218e-01 4.71519619e-01
  1.03308177e+00 1.67616084e-01 1.04856825e+00 2.77807534e-01
  6.97969437e-01 5.13712950e-02 4.36507523e-01 2.00729921e-01
  9.04521625e-03 8.43854900e-03 1.11793339e+00 7.94446021e-02
  3.94728500e-03 2.40341261e-01]
 [2.14078045e-03 8.64380777e-01 2.34715119e-01 3.01032630e-03
  1.19681561e+00 5.11373281e-01 5.65669715e-01 4.55853969e-01
  4.16918993e-01 8.63376856e-01 3.40954274e-01 3.16763282e-01
  3.03974207e-02 1.23701826e-01 2.90495306e-02 1.17853987e+00
  7.48043239e-01 1.22832692e+00 4.63517815e-01 3.67186368e-01
  7.03783751e-01 1.50852108e+00 1.02434354e-02 2.36918783e+00
  9.56632644e-02 5.17786026e-01 8.22662652e-01 1.04364477e-01
  1.00469923e+00 5.87767541e-01 4.33348596e-01 2.66003162e-01
  4.66751605e-02 3.21905792e-01 6.93575919e-01 1.19289473e-01
  7.56001174e-01 6.09142840e-01 2.60755360e-01 4.94699478e-01
  6.33347034e-01 1.04959570e-01 6.38109982e-01 2.40831509e-01
  4.90357280e-01 1.28098637e-01 1.02363753e+00 8.84773731e-01
  1.23796892e+00 4.95887369e-01]
 [5.08408179e-04 4.08222513e-06 5.98751493e-02 9.78925673e-05
  3.36093009e-01 1.04836501e-04 4.62867707e-01 2.48568535e-01
  7.42031436e-04 4.17939335e-01 5.85916974e-02 2.90083932e-04
  9.38868595e-07 5.67145467e-01 2.63713620e-04 1.35188639e+00
  1.53018951e-01 1.31304419e+00 1.22410685e-01 3.00208014e-03
  2.19353233e-02 9.29920316e-01 2.86076125e-02 3.80260288e-03
  3.25387335e+00 4.83738370e-02 8.99941325e-01 8.43443195e-06
  1.06938958e+00 7.46367546e-03 1.75563358e-02 6.57406673e-02
  1.90571742e-03 6.00385174e-05 2.46702675e-02 3.46809477e-02
  9.86068845e-01 5.63419089e-05 1.56971272e-02 3.16869147e-04
  1.25236022e+00 1.70746241e-02 1.98504293e+00 2.04760744e-03
  1.85410440e-01 7.07931642e-04 2.04783273e+00 1.60710164e-03
  6.12163603e-01 7.60628343e-01]
 [7.20278174e-02 3.77047628e-01 7.36020156e-04 1.24116603e-03
  1.35931695e+00 1.97207183e-03 9.38556716e-02 1.39636606e-01
  1.96421981e-01 2.56603122e-01 1.07423753e-01 5.77387545e-05
  3.08577958e-02 5.10227859e-01 1.93128157e-02 1.48377621e+00
  8.93998027e-01 1.10234070e+00 1.48641795e-03 5.39206143e-04
  5.59435878e-03 1.52668953e-01 9.05345194e-03 9.67241285e-05
  3.06995157e-02 2.32492471e+00 1.00848484e+00 2.00493652e-02
  7.86173820e-01 7.56036397e-03 7.40442351e-02 3.90828937e-01
  4.97680507e-04 4.83491302e-01 2.20478311e-01 2.63016015e-01
  1.28117904e-01 8.83568544e-04 5.65761060e-04 2.81275628e-04
  4.18150544e-01 9.44824070e-02 1.53495491e+00 1.50819346e-01
  7.99386034e-05 1.51303019e-02 2.02853012e+00 1.86304599e-01
  2.80527651e-01 6.50148392e-01]
 [4.04662169e-05 1.69007078e-01 2.57616863e-02 1.01789228e-04
  1.50591278e+00 1.99352623e-09 1.05136359e+00 7.54078384e-03
  1.15585588e-02 2.52778411e-01 9.13110375e-02 2.71038921e-03
  2.34312829e-04 4.81383473e-01 1.59188616e-03 2.88810277e+00
  3.90882969e-01 1.27471566e+00 4.62579010e-05 9.17913567e-05
  3.60877649e-03 1.89772397e-01 8.33764747e-02 3.15095647e-04
  4.56913002e-03 4.13337909e-02 5.17505586e-01 6.31963927e-03
  5.38172126e-01 2.53662087e-08 1.42788034e-04 9.59054470e-01
  3.37698817e-04 7.41810873e-02 1.47931967e-02 2.91336324e-08
  2.00938031e-01 8.95910412e-02 3.98282856e-02 4.83642390e-04
  9.43620086e-01 8.41709692e-03 5.54316342e-01 2.13146675e-02
  1.22111851e-06 1.03010505e-03 9.68845844e-01 3.28524015e-03
  1.79743528e+00 6.80850327e-01]
 [9.95762169e-01 4.27046627e-01 3.66885722e-01 3.69684041e-01
  7.00093955e-02 5.24328183e-03 9.83310342e-01 1.58565611e-01
  8.36026520e-02 1.23872185e+00 1.41398430e-01 1.02578394e-01
  6.56508282e-03 1.33152270e+00 2.15879083e-01 1.30649781e+00
  9.07208323e-01 1.85315486e-03 1.23017550e+00 5.43729253e-02
  7.98376083e-01 3.14257884e+00 6.52544061e-03 1.70166552e-01
  1.50763631e+00 8.69013071e-01 7.81376660e-01 2.43748140e+00
  9.67783630e-01 1.93451330e-01 5.76027095e-01 9.39674079e-01
  4.63108122e-02 1.03525198e+00 8.44371080e-01 5.64951718e-01
  9.24336761e-02 3.91481608e-01 1.13821435e+00 5.49939692e-01
  1.99866090e-02 1.68181896e-01 5.91316372e-02 1.08423078e+00
  2.04233766e-01 6.49581492e-01 1.52871442e+00 9.30367291e-01
  8.04131567e-01 3.38925107e-04]
 [2.59039402e-02 8.52988958e-02 3.19714134e-04 1.87889603e-03
  1.47967279e+00 8.86288821e-04 2.16560915e-01 1.94668479e-03
  6.42356202e-02 4.56247367e-02 1.68710470e-01 9.27634013e-04
  7.93232769e-03 1.61275789e-01 3.36526427e-03 2.89336729e+00
  4.00285184e-01 1.96471244e-01 2.69082561e-02 1.82060115e-02
  1.54160587e-02 3.32019240e-01 8.65521003e-03 7.50817591e-04
  5.03678853e-03 6.18752046e-03 2.61075888e-02 1.09769190e-02
  1.29727693e-03 1.58784706e-02 1.09555097e-02 3.67883563e-01
  2.15042308e-02 3.56011442e-05 5.30717298e-02 9.35148634e-03
  3.49350005e-01 7.25032529e-03 1.22363260e-03 1.58755872e-02
  2.63951749e-01 3.28112915e-02 4.41945940e-01 1.85285628e-01
  1.48884044e-03 1.10813021e-03 8.57121885e-01 1.22637820e+00
  1.30045271e+00 1.00692725e+00]
 [4.78239954e-01 1.10474908e+00 1.24479234e+00 5.26425838e-01
  8.44715536e-02 3.48048687e-01 1.89222383e+00 4.72502351e-01
  2.10234463e-01 3.37256479e+00 1.06970072e+00 3.69641304e-01
  4.33249660e-02 1.39565682e+00 7.13206112e-01 5.61821699e-01
  1.36815175e-01 1.27363965e-01 8.28103423e-01 3.18591177e-01
  7.53083587e-01 2.75234318e+00 5.16110705e-03 2.44910240e-01
  1.69948912e+00 2.00024232e-01 9.68492806e-01 2.41953269e-01
  1.76901329e+00 1.47800100e+00 3.12191278e-01 1.46629977e+00
  6.65067211e-02 9.09827471e-01 9.15947020e-01 1.83621898e-01
  1.38600126e-05 8.14464271e-01 1.37640667e+00 1.10348708e-04
  9.41919088e-02 2.66627580e-01 1.11838225e-02 1.36176026e+00
  2.95086980e-01 1.31483853e-01 1.99421898e-01 1.37206340e+00
  2.35516846e-01 9.88692462e-01]
 [2.54307121e-01 8.09176326e-01 9.69258994e-02 3.46218348e-01
  4.24046535e-03 6.07523546e-02 1.69358158e+00 4.47897255e-01
  5.79841197e-01 3.58279276e+00 4.60736960e-01 5.66200018e-01
  2.66177077e-02 1.67335558e+00 2.44173184e-02 5.98548710e-01
  6.39966249e-01 8.02383304e-01 3.69149670e-02 7.45168596e-04
  1.46540567e-01 2.70907211e+00 8.90234336e-02 1.92901737e-03
  1.03450187e-01 2.14843661e-01 3.37265551e-01 8.83009508e-02
  8.07793915e-01 2.37245229e-04 2.03362989e+00 1.34106970e+00
  2.55125593e-02 1.85845673e+00 5.93858838e-01 9.61881950e-02
  1.99979872e-01 7.13267565e-01 1.63184464e+00 3.96267653e-01
  1.73109576e-01 1.34707876e-02 1.31374300e-01 2.47224063e-01
  1.44580483e-01 1.15352897e-02 9.05872524e-01 8.20194483e-01
  5.09259462e-01 8.56718123e-01]
 [4.98225773e-03 1.17400564e-01 9.91531997e-04 1.92771328e-03
  1.19957387e+00 1.39157409e-02 3.79830807e-01 2.44257448e-04
  5.51828556e-03 3.25552635e-02 6.46471828e-02 3.03038541e-04
  1.45316916e-03 3.56617779e-01 2.97994091e-04 1.48501515e+00
  4.02641416e-01 3.77528131e-01 1.70113612e-03 1.51518434e-02
  2.17837095e-02 3.34882177e-03 1.02109089e-03 1.06052635e-02
  3.40100471e-03 2.94059794e-03 7.46825159e-01 4.53686167e-04
  6.66908503e-01 2.86190361e-02 2.37877876e-03 1.00407302e+00
  2.03153342e-02 6.59291074e-03 3.66583467e-03 1.81592442e-02
  1.84209034e-01 1.27433622e-02 4.84368391e-02 3.17628292e-04
  8.36793482e-01 3.52623872e-02 9.45523977e-01 5.58622705e-04
  2.24313271e-06 5.11129424e-02 1.75120330e+00 2.79320830e-06
  6.84435248e-01 1.28644013e+00]
 [1.50848949e+00 9.82436597e-01 2.16760918e-01 2.27050427e-02
  7.30704129e-01 4.04583156e-01 1.64627898e+00 6.50822282e-01
  8.94850671e-01 9.00931060e-01 2.85660893e-01 6.88830733e-01
  2.17931956e-01 2.14506888e+00 1.18189383e+00 6.53907657e-02
  3.34555328e-01 3.72396111e-01 1.29252064e+00 1.09913305e-03
  6.16698444e-01 1.29533887e-01 4.37731117e-01 1.67001411e-01
  1.40822176e-02 4.67700452e-01 1.17291498e+00 2.21336111e-01
  1.67441666e+00 3.27769071e-01 8.65495324e-01 1.14889681e+00
  3.56630301e+00 2.30505085e+00 9.57072020e-01 4.17983115e-01
  4.33817685e-01 1.64266932e+00 1.01172578e+00 1.20799109e-01
  2.89586186e-01 2.58143172e-02 2.18087554e-01 7.23759085e-02
  3.02590430e-01 2.04721391e-01 7.16359198e-01 4.74253146e-04
  8.59731138e-01 6.41006827e-02]
 [1.76986156e-03 6.52188286e-02 4.26781103e-02 6.36695232e-03
  8.77838254e-01 2.27460265e-03 5.46114752e-04 1.03183771e-02
  1.80404459e-04 2.22274698e-02 8.03570524e-02 4.64960374e-03
  9.18594014e-04 1.83397591e-01 3.58646247e-03 1.66580546e+00
  8.65738809e-01 9.03126240e-01 6.73198560e-03 1.59899388e-02
  8.35331739e-04 1.31968379e-01 4.55242880e-02 8.70587584e-03
  2.81610733e-06 4.23356630e-02 3.08587819e-01 1.29169109e-06
  6.53863668e-01 9.48424544e-03 4.26549986e-02 3.33575636e-01
  1.66317855e-03 2.24313951e+00 7.63076637e-03 4.37885933e-02
  4.04243469e-01 1.63350313e-04 9.04453397e-02 3.98876704e-03
  7.20672309e-01 2.69679744e-02 1.81424975e+00 2.83437606e-04
  1.15042612e-05 6.16254983e-03 1.82522368e+00 9.42344964e-02
  4.45630848e-01 1.29621482e+00]
 [2.32329369e-01 1.07888170e-01 1.17125583e+00 1.20244676e-08
  5.77752255e-02 1.90199807e-03 2.72834562e-02 1.74381974e-04
  1.14718517e-02 6.43767708e-04 3.09375584e-01 1.26619078e-03
  1.33244306e-04 5.58819175e-01 4.35384773e-02 3.97551320e-02
  9.05600667e-01 3.47893298e-01 3.26448958e-03 1.57652125e-02
  2.33856008e-06 1.36639249e+00 5.62085258e-03 3.39196576e-03
  2.41338206e-03 4.47013881e-04 3.36502790e-01 2.99326889e-02
  3.62040621e-04 3.17136786e-04 1.18309204e-02 6.10745847e-01
  1.15572620e-04 9.66417789e-02 2.92777085e+00 1.27251114e-04
  4.82167780e-01 6.42978694e-06 1.06759119e+00 1.28815137e-02
  1.74377244e-02 7.66461939e-02 1.46836996e+00 1.80096533e-02
  3.77166867e-02 1.25889499e-02 8.70610416e-01 2.33795539e-01
  1.05915344e+00 1.62637043e+00]
 [5.53088665e-01 1.20841122e+00 4.09343660e-01 1.15840230e-03
  2.97437072e-01 5.23292646e-02 3.84188247e+00 1.50126174e-01
  1.36153817e-01 9.45442975e-01 9.80634212e-01 4.44557875e-01
  9.73634422e-04 9.06648755e-01 1.00785550e-02 1.61403203e+00
  3.73804003e-01 6.63421452e-01 3.39461297e-01 2.43495638e-03
  1.26112886e-02 1.70565152e+00 4.34208252e-02 8.06862430e-04
  1.88607387e-02 9.65766087e-02 1.50894892e+00 5.16243428e-02
  1.97669697e+00 1.62118629e-01 2.63337404e-01 1.91427577e+00
  7.61815235e-02 2.64620125e-01 1.71849012e-01 1.86913228e+00
  5.19232333e-01 8.57162833e-01 1.33389521e+00 3.96055996e-01
  1.46368429e-01 1.14795685e-01 7.09366724e-02 3.43875825e-01
  5.90761453e-02 5.05750591e-04 6.63887441e-01 6.68282092e-01
  1.67011261e+00 6.73778713e-01]
 [4.84072764e-08 1.85180239e-11 4.28027356e-08 1.76777508e-08
  2.64870453e+00 1.44263558e-05 1.39981449e+00 6.85169420e-04
  7.19736661e-08 1.77546039e-01 3.35496292e-02 3.06408656e-05
  2.78196808e-07 1.80239484e-01 1.42616003e-07 2.14723492e+00
  1.87707412e+00 4.73459750e-01 4.41924611e-04 3.91336062e-06
  1.45006679e-05 2.14438722e-01 3.86931971e-02 2.09116121e-03
  6.69598705e-07 2.17542844e-03 1.76297992e-01 6.68325811e-05
  1.56727016e+00 2.20022794e-05 7.10777481e-09 2.48746812e-01
  1.94677577e-05 9.86302737e-04 2.63902039e-04 2.43016961e-03
  2.91082948e-01 9.87270978e-05 2.01641092e-06 3.53024334e-05
  7.49842048e-01 1.54823763e-02 1.47453332e+00 5.12084477e-02
  4.38310401e-08 5.45504363e-03 2.78266519e-02 5.72662413e-01
  1.40005255e+00 4.68162745e-01]
 [4.88221878e-04 1.65651381e-01 4.32448052e-02 5.73180197e-03
  1.05129683e+00 6.24711858e-03 3.46673936e-01 1.02694193e-03
  5.46817807e-03 1.71441774e-04 5.36838472e-02 8.43747631e-02
  3.85654601e-03 6.85053766e-02 3.44709354e-03 1.63012028e+00
  7.40135968e-01 7.66620636e-01 2.44139053e-04 3.15168222e-06
  4.32898942e-03 7.95834839e-01 5.59699759e-02 9.02250817e-04
  1.57742819e-03 9.50282346e-03 5.11938393e-01 2.55863136e-03
  1.29389465e-02 4.79499018e-03 3.89843364e-03 4.60122615e-01
  2.35634114e-04 3.05462442e-02 2.05876529e-01 1.18868612e-03
  3.84888470e-01 2.39511299e+00 9.19682682e-02 3.13044386e-03
  6.67227745e-01 1.04492426e-01 1.12652802e+00 5.41729219e-02
  1.25479531e-02 1.25027392e-02 1.57237208e+00 9.15772378e-01
  6.05652988e-01 9.09293830e-01]
 [4.04654111e-06 5.28842509e-02 4.06400068e-03 3.38968930e-05
  9.98658895e-01 2.20573565e-06 6.83162455e-03 2.41561402e-08
  2.88783231e-05 4.94411401e-03 7.14509860e-02 2.82697603e-02
  1.39828971e-05 3.90645023e-03 3.72860850e-05 1.30795240e+00
  1.25457895e+00 9.56831217e-01 9.87321187e-07 1.39651627e-06
  7.38392529e-08 5.37676737e-02 6.32939637e-02 6.45420587e-05
  6.14614110e-04 7.89564801e-04 4.07209069e-01 2.30990187e-03
  2.72632748e-01 2.40820077e-06 3.35797736e-08 1.53666839e-01
  9.86573170e-04 9.96426563e-04 2.08325902e-04 1.01822158e-02
  5.65264165e-01 1.63740424e-07 1.66057897e+00 6.36991463e-05
  9.12415147e-01 3.08340434e-02 2.15141129e+00 5.97745413e-03
  4.87659477e-08 6.07520168e-09 1.82417226e+00 1.96299765e-11
  1.10765743e+00 5.47606647e-01]
 [6.22465372e-01 7.91538581e-02 1.07261024e-01 4.30847853e-02
  7.78807282e-01 1.17827952e-01 8.37775528e-01 1.09572798e-01
  2.32092202e-01 1.71571159e+00 7.19320774e-02 4.25790608e-01
  1.51166441e-02 7.80769408e-01 1.96167100e-08 1.21458244e+00
  7.33227432e-02 4.25330371e-01 7.88564861e-01 4.70276952e-01
  4.03613376e-04 3.15780759e+00 5.55382110e-03 1.53016848e-02
  1.07130957e+00 8.33933413e-01 8.99820805e-01 8.72199088e-02
  1.14392865e+00 5.13870977e-02 7.38278806e-01 6.54290199e-01
  8.15938320e-03 1.05332220e+00 5.14440536e-01 5.50292723e-04
  1.02600098e+00 8.88132118e-03 1.42883754e+00 1.63525534e+00
  7.33452886e-02 1.80572480e-01 2.07426280e-01 4.74860631e-02
  1.13451540e+00 2.11836278e-01 4.51384932e-01 9.11617875e-01
  8.68796527e-01 8.77509832e-01]
 [6.06385479e-03 2.05625489e-01 1.24754652e-01 2.82035163e-03
  6.15947068e-01 1.47870505e-05 6.12674236e-01 8.89376253e-02
  8.64027962e-02 6.92205071e-01 7.36843944e-02 6.27188501e-06
  1.44740818e-02 3.96650106e-01 6.50862756e-04 1.79925334e+00
  1.04387605e+00 6.02891147e-01 8.14489729e-04 1.37533766e-06
  1.83396278e-05 3.94751698e-01 7.45657012e-02 1.54496272e-04
  1.88574265e-03 5.47190502e-05 2.09215093e+00 1.67596657e-02
  3.30098057e+00 2.00556568e-03 3.94422659e-06 1.96295813e-01
  1.19777024e-02 9.15374905e-02 3.46306711e-02 8.01083297e-02
  9.17237159e-03 2.73827231e-03 4.13683951e-02 1.38369529e-03
  3.26890826e-01 7.23535269e-02 1.11165893e+00 6.01617666e-03
  2.71245790e-05 1.13309063e-02 4.66753962e-03 4.20721680e-01
  1.55241513e+00 7.99488485e-01]
 [3.76489997e-01 9.71897244e-01 3.05645764e-02 1.93958655e-02
  4.50507641e-01 1.78147331e-01 2.82878637e+00 6.29858494e-01
  7.09552109e-01 5.55993378e-01 1.13995540e+00 5.07685602e-01
  1.84264109e-02 1.53330183e+00 2.06486378e-02 2.11125779e+00
  1.56295076e-01 7.26145744e-01 9.22354346e-04 2.14362383e-01
  5.28455973e-02 3.79366577e-02 1.25766382e-01 1.12746388e-03
  1.45469928e+00 5.52786589e-01 6.86267436e-01 1.45711005e-01
  2.19232082e+00 6.46245256e-02 3.32773238e-01 1.63017356e+00
  3.56602609e-01 1.06322551e+00 3.70176378e-09 9.13571939e-03
  1.11851299e+00 1.48742199e+00 1.35943532e+00 2.78888553e-01
  1.16274878e-02 3.44270682e+00 7.71574229e-02 6.00959733e-02
  4.39586863e-03 4.55904603e-01 1.19585884e+00 3.82895283e-02
  6.65033877e-01 9.62185502e-01]
 [2.91241697e-09 4.46224469e-04 1.35649010e-04 4.22887940e-12
  2.90495324e+00 4.86741550e-11 1.87932193e-01 4.34350409e-03
  1.59728038e-03 1.22748097e-05 2.46978886e-02 3.20144440e-03
  1.74685366e-09 8.94263387e-02 2.36313125e-09 7.93798745e-01
  1.66134071e+00 1.62412196e-01 1.21109607e-15 1.13051009e-08
  8.31118230e-11 3.88880819e-01 4.31738719e-02 6.16409816e-04
  3.25321187e-10 1.19860563e-02 8.61160159e-01 9.90115313e-06
  1.83241403e+00 1.74296947e-05 2.20147101e-09 2.59084880e-01
  1.89706807e-05 1.96722988e-02 8.36828898e-04 1.61703974e-06
  5.35419583e-01 2.01975818e-05 5.92356138e-02 3.14346631e-03
  1.15891111e+00 2.63089663e-03 4.85392183e-01 3.48034046e-05
  6.19972052e-05 1.85184268e-04 3.26455027e-01 1.01876009e+00
  2.63536835e+00 4.58792090e-01]
 [8.06786120e-03 5.43440618e-02 1.90958716e-02 6.21677784e-04
  8.97127748e-01 5.05476200e-04 2.16070622e-01 5.01566648e-01
  3.44053160e-06 1.67415403e-02 1.68753415e-01 3.10758478e-05
  2.73049955e-04 7.61231482e-01 4.13871966e-02 8.72517288e-01
  1.23107028e+00 8.07969213e-01 8.88641807e-05 5.99451130e-03
  9.37192366e-02 2.06776857e-01 2.33192116e-01 9.84905986e-04
  3.71901952e-02 4.64643776e-01 1.85584581e+00 5.52007705e-02
  1.94103730e+00 4.23603546e-04 2.06867047e-03 1.08384979e+00
  3.28997001e-02 4.55662645e-02 1.61594106e-03 1.87898724e-04
  7.74030983e-01 2.88432121e-01 9.20089369e-04 1.18963206e-02
  1.21972811e+00 4.90417480e-02 8.07671666e-01 3.04056954e+00
  2.86711642e-04 1.17313712e-05 7.02418447e-01 2.26380035e-01
  5.13526440e-01 1.27790216e-02]
 [1.13601339e+00 4.82212335e-01 4.19860989e-01 8.06530938e-02
  6.49998665e-01 2.88916647e-01 2.02128553e+00 5.77861011e-01
  5.31253219e-02 2.37679815e+00 1.77875161e-02 2.19318103e-02
  9.53350868e-03 1.13642740e+00 3.79316568e-01 3.81804913e-01
  7.36171842e-01 3.70401025e-01 7.72342801e-01 5.97632289e-01
  7.82050490e-01 3.76221228e+00 3.72898835e-03 6.07561274e-03
  8.54390264e-01 3.68369251e-01 8.80056918e-02 9.34912190e-02
  7.45972276e-01 1.57048285e-03 3.40757400e-01 8.34449410e-01
  3.27047594e-02 1.63954425e+00 9.51765757e-03 3.23118716e-01
  2.44177043e-01 1.27204633e+00 1.57462561e+00 4.03017223e-01
  8.31802562e-03 3.92799862e-02 7.06222236e-01 8.10596824e-01
  4.96846318e-01 2.17561156e-01 1.15877330e+00 1.44176388e+00
  1.09390628e+00 9.61817980e-01]
 [5.93520189e-03 8.67788017e-01 2.24718496e-01 2.83150792e-01
  2.85119563e-01 2.92734359e-04 1.20717847e+00 3.41185004e-01
  1.14334311e-04 7.43640125e-01 3.12452823e-01 1.28619775e-01
  1.92484036e-02 2.42004171e-01 7.71225393e-02 1.44959211e+00
  4.00984108e-01 3.89735401e-01 4.44193184e-03 5.87073481e-03
  4.34525877e-01 2.70799088e+00 1.82460733e-02 1.80655178e-02
  1.18777645e-03 3.78286302e-01 1.91458255e-01 1.17677664e-02
  9.00539696e-01 7.23513588e-02 3.44601899e-01 4.81923461e-01
  3.46074477e-02 8.41806412e-01 1.09608588e-03 2.61815280e-01
  4.71273094e-01 1.32051900e-01 1.10680115e+00 3.19257945e-01
  1.62784150e-03 1.51056424e-01 1.03330469e+00 6.05175458e-03
  4.57271338e-02 1.98458350e+00 1.48924077e+00 9.40322876e-01
  1.22347617e+00 4.07660790e-02]
 [4.01233592e-07 1.11912273e-01 3.63603570e-02 2.04125938e-09
  1.50687385e+00 1.35847142e-06 5.35709810e+00 1.80312525e-02
  1.23724295e-02 7.05228209e-01 2.73339525e-02 1.83980837e-02
  1.15356363e-06 1.05251050e+00 2.42481583e-05 8.71662617e-01
  1.96605778e+00 1.25655615e+00 1.11029753e-02 2.69709471e-06
  1.07608933e-03 6.68121994e-01 7.86253363e-02 1.64570648e-03
  9.21715200e-02 8.53379667e-02 1.69249618e+00 8.94456357e-03
  3.93626809e+00 3.47318360e-06 7.38584495e-04 9.37776625e-01
  1.07433378e-04 2.73603201e-02 1.85804583e-06 1.68125602e-08
  2.44508529e+00 6.67689368e-02 4.25627559e-01 1.03219447e-03
  1.60796277e-04 3.83611806e-02 7.59132624e-01 8.49085953e-03
  2.15136453e-07 8.55670379e-08 8.01625729e-01 5.38530827e-01
  1.28468549e+00 2.60930918e-02]
 [9.36103016e-02 4.80252244e-02 1.85884327e-01 4.16752398e-02
  3.49460579e-02 1.59462299e-02 1.11742043e+00 9.71783942e-04
  9.66301262e-02 1.65958643e+00 2.67569631e-01 5.34839462e-04
  4.26334180e-02 9.64455366e-01 3.39293517e-02 1.07564032e+00
  8.33141327e-01 5.69170296e-01 4.51254010e-01 1.86632406e-02
  1.01564325e-01 3.52081823e+00 1.05374871e-04 7.24299066e-03
  6.77281097e-02 3.03922147e-01 5.38599491e-01 2.02184096e-02
  6.10588789e-01 2.85952128e-02 4.01776247e-02 1.46320653e+00
  1.47527177e-02 1.88191399e-01 1.22085679e-04 1.69707164e-02
  4.47821945e-01 3.41171864e-03 3.28083843e-01 3.21986414e-02
  4.33898754e-02 4.41698395e-02 6.90728948e-02 1.26744819e+00
  8.77301171e-02 5.84630063e-03 1.31453276e+00 1.45739261e-02
  1.18295670e+00 1.38807833e+00]
 [3.15698646e-02 1.45479977e-01 6.99823797e-02 2.32506637e-03
  4.31001157e-01 3.04109836e-03 3.10960627e+00 4.19859514e-02
  3.64639200e-02 1.74762034e+00 2.21579581e-01 2.38976069e-02
  9.53942596e-04 6.21424913e-01 9.17072687e-03 2.93773341e+00
  7.89062619e-01 7.35029161e-01 1.00433244e-03 6.81162858e-03
  6.64869585e-05 1.31422329e+00 2.71179583e-02 1.86478011e-02
  1.57098696e-02 3.35855316e-03 5.37848413e-01 1.71278270e-06
  3.18016958e+00 7.38817407e-03 8.03976494e-04 1.98147082e+00
  4.36419528e-03 4.42476273e-01 3.05950902e-02 6.13395696e-06
  3.71235758e-01 1.05323130e-03 1.46054447e-01 1.07902642e-02
  3.00721288e-01 4.23113741e-02 1.09034113e-03 3.43353376e-02
  1.66157151e-05 3.30805406e-03 1.11006379e+00 1.21856272e+00
  2.33119763e-02 7.28975952e-01]
 [3.27595890e-01 7.69413888e-01 8.12572334e-03 2.06239134e-01
  1.77329242e+00 7.79382885e-02 1.97059190e+00 1.31041422e-01
  1.33725544e-02 7.41189718e-01 1.38318807e-01 6.35181926e-03
  1.74469743e-02 9.01727438e-01 6.75855612e-04 9.80690658e-01
  1.92024338e+00 8.33082855e-01 4.28840637e-01 3.71124446e-02
  7.82942399e-03 1.39827275e+00 6.53449586e-03 7.34322937e-03
  4.93665516e-01 4.22797024e-01 8.98178816e-01 1.06450228e-03
  1.90424860e+00 2.59877034e-02 2.25404481e-04 9.77615893e-01
  1.78151566e-03 1.99749827e-01 2.50175372e-02 1.45085946e-01
  1.49508536e+00 5.96437454e-02 1.34389317e+00 3.66118222e-01
  6.42537998e-05 3.36027592e-02 8.46399605e-01 7.04706311e-02
  1.48898959e-01 1.51016777e-02 1.18127823e+00 9.99187887e-01
  2.17091465e+00 3.75610113e-01]]
x0 : [4.56522629e-02 9.73528295e-05 2.97087461e-01 5.28896771e-06
 1.38099957e-02 3.52673226e-07 7.16552895e-04 2.37768674e-07
 8.99583683e-05 1.39304977e-02 3.01753372e-01 3.06141494e-08
 9.61266831e-02 2.41570640e-03 2.63033509e-01 6.92354457e-04
 1.16354084e+00 1.59528613e-01 1.14570614e-02 1.08212430e-03
 1.63996462e-02 2.57249718e-04 3.67469966e-01 1.50133995e-03
 6.11268222e-01 8.50216985e-01 3.04133003e-03 3.85560907e-06
 1.35618433e-01 5.10014361e-04 3.54405167e-03 1.91982599e-06
 2.32028004e-04 6.90210843e-03 5.31571746e-01 2.25155673e-04
 4.09895938e-06 1.26298741e-01 7.89344013e-02 7.63849300e-07
 1.00213915e-01 1.61375746e-01 4.92469430e-01 1.87511432e-06
 1.49862990e-01 5.90396952e-03 2.71286786e-01 9.98974065e-05
 2.85528768e-02 1.01220079e-01 1.65395468e-01 2.01860566e-05
 6.22011542e-01 4.14800905e-02 4.04135353e-05 8.35595984e-06
 2.16507092e-02 7.80110204e-05 1.34863406e-01 7.73022650e-04
 9.45233762e-01 1.69006735e-01 5.81693761e-02 1.62983395e-03
 1.25934708e+00 5.44350147e-01 4.59040672e-01 1.22705265e-03
 1.27374625e+00 6.03361368e-01 5.56554735e-01 2.37049462e-04
 6.68443090e-06 4.80544753e-02 5.85659482e-02 6.29612913e-08
 2.99757114e-04 1.13006897e-01 6.87943548e-02 3.67027314e-05
 1.43259475e-02 3.04985419e-03 4.98341203e-01 1.64507213e-03
 4.10795398e-03 5.34197867e-01 9.12761211e-01 1.37103243e-05
 1.67462334e-01 5.17857377e-04 1.65554304e-02 4.53557641e-06
 9.15841609e-02 4.24135566e-01 1.13520943e-01 1.54838222e-06
 4.75069433e-02 8.75907183e-01 2.38538906e-03 2.46748050e-06
 1.56192362e-01 3.32677690e-03 3.82723778e-01 1.28782168e-03
 8.11147153e-01 7.63339877e-01 8.14588964e-02 1.30459177e-03
 4.62944098e-02 4.51387931e-03 5.27952127e-02 9.17991656e-06
 7.51018763e-01 1.00075025e-02 6.01924434e-02 1.55800954e-03
 5.01843519e-04 2.19203621e-01 5.60433626e-01 1.21666901e-07
 1.16897011e-02 9.54084899e-05 2.07532272e-02 9.54358347e-06
 5.06501675e-01 4.44573024e-03 3.18149120e-01 1.86306206e-04
 1.85781363e-02 2.81488028e-05 7.10164371e-04 4.10935609e-05
 1.87727463e-04 5.14108777e-01 1.02746315e-01 7.11180794e-04
 8.67969245e-02 1.17216885e+00 6.74640238e-01 1.13481357e-04
 5.18884808e-02 7.93077648e-01 1.29324645e-01 2.15031628e-06
 1.17328370e+00 1.27398574e+00 3.61751020e-01 4.71832260e-04
 1.16227921e-02 4.34731871e-01 2.09611729e-01 1.91808591e-04
 1.77736639e-03 8.57770979e-01 1.06808007e+00 2.18053712e-04
 8.20316083e-04 4.23784494e-01 1.47207126e-01 9.27022597e-07
 2.67211533e+00 5.09090908e-02 3.44567024e-03 2.13137300e-05
 4.21437733e-02 1.60967469e-01 9.48972106e-02 4.25023927e-06
 1.73001564e+00 7.25890920e-02 8.04763675e-01 6.33211221e-06
 5.16862124e-02 1.47188359e-04 1.54893205e-01 1.17809563e-04
 3.42518352e-02 3.32473293e-02 1.13097250e+00 1.60968932e-03
 3.25170681e-02 2.69210488e-01 1.26566514e-01 1.86051315e-04
 1.76880026e+00 6.22516453e-01 1.48854582e-02 4.90390463e-04
 3.79915893e-01 3.94983403e-03 1.59148216e-01 1.54220150e-03
 1.29855835e+00 1.43680163e-02 3.45657587e-01 1.81095147e-05
 7.15927422e-01 8.49268198e-01 2.25025281e-01 7.61404590e-05]
nUIV_to_SIR : {'slope': array([9.529292], dtype=float32), 'threshold': array([0.11407856], dtype=float32)}
