SIMULATION PARAMATERS:
SIR : {'beta': 0.2, 'gamma': 1.998, 'x0': array([0.3, 0.5, 0.2]), 'num_hosts': 20}
nUIV : {'beta': array([1.4555765 , 0.5488527 , 0.5711579 , 1.1195517 , 2.1903915 ,
       0.75574005, 0.47788262, 1.0687897 , 1.5439225 , 3.0465708 ,
       0.88999766, 0.5908603 , 0.8603488 , 2.3340933 , 2.1962063 ,
       1.523122  , 0.7682403 , 0.4861327 , 0.93840486, 0.21018259],
      dtype=float32), 'delta': array([9.6922989e-08, 4.6657124e-03, 1.7142763e-04, 8.7681622e-07,
       6.4777513e-04, 3.0017208e-07, 1.6621263e-08, 2.4934493e-06,
       8.0323969e-07, 8.6799346e-06, 6.1680396e-07, 1.3546224e-07,
       9.6861171e-05, 7.5804360e-07, 4.5931127e-04, 6.6626635e-06,
       1.0723817e-09, 2.0526566e-05, 5.1483285e-06, 6.4167975e-06],
      dtype=float32), 'p': array([5.4370114e-03, 4.8604514e-03, 4.1718868e-05, 9.8795174e-03,
       1.8361770e-04, 5.6528068e-05, 1.9940239e-04, 5.3282965e-05,
       3.4077322e-05, 9.4604366e-07, 4.8115326e-04, 1.4871991e-03,
       1.5872009e-05, 6.9845939e-08, 1.4894103e-01, 7.6888557e-07,
       2.2605249e-05, 4.2627880e-04, 5.0781438e-07, 5.0249904e-02],
      dtype=float32), 'c': array([2.0877624e+00, 6.0561585e-01, 8.0971382e-05, 1.2341989e-02,
       1.4059261e-08, 1.9991897e-01, 1.0303537e-04, 9.7027325e-05,
       6.0433968e-06, 4.3177888e-01, 5.2420366e-01, 1.2144589e+00,
       1.7054804e-02, 6.9869745e-01, 9.2281699e-01, 3.1770442e-06,
       2.0079240e-02, 1.9104119e-01, 1.7675879e-05, 4.6486011e-01],
      dtype=float32), 't': array([[7.33597040e+00, 2.28351355e-02, 1.82525236e-02, 1.23896655e-02,
        7.03427140e-05, 4.99655260e-03, 2.99939960e-02, 6.93239679e-04,
        4.40141372e-03, 1.63365144e-03, 4.15224070e-03, 1.57745404e-03,
        1.51393712e-02, 7.07271975e-03, 1.24870352e-02, 9.79476981e-03,
        3.64716835e-02, 2.61788693e-04, 3.98297561e-04, 7.88491161e-05],
       [2.25252594e-09, 2.44673967e+00, 2.23306473e-04, 1.53621404e-05,
        5.78551088e-04, 7.42381148e-04, 2.13573767e-05, 1.19630226e-04,
        7.26675135e-05, 3.40025174e-03, 2.64211763e-02, 1.60644914e-03,
        1.47448508e-02, 7.67996684e-02, 6.83599189e-02, 3.00849415e-02,
        4.03636458e-09, 5.07738805e-05, 6.34870275e-06, 1.73436326e-03],
       [1.81254675e-03, 3.52163613e-02, 4.19907904e+00, 4.63185279e-04,
        3.63495247e-03, 9.32416320e-03, 1.85161643e-02, 7.16822548e-03,
        4.90392093e-03, 5.87449176e-03, 1.21928245e-01, 2.74726804e-02,
        3.44065134e-03, 9.07472596e-02, 4.51608896e-01, 7.93379359e-03,
        2.65152589e-03, 5.54604158e-02, 2.08872408e-01, 8.53889883e-02],
       [1.54504776e-02, 2.27445923e-02, 6.28878537e-04, 2.17596579e+00,
        1.74489059e-02, 2.61346977e-02, 8.97104945e-03, 2.20425558e-04,
        3.79928388e-05, 5.67681119e-02, 5.74536063e-02, 1.79080460e-02,
        4.19371836e-02, 3.64828086e-03, 8.07030406e-03, 8.85421003e-04,
        2.77394871e-03, 2.21706964e-02, 2.64126953e-04, 6.25903835e-04],
       [2.16150144e-03, 2.50420067e-03, 2.83081492e-04, 2.48170341e-03,
        2.27856612e+00, 9.14544519e-03, 1.01904388e-05, 3.29657560e-05,
        1.52008388e-05, 1.28070163e-02, 1.46496790e-02, 4.92724543e-03,
        9.71094519e-03, 4.58886614e-03, 2.20332640e-05, 5.41128975e-05,
        8.18095356e-03, 1.39745534e-03, 2.41836478e-05, 7.61647010e-03],
       [7.75976852e-03, 1.38666620e-02, 4.69206554e-07, 1.58803072e-02,
        3.22592147e-02, 1.72301865e+00, 1.56524405e-02, 1.28803821e-03,
        3.35593533e-04, 5.38985915e-02, 3.60233486e-02, 2.49067396e-02,
        1.27695184e-02, 1.93117776e-05, 1.98624702e-03, 1.44650840e-04,
        2.52283002e-07, 3.20358276e-02, 5.86394094e-07, 4.57546860e-03],
       [1.72128193e-02, 8.78358167e-03, 1.72688684e-04, 2.47552595e-03,
        3.61476094e-02, 3.62321944e-03, 2.41195440e+00, 2.00402713e-03,
        3.39359837e-03, 4.11402695e-02, 2.41922541e-03, 9.25402201e-05,
        3.13957171e-05, 2.85888892e-02, 3.78505822e-04, 1.35516224e-04,
        1.02988994e-02, 1.03637017e-03, 2.83935387e-03, 2.23817397e-03],
       [1.73694652e-11, 3.20212348e-05, 1.27255498e-05, 4.27959710e-02,
        3.41724399e-06, 4.56616208e-02, 6.74629846e-05, 1.96649539e+00,
        1.07468106e-01, 2.94876721e-04, 8.43900634e-05, 6.15391327e-05,
        9.78107681e-04, 1.33779004e-01, 2.71655411e-01, 3.07773822e-04,
        4.70625097e-03, 2.75335583e-06, 1.85189638e-04, 1.73107488e-03],
       [1.55157549e-03, 2.38824368e-01, 1.58887138e-04, 6.51060986e-07,
        9.44739673e-04, 5.67076631e-06, 6.36566579e-02, 6.69299811e-02,
        2.42418242e+00, 1.42441352e-03, 5.19771966e-05, 1.19887039e-01,
        2.02226895e-03, 1.50636524e-01, 1.38898445e-02, 1.95236236e-04,
        4.98360032e-06, 1.90661028e-02, 2.87189838e-02, 2.65300244e-01],
       [1.11432374e-03, 1.90580369e-03, 1.15123694e-04, 3.32716922e-03,
        1.13182580e-02, 5.08985715e-03, 7.57196592e-03, 2.11328198e-03,
        2.49336881e-04, 2.60925555e+00, 7.50711421e-04, 2.17027031e-04,
        2.93889013e-03, 1.26415873e-02, 2.51917641e-06, 5.77990386e-06,
        7.72280945e-03, 2.45213648e-03, 2.02392082e-04, 6.71860436e-03],
       [1.03000109e-03, 8.55004007e-04, 4.48891148e-03, 4.62000305e-03,
        1.54719557e-04, 6.32019388e-03, 5.27988281e-03, 1.54640395e-04,
        2.20960332e-03, 1.02933943e-02, 3.42097497e+00, 8.00413452e-03,
        1.37431105e-03, 3.25452117e-03, 2.00573565e-03, 3.40907573e-04,
        7.74661312e-05, 8.90385639e-03, 1.29769265e-03, 2.12810631e-03],
       [3.06516769e-03, 1.73988625e-01, 6.25971297e-04, 5.12700994e-03,
        1.61937121e-02, 8.11820570e-03, 7.29920715e-03, 1.46903403e-05,
        7.15290589e-05, 4.56584105e-03, 1.07626186e-03, 6.23962259e+00,
        6.55901968e-05, 2.65345955e-03, 2.16566119e-03, 3.39191203e-04,
        9.04741418e-03, 1.23363780e-02, 1.50236228e-04, 8.34211707e-03],
       [3.85493040e-04, 3.52114229e-03, 5.63191576e-03, 1.26567017e-03,
        4.63928878e-02, 6.30291598e-03, 2.55206376e-02, 2.15462060e-05,
        1.44766082e-05, 3.80584337e-02, 4.96907905e-02, 7.64668267e-03,
        2.14477396e+00, 4.79575060e-03, 1.29397784e-04, 3.09983012e-03,
        1.95048954e-02, 4.10591811e-02, 7.84158401e-05, 1.48204602e-02],
       [4.19380697e-10, 5.29247057e-03, 2.26660562e-03, 1.19356001e-02,
        1.73514371e-03, 4.44796821e-03, 1.29848719e-03, 1.26479462e-01,
        8.53551610e-04, 2.97624618e-04, 1.22127542e-02, 5.86499088e-03,
        2.42803180e-05, 2.39999056e+00, 1.28720533e-02, 3.01107153e-04,
        4.04286548e-04, 2.06090603e-03, 7.61326496e-03, 1.53969799e-03],
       [8.36398685e-05, 8.29748751e-04, 2.69977481e-05, 2.84651451e-05,
        7.86113273e-03, 3.79296439e-03, 3.85320629e-03, 9.16534942e-03,
        6.66460395e-03, 1.15751252e-02, 4.21957557e-05, 3.23175918e-04,
        4.76994272e-03, 1.81449825e-04, 2.10492539e+00, 1.76513137e-03,
        2.03940654e-04, 2.13739724e-04, 6.36988459e-03, 3.07601331e-05],
       [9.34056821e-04, 2.30761696e-04, 1.00893088e-01, 5.38644120e-02,
        5.29362005e-04, 5.85171878e-02, 4.31184517e-03, 1.94196589e-02,
        5.59446812e-01, 3.18306731e-04, 6.77466616e-02, 1.32345948e-02,
        4.13816832e-02, 2.46319652e-01, 4.14149486e-04, 4.21442223e+00,
        3.29232542e-04, 1.10234628e-02, 3.18171442e-01, 1.97411273e-02],
       [1.58431754e-03, 6.86656265e-03, 5.66258607e-03, 4.54670098e-03,
        5.58477864e-02, 3.36232260e-02, 3.77468318e-02, 1.22022815e-03,
        1.85888086e-04, 6.77345917e-02, 5.17768674e-02, 4.75451536e-03,
        3.42182815e-02, 9.32432795e-06, 7.44673525e-05, 2.89343501e-04,
        1.83208108e+00, 4.23972942e-02, 1.49863277e-04, 3.50320712e-02],
       [1.15670671e-03, 2.83817189e-05, 2.79180153e-04, 1.13058975e-02,
        2.86698584e-02, 1.74842756e-02, 1.93684362e-02, 1.40588020e-06,
        2.65457260e-04, 2.99411565e-02, 2.35768203e-02, 9.96882282e-03,
        2.98462175e-02, 6.21472765e-03, 7.37405336e-03, 8.67656945e-06,
        1.09730801e-03, 2.24894667e+00, 4.87468613e-04, 1.10316314e-02],
       [2.90472968e-03, 1.45188868e-01, 3.73146713e-01, 9.58691686e-02,
        9.71633866e-02, 1.38077638e-04, 2.76312903e-02, 4.43350655e-05,
        3.11024692e-02, 2.18417081e-05, 9.55345295e-03, 7.29793534e-02,
        4.21337056e-04, 3.31501588e-02, 2.19286289e-02, 1.75653338e-01,
        4.37104791e-05, 1.75588150e-02, 2.94152975e+00, 3.16235982e-02],
       [6.10143388e-07, 8.63032008e-04, 8.07973483e-05, 5.90048076e-05,
        9.09651476e-07, 1.32386185e-05, 1.44757796e-02, 1.26240135e-03,
        2.19980298e-04, 3.23941291e-04, 2.47328263e-02, 8.97433888e-03,
        8.54316095e-05, 7.05136955e-02, 2.32245401e-03, 1.55303846e-04,
        1.62523909e-04, 1.85959856e-04, 5.11520811e-05, 4.21453285e+00]],
      dtype=float32), 'x0': array([3.33312154e-03, 1.28299439e+00, 1.07737407e-02, 3.81698328e-06,
       4.77268500e-03, 6.34919345e-01, 5.51800244e-03, 1.12863040e+00,
       4.57052320e-01, 4.74131200e-03, 2.75461912e-01, 4.04602498e-01,
       7.58061709e-04, 1.49246916e-01, 1.90584902e-02, 9.12631454e-04,
       1.15377688e+00, 5.95343292e-01, 6.78627100e-03, 3.45009863e-01,
       5.92686594e-01, 1.32396340e-01, 5.34965575e-01, 1.94871819e+00,
       2.70796963e-03, 7.40780711e-01, 1.99070239e+00, 8.69007432e-04,
       2.24211514e-01, 3.69884856e-02, 3.33714858e-02, 1.60122252e+00,
       5.35403378e-04, 3.34892347e-02, 1.03224590e-01, 8.96897327e-05,
       1.94494519e-02, 1.29889333e+00, 4.73522276e-01, 3.59152257e-02,
       6.91373885e-01, 3.72412920e-01, 3.58988444e-04, 5.03642586e-05,
       1.56628028e-01, 8.71260092e-03, 1.43926263e+00, 1.05012333e+00,
       2.95433365e-02, 5.31048596e-01, 6.22847915e-01, 1.68393895e-01,
       9.88213897e-01, 3.49342614e-01, 6.27565756e-02, 2.35475048e-01,
       9.28209603e-01, 2.27530040e-06, 1.08077824e-01, 1.28121227e-01],
      dtype=float32), 'nUIV_to_SIR': {'weight': array([[ 0.22558483,  0.45383015,  0.0040134 ],
       [-0.20124054,  0.00571557,  0.9102012 ],
       [ 0.46960092,  1.0648837 , -0.90205634]], dtype=float32)}}
SIR MODEL PARAMETERS
beta : 0.2
gamma : 1.998
x0 : [0.3 0.5 0.2]
num_hosts : 20
NUIV MODEL PARAMETERS
beta : [1.4555765  0.5488527  0.5711579  1.1195517  2.1903915  0.75574005
 0.47788262 1.0687897  1.5439225  3.0465708  0.88999766 0.5908603
 0.8603488  2.3340933  2.1962063  1.523122   0.7682403  0.4861327
 0.93840486 0.21018259]
delta : [9.6922989e-08 4.6657124e-03 1.7142763e-04 8.7681622e-07 6.4777513e-04
 3.0017208e-07 1.6621263e-08 2.4934493e-06 8.0323969e-07 8.6799346e-06
 6.1680396e-07 1.3546224e-07 9.6861171e-05 7.5804360e-07 4.5931127e-04
 6.6626635e-06 1.0723817e-09 2.0526566e-05 5.1483285e-06 6.4167975e-06]
p : [5.4370114e-03 4.8604514e-03 4.1718868e-05 9.8795174e-03 1.8361770e-04
 5.6528068e-05 1.9940239e-04 5.3282965e-05 3.4077322e-05 9.4604366e-07
 4.8115326e-04 1.4871991e-03 1.5872009e-05 6.9845939e-08 1.4894103e-01
 7.6888557e-07 2.2605249e-05 4.2627880e-04 5.0781438e-07 5.0249904e-02]
c : [2.0877624e+00 6.0561585e-01 8.0971382e-05 1.2341989e-02 1.4059261e-08
 1.9991897e-01 1.0303537e-04 9.7027325e-05 6.0433968e-06 4.3177888e-01
 5.2420366e-01 1.2144589e+00 1.7054804e-02 6.9869745e-01 9.2281699e-01
 3.1770442e-06 2.0079240e-02 1.9104119e-01 1.7675879e-05 4.6486011e-01]
t : [[7.33597040e+00 2.28351355e-02 1.82525236e-02 1.23896655e-02
  7.03427140e-05 4.99655260e-03 2.99939960e-02 6.93239679e-04
  4.40141372e-03 1.63365144e-03 4.15224070e-03 1.57745404e-03
  1.51393712e-02 7.07271975e-03 1.24870352e-02 9.79476981e-03
  3.64716835e-02 2.61788693e-04 3.98297561e-04 7.88491161e-05]
 [2.25252594e-09 2.44673967e+00 2.23306473e-04 1.53621404e-05
  5.78551088e-04 7.42381148e-04 2.13573767e-05 1.19630226e-04
  7.26675135e-05 3.40025174e-03 2.64211763e-02 1.60644914e-03
  1.47448508e-02 7.67996684e-02 6.83599189e-02 3.00849415e-02
  4.03636458e-09 5.07738805e-05 6.34870275e-06 1.73436326e-03]
 [1.81254675e-03 3.52163613e-02 4.19907904e+00 4.63185279e-04
  3.63495247e-03 9.32416320e-03 1.85161643e-02 7.16822548e-03
  4.90392093e-03 5.87449176e-03 1.21928245e-01 2.74726804e-02
  3.44065134e-03 9.07472596e-02 4.51608896e-01 7.93379359e-03
  2.65152589e-03 5.54604158e-02 2.08872408e-01 8.53889883e-02]
 [1.54504776e-02 2.27445923e-02 6.28878537e-04 2.17596579e+00
  1.74489059e-02 2.61346977e-02 8.97104945e-03 2.20425558e-04
  3.79928388e-05 5.67681119e-02 5.74536063e-02 1.79080460e-02
  4.19371836e-02 3.64828086e-03 8.07030406e-03 8.85421003e-04
  2.77394871e-03 2.21706964e-02 2.64126953e-04 6.25903835e-04]
 [2.16150144e-03 2.50420067e-03 2.83081492e-04 2.48170341e-03
  2.27856612e+00 9.14544519e-03 1.01904388e-05 3.29657560e-05
  1.52008388e-05 1.28070163e-02 1.46496790e-02 4.92724543e-03
  9.71094519e-03 4.58886614e-03 2.20332640e-05 5.41128975e-05
  8.18095356e-03 1.39745534e-03 2.41836478e-05 7.61647010e-03]
 [7.75976852e-03 1.38666620e-02 4.69206554e-07 1.58803072e-02
  3.22592147e-02 1.72301865e+00 1.56524405e-02 1.28803821e-03
  3.35593533e-04 5.38985915e-02 3.60233486e-02 2.49067396e-02
  1.27695184e-02 1.93117776e-05 1.98624702e-03 1.44650840e-04
  2.52283002e-07 3.20358276e-02 5.86394094e-07 4.57546860e-03]
 [1.72128193e-02 8.78358167e-03 1.72688684e-04 2.47552595e-03
  3.61476094e-02 3.62321944e-03 2.41195440e+00 2.00402713e-03
  3.39359837e-03 4.11402695e-02 2.41922541e-03 9.25402201e-05
  3.13957171e-05 2.85888892e-02 3.78505822e-04 1.35516224e-04
  1.02988994e-02 1.03637017e-03 2.83935387e-03 2.23817397e-03]
 [1.73694652e-11 3.20212348e-05 1.27255498e-05 4.27959710e-02
  3.41724399e-06 4.56616208e-02 6.74629846e-05 1.96649539e+00
  1.07468106e-01 2.94876721e-04 8.43900634e-05 6.15391327e-05
  9.78107681e-04 1.33779004e-01 2.71655411e-01 3.07773822e-04
  4.70625097e-03 2.75335583e-06 1.85189638e-04 1.73107488e-03]
 [1.55157549e-03 2.38824368e-01 1.58887138e-04 6.51060986e-07
  9.44739673e-04 5.67076631e-06 6.36566579e-02 6.69299811e-02
  2.42418242e+00 1.42441352e-03 5.19771966e-05 1.19887039e-01
  2.02226895e-03 1.50636524e-01 1.38898445e-02 1.95236236e-04
  4.98360032e-06 1.90661028e-02 2.87189838e-02 2.65300244e-01]
 [1.11432374e-03 1.90580369e-03 1.15123694e-04 3.32716922e-03
  1.13182580e-02 5.08985715e-03 7.57196592e-03 2.11328198e-03
  2.49336881e-04 2.60925555e+00 7.50711421e-04 2.17027031e-04
  2.93889013e-03 1.26415873e-02 2.51917641e-06 5.77990386e-06
  7.72280945e-03 2.45213648e-03 2.02392082e-04 6.71860436e-03]
 [1.03000109e-03 8.55004007e-04 4.48891148e-03 4.62000305e-03
  1.54719557e-04 6.32019388e-03 5.27988281e-03 1.54640395e-04
  2.20960332e-03 1.02933943e-02 3.42097497e+00 8.00413452e-03
  1.37431105e-03 3.25452117e-03 2.00573565e-03 3.40907573e-04
  7.74661312e-05 8.90385639e-03 1.29769265e-03 2.12810631e-03]
 [3.06516769e-03 1.73988625e-01 6.25971297e-04 5.12700994e-03
  1.61937121e-02 8.11820570e-03 7.29920715e-03 1.46903403e-05
  7.15290589e-05 4.56584105e-03 1.07626186e-03 6.23962259e+00
  6.55901968e-05 2.65345955e-03 2.16566119e-03 3.39191203e-04
  9.04741418e-03 1.23363780e-02 1.50236228e-04 8.34211707e-03]
 [3.85493040e-04 3.52114229e-03 5.63191576e-03 1.26567017e-03
  4.63928878e-02 6.30291598e-03 2.55206376e-02 2.15462060e-05
  1.44766082e-05 3.80584337e-02 4.96907905e-02 7.64668267e-03
  2.14477396e+00 4.79575060e-03 1.29397784e-04 3.09983012e-03
  1.95048954e-02 4.10591811e-02 7.84158401e-05 1.48204602e-02]
 [4.19380697e-10 5.29247057e-03 2.26660562e-03 1.19356001e-02
  1.73514371e-03 4.44796821e-03 1.29848719e-03 1.26479462e-01
  8.53551610e-04 2.97624618e-04 1.22127542e-02 5.86499088e-03
  2.42803180e-05 2.39999056e+00 1.28720533e-02 3.01107153e-04
  4.04286548e-04 2.06090603e-03 7.61326496e-03 1.53969799e-03]
 [8.36398685e-05 8.29748751e-04 2.69977481e-05 2.84651451e-05
  7.86113273e-03 3.79296439e-03 3.85320629e-03 9.16534942e-03
  6.66460395e-03 1.15751252e-02 4.21957557e-05 3.23175918e-04
  4.76994272e-03 1.81449825e-04 2.10492539e+00 1.76513137e-03
  2.03940654e-04 2.13739724e-04 6.36988459e-03 3.07601331e-05]
 [9.34056821e-04 2.30761696e-04 1.00893088e-01 5.38644120e-02
  5.29362005e-04 5.85171878e-02 4.31184517e-03 1.94196589e-02
  5.59446812e-01 3.18306731e-04 6.77466616e-02 1.32345948e-02
  4.13816832e-02 2.46319652e-01 4.14149486e-04 4.21442223e+00
  3.29232542e-04 1.10234628e-02 3.18171442e-01 1.97411273e-02]
 [1.58431754e-03 6.86656265e-03 5.66258607e-03 4.54670098e-03
  5.58477864e-02 3.36232260e-02 3.77468318e-02 1.22022815e-03
  1.85888086e-04 6.77345917e-02 5.17768674e-02 4.75451536e-03
  3.42182815e-02 9.32432795e-06 7.44673525e-05 2.89343501e-04
  1.83208108e+00 4.23972942e-02 1.49863277e-04 3.50320712e-02]
 [1.15670671e-03 2.83817189e-05 2.79180153e-04 1.13058975e-02
  2.86698584e-02 1.74842756e-02 1.93684362e-02 1.40588020e-06
  2.65457260e-04 2.99411565e-02 2.35768203e-02 9.96882282e-03
  2.98462175e-02 6.21472765e-03 7.37405336e-03 8.67656945e-06
  1.09730801e-03 2.24894667e+00 4.87468613e-04 1.10316314e-02]
 [2.90472968e-03 1.45188868e-01 3.73146713e-01 9.58691686e-02
  9.71633866e-02 1.38077638e-04 2.76312903e-02 4.43350655e-05
  3.11024692e-02 2.18417081e-05 9.55345295e-03 7.29793534e-02
  4.21337056e-04 3.31501588e-02 2.19286289e-02 1.75653338e-01
  4.37104791e-05 1.75588150e-02 2.94152975e+00 3.16235982e-02]
 [6.10143388e-07 8.63032008e-04 8.07973483e-05 5.90048076e-05
  9.09651476e-07 1.32386185e-05 1.44757796e-02 1.26240135e-03
  2.19980298e-04 3.23941291e-04 2.47328263e-02 8.97433888e-03
  8.54316095e-05 7.05136955e-02 2.32245401e-03 1.55303846e-04
  1.62523909e-04 1.85959856e-04 5.11520811e-05 4.21453285e+00]]
x0 : [3.33312154e-03 1.28299439e+00 1.07737407e-02 3.81698328e-06
 4.77268500e-03 6.34919345e-01 5.51800244e-03 1.12863040e+00
 4.57052320e-01 4.74131200e-03 2.75461912e-01 4.04602498e-01
 7.58061709e-04 1.49246916e-01 1.90584902e-02 9.12631454e-04
 1.15377688e+00 5.95343292e-01 6.78627100e-03 3.45009863e-01
 5.92686594e-01 1.32396340e-01 5.34965575e-01 1.94871819e+00
 2.70796963e-03 7.40780711e-01 1.99070239e+00 8.69007432e-04
 2.24211514e-01 3.69884856e-02 3.33714858e-02 1.60122252e+00
 5.35403378e-04 3.34892347e-02 1.03224590e-01 8.96897327e-05
 1.94494519e-02 1.29889333e+00 4.73522276e-01 3.59152257e-02
 6.91373885e-01 3.72412920e-01 3.58988444e-04 5.03642586e-05
 1.56628028e-01 8.71260092e-03 1.43926263e+00 1.05012333e+00
 2.95433365e-02 5.31048596e-01 6.22847915e-01 1.68393895e-01
 9.88213897e-01 3.49342614e-01 6.27565756e-02 2.35475048e-01
 9.28209603e-01 2.27530040e-06 1.08077824e-01 1.28121227e-01]
nUIV_to_SIR : {'weight': array([[ 0.22558483,  0.45383015,  0.0040134 ],
       [-0.20124054,  0.00571557,  0.9102012 ],
       [ 0.46960092,  1.0648837 , -0.90205634]], dtype=float32)}
